         955
   0.0000000000000000       -5.0000000000000000        0.0000000000000000     
   0.0000000000000000       -6.0000000000000000        0.0000000000000000     
  -2.0000000000000000       -1.8000000000000000       0.89999998000000003     
  -2.0000000000000000       -1.8000000000000000       0.10000000000000001     
  0.70501988999999998       -1.4393581000000000       -1.5500000000000000     
  0.37725279000000000       -1.1352347000000000       -1.5500000000000000     
  0.15368936999999999      -0.74801152999999998       -1.5500000000000000     
   0.0000000000000000      -0.82297295000000004       -4.9318065999999998     
   0.0000000000000000       -1.2274274999999999       -4.8470015999999996     
   0.0000000000000000       -1.6234974000000000       -4.7290863999999999     
   0.0000000000000000       -2.0084772000000002       -4.5788665000000002     
   0.0000000000000000       -2.3797369000000002       -4.3973689000000000     
   0.0000000000000000       -2.7347407000000001       -4.1858325000000001     
   0.0000000000000000       -3.0710635000000002       -3.9457026000000002     
   0.0000000000000000       -3.3864079000000000       -3.6786196000000002     
   0.0000000000000000       -3.6786196000000002       -3.3864079000000000     
   0.0000000000000000       -3.9457026000000002       -3.0710635000000002     
   0.0000000000000000       -4.1858325000000001       -2.7347407000000001     
   0.0000000000000000       -4.3973689000000000       -2.3797369000000002     
   0.0000000000000000       -4.5788665000000002       -2.0084772000000002     
   0.0000000000000000       -4.7290863999999999       -1.6234974000000000     
   0.0000000000000000       -4.8470015999999996       -1.2274274999999999     
   0.0000000000000000       -4.9318065999999998      -0.82297295000000004     
   0.0000000000000000       -4.9829226000000002      -0.41289671999999999     
   0.0000000000000000       -4.9829226000000002       0.41289671999999999     
   0.0000000000000000       -4.9318065999999998       0.82297295000000004     
   0.0000000000000000       -5.9441155999999999       0.81699991000000005     
   0.0000000000000000       -5.9860125000000002       0.40945449000000000     
   0.0000000000000000       -5.9860125000000002      -0.40945449000000000     
   0.0000000000000000       -5.9441155999999999      -0.81699991000000005     
   0.0000000000000000       -5.8745045999999999       -1.2207360000000000     
   0.0000000000000000       -5.7775034999999999       -1.6187806000000000     
   0.0000000000000000       -5.6535653999999997       -2.0092775999999999     
   0.0000000000000000       -5.5032677999999997       -2.3904065999999999     
   0.0000000000000000       -5.3273115000000004       -2.7603903000000001     
   0.0000000000000000       -5.1265162999999996       -3.1175036000000000     
   0.0000000000000000       -4.9018192000000003       -3.4600818000000002     
   0.0000000000000000       -4.6542678000000004       -3.7865275999999999     
   0.0000000000000000       -4.3850160000000002       -4.0953188000000003     
   0.0000000000000000       -4.0953188000000003       -4.3850160000000002     
   0.0000000000000000       -3.7865275999999999       -4.6542678000000004     
   0.0000000000000000       -3.4600818000000002       -4.9018192000000003     
   0.0000000000000000       -3.1175036000000000       -5.1265162999999996     
   0.0000000000000000       -2.7603903000000001       -5.3273115000000004     
   0.0000000000000000       -2.3904065999999999       -5.5032677999999997     
   0.0000000000000000       -2.0092775999999999       -5.6535653999999997     
   0.0000000000000000       -1.6187806000000000       -5.7775034999999999     
   0.0000000000000000       -1.2207360000000000       -5.8745045999999999     
   0.0000000000000000      -0.81699991000000005       -5.9441155999999999     
  -2.0000000000000000       -2.5794229999999998       0.55000000999999998     
  -2.0000000000000000       -2.2500000000000000       0.22057714000000000     
  -1.3250000000000000       -1.4102885999999999       0.55000000999999998     
  -1.6102886000000001       -1.5750000000000000       0.22057714000000000     
  -2.6749999999999998       -1.4102885999999999       0.55000000999999998     
  -2.3897113999999999       -1.5750000000000000       0.22057714000000000     
  0.40233284000000002       -4.9837866000000002        0.0000000000000000     
  0.80205643000000004       -4.9352511999999997        0.0000000000000000     
  0.40505847000000000       -5.9863118999999996        0.0000000000000000     
  0.80826878999999996       -5.9453091999999996        0.0000000000000000     
  -4.9635444000000000      -0.60268341999999997        0.0000000000000000     
  -4.8989533999999999       -1.0001285000000000        0.0000000000000000     
  -4.8025903999999997       -1.3910872999999999        0.0000000000000000     
  -4.6750813000000004       -1.7730243999999999        0.0000000000000000     
  -4.5172520000000000       -2.1434628999999998        0.0000000000000000     
  -4.3301271999999997       -2.5000000000000000        0.0000000000000000     
  -4.1149192000000001       -2.8403236999999999        0.0000000000000000     
  -3.8730247000000002       -3.1622268999999998        0.0000000000000000     
  -3.6060123000000002       -3.4636219000000001        0.0000000000000000     
  -3.3156132999999999       -3.7425537000000002        0.0000000000000000     
  -3.0037112000000001       -3.9972137999999999        0.0000000000000000     
  -2.6723292000000001       -4.2259501999999998        0.0000000000000000     
  -2.3236157999999998       -4.4272799000000003        0.0000000000000000     
  -1.9598329999999999       -4.5998973999999997        0.0000000000000000     
  -1.5833398999999999       -4.7426820000000003        0.0000000000000000     
  -1.1965783000000001       -4.8547091000000000        0.0000000000000000     
 -0.80205643000000004       -4.9352511999999997        0.0000000000000000     
 -0.40233284000000002       -4.9837866000000002        0.0000000000000000     
  -5.9308100000000001      -0.90856665000000003        0.0000000000000000     
  -5.8559422000000003       -1.3068812999999999        0.0000000000000000     
  -5.7543553999999997       -1.6992331000000001        0.0000000000000000     
  -5.6265130000000001       -2.0838315000000001        0.0000000000000000     
  -5.4729976999999996       -2.4589219000000000        0.0000000000000000     
  -5.2945104000000001       -2.8227928000000002        0.0000000000000000     
  -5.0918654999999999       -3.1737839999999999        0.0000000000000000     
  -4.8659878000000001       -3.5102940000000000        0.0000000000000000     
  -4.6179075000000003       -3.8307872000000001        0.0000000000000000     
  -4.3487568000000003       -4.1338014999999997        0.0000000000000000     
  -4.0597633999999996       -4.4179539999999999        0.0000000000000000     
  -3.7522468999999998       -4.6819487000000004        0.0000000000000000     
  -3.4276092000000000       -4.9245805999999996        0.0000000000000000     
  -3.0873325000000000       -5.1447430000000001        0.0000000000000000     
  -2.7329688000000001       -5.3414307000000001        0.0000000000000000     
  -2.3661351000000002       -5.5137466999999996        0.0000000000000000     
  -1.9885054000000000       -5.6609049000000002        0.0000000000000000     
  -1.6018026000000001       -5.7822336999999999        0.0000000000000000     
  -1.2077910999999999       -5.8771795999999998        0.0000000000000000     
 -0.80826878999999996       -5.9453091999999996        0.0000000000000000     
 -0.40505847000000000       -5.9863118999999996        0.0000000000000000     
  0.87140572000000005       -1.4783504000000001       -1.1558808000000000     
  0.44407436000000000      -0.91576301999999998      -0.83263551999999996     
  0.23769583000000000      -0.80046885999999995       -1.1409830000000001     
  0.80939728000000000       -1.2150799999999999      -0.73078072000000005     
  0.51922595999999999       -1.2157650000000000       -1.1553781000000001     
  0.55644059000000001      -0.74839907999999999      -0.56913400000000003     
  0.73531610000000003      -0.61344653000000005      -0.36031427999999999     
  0.89249228999999997       -1.5014962999999999       -1.9018393000000000     
  0.29790654999999999      -0.90706158000000003       -1.9769964000000000     
  0.45722215999999999      -0.75516861999999996       -2.4146527999999998     
  0.71865438999999998       -1.1752924000000000       -2.3295314000000000     
  0.55312514000000002       -1.2716248000000001       -1.8784217000000001     
  0.80403559999999996      -0.97542684999999996       -2.5951078000000001     
  0.67886292999999998      -0.65095943000000001       -2.6847932000000001     
   0.0000000000000000       -4.7210387999999996       -3.0924627999999998     
   0.0000000000000000       -3.0607855000000002       -4.7212052000000000     
   0.0000000000000000       -5.5593076000000003      -0.94387757999999999     
   0.0000000000000000      -0.93413763999999999       -5.5877284999999999     
   0.0000000000000000       -1.2650028000000000       -5.4946073999999996     
   0.0000000000000000       -5.4620414000000004       -1.3508884000000001     
   0.0000000000000000       -3.3845117000000000       -4.4679798999999996     
   0.0000000000000000       -4.4787106999999997       -3.4387074000000002     
   0.0000000000000000       -4.9417347999999999       -2.7329897999999999     
   0.0000000000000000       -2.7729599000000000       -4.9172893000000002     
   0.0000000000000000       -5.6249037000000000      -0.52585316000000004     
   0.0000000000000000       -5.6055736999999999       0.52273654999999997     
   0.0000000000000000       -1.6790828000000000       -5.3638763000000003     
   0.0000000000000000       -5.3425292999999998       -1.7759103000000001     
   0.0000000000000000       -3.7004551999999999       -4.1387767999999996     
   0.0000000000000000       -4.0758367000000000       -3.4187628999999999     
   0.0000000000000000       -4.0431866999999997       -4.0173458999999996     
   0.0000000000000000       -4.8071603999999999       -2.3564034000000000     
   0.0000000000000000       -2.4226508000000000       -4.7971478000000003     
   0.0000000000000000       -5.2232485000000004       -2.1818547000000001     
   0.0000000000000000       -2.1315032999999999       -5.1418613999999998     
   0.0000000000000000       -5.3542947999999999      -0.22825525999999999     
   0.0000000000000000       -5.7345829000000004      -0.20095608000000001     
   0.0000000000000000       -5.6567806999999997       0.10618279000000000     
   0.0000000000000000       -2.4955821000000000       -5.1373753999999998     
   0.0000000000000000       -5.1477537000000000       -2.4792683000000002     
   0.0000000000000000       -1.7406893999999999       -4.9900289000000004     
   0.0000000000000000       -4.2404508999999999       -3.7458735000000001     
   0.0000000000000000       -3.8456562000000001       -3.7335433999999998     
   0.0000000000000000       -2.7269725999999999       -4.5578303000000000     
   0.0000000000000000       -5.0765647999999999       -1.5234694000000000     
   0.0000000000000000       -5.2715750000000003      -0.67456245000000004     
   0.0000000000000000       -4.3306971000000001       -3.0760000000000001     
   0.0000000000000000       -4.5639719999999997       -2.7287222999999998     
   0.0000000000000000       -5.2548450999999998       0.65459423999999999     
   0.0000000000000000       -5.1935171999999996       -1.0832310999999999     
   0.0000000000000000      -0.90585357000000000       -5.2014436999999996     
   0.0000000000000000       -5.3090695999999999       0.24469250000000001     
   0.0000000000000000       -3.0566087000000000       -4.3188690999999997     
   0.0000000000000000       -1.4069256000000001       -5.1043405999999996     
   0.0000000000000000       -4.9595760999999996       -1.9116020000000000     
   0.0000000000000000       -3.3198094000000000       -4.1099895999999996     
  -2.0000000000000000       -2.0848141000000000       0.69054866000000004     
  -1.5397052000000000       -2.0495207000000000       0.26796990999999998     
  -1.4945191000000000       -2.3985622000000002       0.55704123000000005     
  -1.2204794000000001       -1.9102037999999999       0.56387763999999996     
  -1.6836404000000000       -1.6173496999999999       0.72496927000000000     
  -2.2466561999999999       -1.6575930000000001       0.69054866000000004     
  -2.4462388000000002       -2.0738666000000001       0.26796990999999998     
  -2.7711104999999998       -1.9384782000000000       0.55704123000000005     
  -2.4851996999999999       -2.4199826999999998       0.56387763999999996     
  0.64596069000000000       -4.9460997999999998       0.34471801000000002     
  0.46907644999999998       -4.9247183999999997       0.72602707000000000     
  0.25361863000000001       -4.9786815999999998       0.38523400000000002     
  0.75729840999999998       -5.9038485999999999       0.75569361000000002     
  0.36941754999999998       -5.9676242000000004       0.50098907999999998     
  0.79703248000000004       -5.9340272000000001       0.38994606999999998     
  0.19390507000000001       -5.9925385000000002       0.22778174000000001     
  0.60235309999999997       -1.5659635999999999       -5.7606362999999998     
  0.75677258000000003       -5.9039035000000002      -0.75579035000000006     
  0.69286685999999997       -5.0464959000000000       -3.1706170999999999     
  0.69280529000000002       -5.7171830999999997       -1.6834012000000000     
  0.43371630000000000       -5.8560591000000004       -1.2322587000000000     
  0.41605964000000001       -5.9136062000000003      -0.92528825999999997     
  0.36546426999999998       -5.9677429000000002      -0.50247377000000004     
  0.87870687000000003       -3.1013210000000000       -5.0606007999999996     
  0.42817961999999998       -2.2909316999999998       -5.5288601000000002     
  0.36815726999999998       -4.9559717000000001       -3.3619645000000000     
  0.51084048000000004       -5.4617414000000002       -2.4307240999999999     
  0.69983702999999997       -5.2624927000000001       -2.7957825999999999     
  0.51905584000000005       -3.8102705000000001       -4.6056942999999997     
  0.43983823000000000       -5.6237935999999999       -2.0443799000000000     
  0.52905875000000002       -3.0906489000000001       -5.1154652000000000     
  0.69431770000000004       -1.1774529000000000       -5.8422194000000003     
  0.62149595999999996       -1.9258040999999999       -5.6484531999999996     
  0.77058875999999998       -5.9368410000000003      -0.40013900000000002     
  0.70206320000000000       -5.8024386999999997       -1.3560274000000001     
  0.32451155999999998       -5.7743257999999997       -1.5974527999999999     
  0.68164128000000002       -5.8642211000000000       -1.0706429000000000     
  0.34724664999999999       -5.1808410000000000       -3.0063776999999998     
  0.53309094999999995       -4.2693805999999999       -4.1818900000000001     
  0.83686662000000001       -4.6505089000000002       -3.6976239999999998     
  0.64425695000000005       -3.4667303999999999       -4.8545560999999999     
  0.74303275000000002       -4.0633210999999996       -4.3517035999999996     
  0.77533722000000005       -4.8737744999999997       -3.4125025000000000     
  0.69203228000000006       -5.5353836999999997       -2.2092122999999999     
  0.31376897999999998       -5.3593893000000001       -2.6792712000000001     
  0.33129203000000002       -1.7930310000000000       -5.7162299000000001     
  0.89397395000000002       -1.4142969000000001       -5.7619939000000002     
  0.50216298999999998       -2.7272517999999999       -5.3207078000000001     
  0.83847236999999997       -2.5060239000000002       -5.3867254000000004     
  0.73715251999999998      -0.81229298999999999       -5.8988800000000001     
  0.57626211999999999       -4.7615891000000001       -3.6048846000000001     
  0.34531384999999998       -1.3738262999999999       -5.8303823000000001     
  0.75266999000000001       -2.8482911999999998       -5.2269230000000002     
  0.29545683000000000       -4.7626472000000000       -3.6372928999999998     
  0.34610923999999998       -1.0280419999999999       -5.9011301999999999     
  0.31852478000000001       -4.0828823999999999       -4.3850441000000000     
  0.47391074999999999       -4.5632605999999996       -3.8667896000000002     
  0.24695030000000001       -2.9426850999999998       -5.2229896000000000     
  0.27837265000000000       -3.5781087999999999       -4.8082894999999999     
  0.38193980000000000      -0.68421774999999996       -5.9486108000000000     
  0.23795572000000001       -2.6333833000000002       -5.3859696000000001     
  0.28275942999999998       -3.2884536000000000       -5.0106010000000003     
  0.19291410000000001       -5.9925560999999998      -0.22815395999999999     
  0.59588247999999999       -4.9484396000000004      -0.39732941999999999     
  0.77444667000000000       -4.4034519000000003       -2.2382678999999999     
  0.73672241000000005       -4.5924925999999999       -1.8347350000000000     
  0.71946608999999995       -4.7060018000000001       -1.5283697999999999     
  0.67155474000000004       -1.1926926000000000       -4.8090019000000002     
  0.53191036000000003       -4.8123965000000002       -1.2481624000000000     
  0.48733958999999999       -4.8998774999999997      -0.86815894000000005     
  0.64691531999999996       -3.2395418000000000       -3.7532480000000001     
  0.69792896999999998       -2.6340667999999998       -4.1922053999999997     
  0.35842019000000003       -1.8003312000000000       -4.6508431000000003     
  0.36719126000000002       -4.3082414000000000       -2.5108218000000000     
  0.34954804000000000       -3.8145110999999998       -3.2136152000000000     
  0.83506298000000001       -4.1852717000000004       -2.6050279000000001     
  0.37659957999999999       -4.5252651999999998       -2.0928805000000001     
  0.39481863000000000       -1.3705478000000000       -4.7922558999999998     
  0.33330905000000000       -4.7356581999999996       -1.5692184000000000     
  0.27186692000000001       -4.8661570999999997       -1.1165137999999999     
  0.84230404999999997       -4.7924408999999999       -1.1502323000000001     
  0.40599951000000001       -3.5200347999999999       -3.5276790000000000     
  0.85390394999999997       -3.5140346999999998       -3.4528842000000002     
  0.69000631999999995       -2.9579613000000000       -3.9716944999999999     
  0.43972823000000000       -4.0632381000000004       -2.8804052000000002     
  0.36133232999999998       -2.1874517999999998       -4.4815725999999998     
  0.35181707000000001       -3.1684771000000000       -3.8518797999999999     
  0.35617030000000000       -2.8583387999999998       -4.0869355000000001     
  0.79158877999999999       -1.5588104000000000       -4.6843886000000001     
  0.76365351999999997       -3.8309275999999999       -3.1210296000000000     
  0.37400079000000003       -1.0091550000000000       -4.8827990999999997     
  0.69290304000000003       -2.3204155000000002       -4.3744205999999997     
  0.71528006000000000       -1.9811014000000000       -4.5347118000000002     
  0.59515744000000004       -3.6800337000000001       -3.3321375999999998     
  0.79318648999999997       -4.0148529999999996       -2.8725963000000001     
  0.35640544000000002       -2.5386902999999998       -4.2927875999999996     
  0.33547068000000002      -0.72822880999999995       -4.9352955999999999     
  0.73989545999999995      -0.73273074999999999       -4.8903641999999996     
  0.24505314000000000       -4.9860572999999997      -0.28139048999999999     
  0.26628523999999998       -4.9617114000000004      -0.55723434999999999     
 -0.84167360999999996       -4.8526387000000000       0.86225432000000002     
 -0.82267773000000000       -4.9113264000000001       0.44952437000000001     
  -4.8841824999999996      -0.81623816000000005       0.69174831999999997     
  -1.9320290000000000       -4.5568470999999997       0.70880717000000004     
  -1.5233340000000000       -4.7236104000000001       0.60577243999999997     
  -1.1212363999999999       -4.8310956999999997       0.63509238000000001     
 -0.44637290000000002       -4.9279785000000000       0.71817737999999998     
  -2.7306628000000002       -4.1395254000000001       0.63860035000000004     
  -4.8285251000000002       -1.2288591000000000       0.41863075000000000     
  -3.4411659000000001       -3.6125940999999999       0.32793537000000000     
  -2.1416067999999999       -4.5034966000000001       0.36337303999999998     
  -2.5222897999999998       -4.3051753000000001       0.32174501000000000     
  -1.1742733000000001       -4.8489180000000003       0.33026621000000000     
  -3.7496171000000000       -3.2823736999999999       0.40791553000000003     
  -4.5592999000000001       -1.9803379999999999       0.53948819999999997     
  -4.1740022000000003       -2.6991049999999999       0.54086679000000004     
  -4.2087040000000000       -2.6910202999999999       0.21264971999999999     
  -3.1517723000000002       -3.8341885000000002       0.60442530999999999     
  -4.5932212000000003       -1.9634309000000001       0.21738711999999999     
  -2.3276601000000001       -4.3742780999999997       0.66909700999999999     
  -3.4994828999999998       -3.5001883999999999       0.70873134999999998     
  -4.3323355000000001       -2.3678172000000002       0.79013336000000001     
  -3.9478447000000001       -2.9958665000000000       0.66280209999999995     
  -4.0228405000000000       -2.9536536000000000       0.30443977999999999     
  -4.3999104000000004       -2.3519464000000001       0.33035590999999997     
  -4.6870694000000004       -1.5917444000000001       0.70549905000000002     
  -4.7059283000000001       -1.6600208000000001       0.31395646999999999     
  -4.0933017999999999       -2.7345809999999999       0.87575406000000000     
  -3.7377889000000000       -3.2230601000000001       0.80051070000000002     
  -4.9180121000000003      -0.84815346999999996       0.30625373000000000     
  -2.8979092000000000       -4.0628843000000003       0.30837094999999998     
  -1.7876420000000000       -4.6579585000000003       0.32826256999999998     
  -3.1695855000000002       -3.8590168999999999       0.24842665999999999     
 -0.44713082999999998       -4.9710254999999997       0.29829833000000000     
  -1.4565018000000001       -4.7764549000000001       0.25314572000000002     
 -0.21262555999999999       -4.9923076999999996       0.17792319000000001     
 -0.79415232000000002       -5.8952947000000000       0.78410566000000004     
  -4.1841149000000000       -4.2260327000000002       0.79613363999999998     
  -2.1218202000000002       -5.5513152999999997       0.82509326999999999     
  -1.9018611000000001       -5.6516422999999998       0.66472774999999995     
  -1.5713201000000001       -5.7550968999999998       0.64016658000000004     
  -1.1913874000000000       -5.8698553999999996       0.35411236000000001     
 -0.52172494000000003       -5.9522724000000000       0.54612749999999999     
  -5.7886046999999996       -1.4511255000000001       0.62152141000000005     
  -5.9356660999999997      -0.77148521000000003       0.41554424000000001     
  -5.6059637000000002       -2.0903114999999999       0.45140728000000002     
  -3.6184935999999999       -4.7773604000000001       0.28867018000000000     
  -2.3884686999999998       -5.4845581000000001       0.46350974000000000     
  -2.9121351000000000       -5.2300882000000000       0.40699559000000002     
  -5.2306122999999998       -2.9116447000000001       0.40375543000000003     
  -1.7915466000000000       -5.7167892000000000       0.32966802000000001     
 -0.86351705000000001       -5.9202560999999996       0.45266308999999999     
  -3.1294951000000002       -5.0522017000000004       0.82554143999999996     
  -1.5100406000000000       -5.8008037000000003       0.26542869000000002     
  -1.1843655000000000       -5.8300362000000003       0.77971511999999998     
 -0.29491252000000001       -5.9851327000000003       0.30201906000000001     
  -4.8572106000000002       -3.4525362999999998       0.69821078000000003     
  -5.0908093000000001       -3.0696523000000000       0.81295543999999997     
  -5.4468097999999996       -2.4947604999999999       0.32929564000000000     
  -5.7921490999999996       -1.2823351999999999       0.89812236999999995     
  -5.8731666000000002      -0.87009435999999996       0.86536281999999998     
  -4.3893290000000000       -3.9991496000000000       0.86057733999999997     
  -5.8644280000000002       -1.1409902999999999       0.55373775999999997     
  -5.7065549000000004       -1.6377961999999999       0.86767095000000005     
  -5.8916162999999999       -1.1072013000000001       0.25091862999999998     
  -5.3282370999999999       -2.6614732999999999       0.72556918999999997     
  -5.4861259000000002       -2.3173300999999999       0.72965908000000002     
  -5.6061152999999999       -1.9834666999999999       0.79833061000000005     
  -5.7094946000000002       -1.8251002999999999       0.26585507000000003     
  -3.3387927999999998       -4.9658202999999999       0.43942218999999999     
  -4.1305370000000003       -4.3331575000000004       0.40300386999999999     
  -5.8057350999999997       -1.4809232000000001       0.31671229000000001     
  -4.7429804999999998       -3.6538889000000001       0.39144688999999999     
  -2.7885963999999999       -5.2445626000000001       0.84752267999999997     
 -0.57956487000000001       -5.9662657000000001       0.26034319000000000     
  -3.8656955000000002       -4.5761266000000003       0.33979720000000002     
  -3.6662428000000000       -4.7107906000000002       0.60589850000000001     
  -4.4317469999999997       -4.0192895000000002       0.45269382000000002     
  -3.9382918000000000       -4.4704471000000003       0.71060491000000003     
  -5.7096457000000003       -1.7567353999999999       0.56019980000000003     
 -0.23837458000000000       -5.9650784000000003       0.60084747999999999     
  -4.6310906000000003       -3.7357545000000001       0.77274739999999997     
  -2.4641218000000000       -5.4054279000000003       0.84229076000000003     
  -2.1006143000000002       -5.6075444000000001       0.37797617999999999     
  -4.9934982999999997       -3.3040609000000001       0.38490981000000002     
  -2.6292922000000001       -5.3643684000000000       0.55711365000000002     
  -2.6098511000000002       -5.3950934000000004       0.28573141000000002     
  -2.7888348000000001       -3.4115505000000002       -4.0723118999999999     
  -4.5829357999999996       -3.2504928000000000       -2.1049926000000001     
  -2.2119776999999998       -4.9067001000000001       -2.6516879000000002     
  -1.7697673000000000       -5.4003171999999999       -1.9247074000000000     
  -1.3814251000000000       -2.5507672000000001       -5.2521662999999998     
  -1.5350071999999999       -5.5965919000000000       -1.5237817000000000     
 -0.99582797000000001       -5.8181552999999999       -1.0758236999999999     
 -0.75729840999999998       -5.9038485999999999      -0.75569313999999999     
  -1.9309008999999999       -1.6114525000000000       -5.4474621000000001     
  -3.4401171000000001       -4.1376543000000003       -2.6543195000000002     
  -4.2152824000000004       -1.5513108000000000       -3.9780435999999999     
  -3.9911086999999998       -4.3532953000000001       -1.0582399000000000     
  -5.6990223000000002       -1.2759073999999999       -1.3759382000000000     
  -2.8810381999999999       -4.9062609999999998       -1.9047898999999999     
  -5.3209042999999996       -2.4381813999999999       -1.3203216000000000     
  -4.6094622999999997       -3.7297101000000001      -0.91767191999999997     
  -1.4251617000000001       -4.7358707999999998       -3.3971225999999999     
  -3.0206206000000000       -5.1270533000000000      -0.76757794999999995     
  -1.3709385000000001       -3.9928154999999999       -4.2635607999999996     
  -5.8786868999999999      -0.94021189000000005      -0.74635189999999996     
  -2.6498084000000000       -5.3045119999999999      -0.91688024999999995     
  -4.0580033999999996       -2.6815403000000000       -3.5131114000000001     
  -1.9963359000000001       -2.9758852000000000       -4.8123541000000003     
  -1.0026766000000000       -5.3271394000000001       -2.5722019999999999     
  -2.2896633000000000       -5.4878277999999998      -0.80074352000000004     
 -0.95683843000000002       -3.3158333000000000       -4.9081267999999998     
 -0.92178064999999998       -5.6243037999999999       -1.8755077000000000     
  -5.0422267999999999       -1.8236406999999999       -2.6926348000000000     
  -1.8813029999999999       -5.6574325999999999      -0.67391241000000002     
 -0.70223754999999999       -2.6397355000000000       -5.3421588000000000     
 -0.72214162000000004       -5.7193999000000000       -1.6634226000000001     
  -2.2251709000000002       -4.3728208999999998       -3.4535564999999999     
  -1.5125386999999999       -5.7686175999999998      -0.65975410000000001     
 -0.44072011000000000       -5.8559736999999998       -1.2301789999999999     
 -0.41664600000000002       -5.9135828000000004      -0.92517232999999999     
 -0.36941700999999999       -5.9676247000000000      -0.50098752999999996     
  -3.0226331000000002       -2.6053500000000001       -4.4806070000000000     
  -3.7521686999999999       -2.1900016999999998       -4.1382513000000003     
  -2.3663029999999998       -2.3244606999999999       -4.9997492000000001     
  -3.1781682999999998       -3.7562163000000002       -3.4336693000000000     
  -4.2989205999999998       -3.8664508000000000       -1.6030713000000001     
  -3.8058546000000000       -3.4189867999999999       -3.1346452000000000     
  -3.7122207000000000       -1.4674699000000000       -4.4795031999999999     
  -2.0740726000000000       -3.7514173999999998       -4.1982245000000002     
  -2.4776604000000000      -0.77397864999999999       -5.4094505000000002     
  -3.7736733000000000       -4.2639880000000003       -1.8915066000000000     
  -5.2090930999999996       -2.2560589000000002       -1.9430772000000001     
  -3.6341931999999999      -0.80144291999999995       -4.7064136999999997     
  -2.8236257999999999       -4.2457174999999996       -3.1624389000000002     
  -4.9425960000000000       -1.1835998000000001       -3.1890177999999998     
  -3.4750334999999999       -3.0347616999999998       -3.8359302999999998     
  -4.5656141999999997       -2.3227498999999998       -3.1241002000000000     
  -4.8155602999999996       -3.3000839000000002       -1.3855770000000001     
  -4.9779233999999999       -2.8616351999999998       -1.7410696999999999     
  -4.8283272000000004       -2.6006923000000000       -2.4338565000000001     
  -1.6315118000000000       -5.1416339999999998       -2.6271222000000001     
  -4.3583268999999998       -3.0158915999999998       -2.8123629000000001     
  -1.8182547000000000       -4.2089806000000003       -3.8701978000000001     
  -5.7179703999999996       -1.6943273999999999      -0.65884155000000000     
  -4.6380629999999998       -1.6718942000000001       -3.4195237000000001     
  -4.1618395000000001      -0.90238702000000004       -4.2266760000000003     
  -2.8237549999999998       -4.6340465999999996       -2.5596917000000001     
  -5.4203090999999999       -1.6003072000000000       -2.0147621999999998     
  -4.0928234999999997       -3.6918247000000002       -2.3704903000000002     
  -5.3063349999999998       -1.0561318000000000       -2.5937218999999998     
  -3.4009923999999998       -4.6947388999999999       -1.5468289000000000     
  -2.4769063000000000       -4.0391250000000003       -3.6810874999999998     
  -1.6193557999999999       -3.4077928000000002       -4.6652583999999999     
  -5.0079770000000003       -3.1151149000000000       -1.1028254000000000     
  -2.2256817999999998       -1.6159578999999999       -5.3324499000000003     
  -2.3434162000000001       -5.3061613999999997       -1.5339666999999999     
  -5.8485335999999997      -0.72007895000000000       -1.1296633000000000     
  -1.2283298000000000       -4.5376382000000000       -3.7284107000000000     
  -1.7021742000000000       -2.4731977000000001       -5.1947951000000003     
  -4.2619151999999998       -2.0882185000000000       -3.6708883999999999     
  -5.3947896999999996       -2.5383543999999998      -0.67305194999999995     
 -0.66365165000000004       -4.7730017000000000       -3.5746357000000000     
  -2.5247587999999999       -5.1320610000000002       -1.8131584999999999     
  -4.5873032000000000       -1.0390617000000000       -3.7251843999999998     
  -3.4520278000000002       -4.8436279000000004      -0.78916012999999996     
  -4.3520431999999998       -4.0209513000000001      -0.94428420000000002     
 -0.67386800000000002       -4.1417102999999997       -4.2886056999999997     
  -2.3350859000000002       -3.1057575000000002       -4.5718316999999997     
  -1.8399698000000000       -4.6442484999999998       -3.3234720000000002     
  -5.4787049000000003       -2.0528792999999999       -1.3302183000000001     
  -5.7494506999999997      -0.85749823000000003       -1.4861073000000000     
  -5.8017054000000003       -1.0380863000000000       -1.1236508999999999     
  -1.3518161000000000       -3.1721392000000002       -4.9102062999999996     
 -0.96058856999999997       -3.6150410000000002       -4.6913480999999999     
  -2.2987546999999999       -4.6973571999999999       -2.9411839999999998     
  -1.4980400000000000       -5.3525691000000002       -2.2596191999999999     
  -2.9301832000000001       -5.0917849999999998       -1.2197342000000000     
 -0.52884518999999997       -5.6131872999999999       -2.0524260999999999     
  -2.5884334999999998       -4.8948212000000000       -2.3110032000000000     
 -0.99807732999999998       -2.4639156000000000       -5.3789368000000000     
  -1.1926382000000000       -2.9226353000000000       -5.1025305000000003     
 -0.36007491000000003       -5.2673639999999997       -2.8504779000000000     
  -2.7218802000000002       -5.3184298999999999      -0.55287629000000005     
  -3.2544390999999999       -5.0278815999999997      -0.35920781000000002     
  -1.3311685000000000       -5.5442223999999998       -1.8680445000000001     
  -2.1632720999999999       -5.5836806000000001      -0.37784403999999999     
  -1.7591927999999999       -5.6013899000000000       -1.2367984999999999     
  -1.5501931000000000       -2.2015612000000000       -5.3619056000000000     
  -1.6135831000000000       -2.8419048999999998       -5.0318908999999996     
  -4.9584346000000004       -3.3628727999999999      -0.32405858999999998     
 -0.40000486000000002       -2.8900774000000000       -5.2428473999999996     
  -1.1954993000000000       -2.1385257000000002       -5.4769964000000000     
 -0.99144620000000006       -2.7274395999999999       -5.2514862999999998     
  -5.9475970000000000      -0.72197098000000004      -0.32380396000000000     
  -5.8811007000000002       -1.1177033999999999      -0.40422064000000002     
  -1.3673180000000000       -5.7421565000000001       -1.0761404999999999     
  -2.1322323999999999       -5.1673450000000001       -2.1799376000000001     
  -1.1001065999999999       -5.7101278000000004       -1.4779055000000001     
 -0.69807034999999995       -2.1976700000000000       -5.5392188999999998     
 -0.79702883999999996       -5.9340286000000004      -0.38993654000000000     
  -1.1302334000000001       -5.8488879000000003      -0.71629852000000005     
 -0.71255623999999995       -5.8015594000000004       -1.3543162000000000     
 -0.28299105000000002       -2.2326410000000001       -5.5619449999999997     
 -0.34326743999999998       -5.7741350999999996       -1.5942177000000000     
 -0.68473410999999995       -5.8641814999999999       -1.0688850999999999     
 -0.79490214999999997       -2.9678613999999999       -5.1536325999999999     
  -3.4137472999999998       -1.7908504000000001       -4.5977367999999998     
  -3.0979130000000001       -2.1618593000000002       -4.6614694999999999     
  -5.5805860000000003       -2.0978903999999998      -0.67521637999999995     
  -2.6880212000000001       -2.0425724999999999       -4.9600849000000000     
  -2.7095292000000000       -1.0672199000000000       -5.2459024999999997     
  -5.4630418000000001       -2.2768307000000001      -0.98550344000000001     
  -3.3879861999999998       -1.4267464999999999       -4.7419348000000001     
  -3.3525643000000001       -1.0549847000000001       -4.8628511000000003     
  -3.5978243000000001       -2.6210146000000001       -4.0231757000000004     
  -1.0448554000000001      -0.71224569999999998       -5.8652353000000002     
  -3.6483203999999998       -3.7792137000000001       -2.8995348999999999     
  -5.1894374000000001       -2.9722854999999999      -0.48503605000000000     
  -3.3255897000000001       -3.9312315000000000       -3.0799143000000000     
  -2.3723508999999998       -1.1989939000000001       -5.3790674000000003     
  -2.9246175000000001       -3.0471314999999999       -4.2616429000000000     
  -3.2687944999999998       -2.8335824000000001       -4.1576184999999999     
  -3.0486263999999998      -0.86130112000000003       -5.0954918999999999     
  -2.3480113000000000       -2.7513220000000000       -4.7871775999999997     
  -4.4506135000000002       -3.5593960000000000       -1.8768959000000001     
 -0.90492022000000005       -4.3837336999999996       -3.9954969999999999     
  -3.8970258000000002       -2.4768428999999998       -3.8312449000000002     
 -0.61539590000000000       -4.5758719000000001       -3.8317990000000002     
  -3.9400339000000000       -3.0535220999999999       -3.3394813999999999     
  -3.9546027000000001       -3.5773145999999998       -2.7502613000000000     
  -3.3291835999999999       -3.4189014000000002       -3.6369836000000002     
  -4.2091931999999996       -3.7823476999999999       -1.9941267000000000     
  -5.1437182000000004       -2.0678804000000000       -2.2947836000000001     
 -0.82916193999999999       -3.8727198000000000       -4.5071645000000000     
  -3.3753785999999999       -2.4279160000000002       -4.3257418000000003     
  -4.2156377000000003       -2.8652536999999998       -3.1652361999999998     
  -3.0964583999999999       -4.2047005000000004       -2.9550700000000001     
  -2.9961967000000000       -3.5820177000000002       -3.7672211999999998     
  -4.8337564000000004       -1.7466496000000000       -3.0958060999999999     
  -4.2279029000000001       -3.3622382000000002       -2.6115499000000000     
  -2.6742873000000000       -2.8834205000000002       -4.5314535999999999     
  -5.0051198000000001       -1.4548897000000001       -2.9718802000000002     
  -3.6470718000000000       -3.2407105000000000       -3.4923720000000000     
  -4.9387841000000003       -2.2491968000000000       -2.5592036000000000     
  -3.1423247000000001       -3.2315611999999998       -3.9601525999999998     
  -1.0399445000000000       -4.0911778999999999       -4.2638921999999999     
  -2.7264659000000000       -2.4577252999999999       -4.7461533999999999     
  -2.4358833000000000       -3.5905293999999999       -4.1442212999999999     
  -4.7951794000000003       -2.1042705000000002       -2.9288737999999999     
  -5.1804256000000004       -2.9017762999999999      -0.86190741999999998     
  -5.1987795999999999       -1.4180558000000001       -2.6385236000000001     
  -3.7973968999999999       -3.9066348000000000       -2.5135595999999998     
  -5.6125144999999996       -1.8800675000000000      -0.98235797999999996     
  -1.7203183000000000       -1.4231545000000001       -5.5691233000000002     
  -4.0005116000000003       -1.8211997000000000       -4.0840101000000004     
  -3.6403973000000001       -4.1987237999999998       -2.2623495999999998     
 -0.41671717000000003       -3.9648895000000000       -4.4839710999999998     
  -5.4599028000000001       -1.8299255000000001       -1.6854769999999999     
  -3.0896769000000002       -4.4154000000000000       -2.6378287999999999     
  -5.3062633999999997       -2.6118884000000002       -1.0107453000000000     
  -3.9387021000000000       -3.9951471999999999       -2.1273046000000000     
  -5.2635813000000002       -1.6996088000000000       -2.3250894999999998     
  -3.7252575999999999       -1.8161807999999999       -4.3386569000000001     
  -5.3697704999999996       -1.3416585999999999       -2.3163588000000002     
  -2.3556054000000000       -1.9308445000000001       -5.1694259999999996     
  -1.9770854000000000       -2.0925837000000000       -5.2642403000000000     
  -5.1932372999999998      -0.76293540000000004       -2.9065816000000000     
  -4.4700232000000000       -2.6693916000000000       -2.9821540999999998     
  -3.3575005999999998      -0.68651938000000001       -4.9250258999999996     
  -4.7108593000000001       -2.4659631000000002       -2.7797182000000000     
  -2.2248895000000002       -3.4552200000000002       -4.3716496999999999     
  -2.8328373000000000       -3.8863927999999999       -3.5876150000000000     
  -4.1483582999999999       -4.1258602000000000       -1.3298124000000000     
  -1.8640797000000000       -5.4753851999999998       -1.5954192000000000     
  -4.9149113000000000       -2.7439320000000000       -2.0771339000000002     
  -4.0955772000000001       -3.2233228999999999       -2.9726148000000001     
  -2.6413652999999999       -3.7448188999999998       -3.8729214999999999     
  -1.9621618000000001       -3.2800918000000001       -4.6250318999999998     
  -1.1436074000000001       -1.1244707000000000       -5.7816714999999999     
  -4.0599670000000003       -2.1263268000000002       -3.8723896000000000     
  -4.7073193000000000       -2.9399337999999999       -2.2798984000000000     
  -3.8765301999999999       -4.3212241999999996       -1.5164219000000001     
  -2.6155257000000001       -1.5643803999999999       -5.1683402000000003     
  -3.3332685999999998       -4.3896440999999999       -2.3707270999999999     
  -2.1421730999999999      -0.88719457000000002       -5.5338935999999999     
  -1.7315704000000001       -3.8804796000000001       -4.2359818999999996     
  -4.0501103000000001       -4.0680227000000002       -1.7457948000000001     
  -4.4794865000000001       -3.1502097000000000       -2.4516076999999998     
  -4.3251510000000000       -2.5260994000000001       -3.3033152000000001     
  -3.5001737999999998       -3.6006851000000002       -3.2838771000000002     
  -5.0077170999999998       -3.2287390000000000      -0.70570224999999998     
  -3.4325399000000001       -4.4687061000000003       -2.0611495999999998     
  -3.7822368000000002       -2.8587403000000000       -3.6772665999999998     
  -5.4001717999999999      -0.64227020999999995       -2.5348839999999999     
  -3.8361757000000001       -4.5617355999999996      -0.68871283999999999     
  -4.6033372999999997       -2.8130061999999998       -2.6260777000000002     
  -4.4385157000000000       -1.5999900000000000       -3.7066979000000000     
  -2.2985771000000002       -3.8836403000000002       -3.9539704000000002     
  -5.3500003999999999       -2.1554321999999999       -1.6527573000000000     
  -1.6217490000000001       -4.1211181000000003       -4.0480013000000001     
  -2.0878320000000001       -5.4448360999999998       -1.4123443000000000     
  -5.0340343000000001       -2.4171219000000002       -2.1945435999999998     
  -3.6650646000000000       -4.5500813000000004       -1.3653067000000001     
  -4.6275978000000002       -1.9934182000000000       -3.2575487999999999     
  -2.9903833999999998       -4.0385122000000004       -3.2784182999999998     
  -5.5049166999999999       -1.2864239000000000       -2.0102258000000002     
  -3.6815460000000000       -4.6256461000000000       -1.0245086999999999     
  -4.6195879000000000       -1.3543797000000000       -3.5812100999999998     
  -3.9209008000000001      -0.84357588999999999       -4.4626131000000004     
  -5.0003532999999996       -2.9912508000000000       -1.4313920000000000     
  -4.3508772999999996       -3.4733002000000002       -2.2374209999999999     
  -2.1034454999999999       -4.1665172999999998       -3.7703644999999999     
  -1.2996342000000001       -4.2589579000000004       -4.0214710000000000     
  -4.7944130999999999       -3.0419459000000000       -1.9391148000000000     
  -4.5646810999999996      -0.73108912000000004       -3.8248134000000000     
  -4.3496189000000003      -0.64559537000000000       -4.0821585999999996     
  -5.2309507999999996       -2.4250071000000002       -1.6602699999999999     
  -4.1983294000000004       -1.2284477000000000       -4.1066951999999999     
  -4.4160155999999997       -1.2931223000000001       -3.8505375000000002     
  -4.6845030999999997       -3.3208091000000000       -1.7400171000000000     
  -5.3188681999999998       -1.9382820000000001       -1.9881415000000000     
  -4.8318333999999998       -3.4262106000000001      -0.95627700999999998     
  -1.6957157000000000       -5.6816839999999997      -0.91815996000000000     
  -2.6485074000000002       -4.1687817999999996       -3.4068558000000002     
  -4.8139300000000000       -1.4184918000000000       -3.2884582999999998     
 -0.32666247999999998       -4.7404546999999999       -3.6635200999999999     
  -4.3895073000000000      -0.97539818000000000       -3.9725087000000001     
  -4.9581980999999997      -0.84787309000000000       -3.2706857000000000     
  -2.5743566000000002       -3.2596107000000001       -4.3298531000000002     
  -4.4461478999999997       -3.8324959000000001       -1.2424747000000000     
  -5.1132941000000001       -1.1218980999999999       -2.9318198999999998     
  -3.5563568999999999       -4.5187087000000004       -1.7127745999999999     
  -5.6790900000000004       -1.8996016000000000      -0.37343072999999999     
  -1.5040233000000001       -3.6993566000000002       -4.4780211000000003     
  -5.0918492999999998       -2.5717260999999998       -1.8599175999999999     
  -4.7826437999999998       -1.1096842000000000       -3.4489014000000000     
  -1.5545551000000000       -4.3543900999999998       -3.8239565000000000     
  -5.5007032999999996      -0.93437307999999997       -2.2066290000000000     
  -5.1673774999999997       -2.7984328000000001       -1.2111908000000000     
  -1.5576536999999999       -4.5523505000000002       -3.5846643000000000     
  -1.3205045000000000       -5.2846823000000001       -2.5156312000000001     
  -3.9626269000000001       -1.1717744999999999       -4.3502336000000001     
  -3.6922302000000000       -1.1370703000000000       -4.5906978000000001     
  -5.6093535000000001       -1.6610438000000001       -1.3326982000000001     
  -1.8025837000000000      -0.60339695000000004       -5.6909226999999998     
  -4.5754843000000003       -3.5741068999999999       -1.5135072000000001     
  -4.4083380999999999       -2.2043636000000002       -3.4215987000000001     
  -3.0652184000000000       -4.6422867999999999       -2.2480232999999998     
  -1.0514778000000000       -4.7678652000000001       -3.4873854999999998     
  -5.7701387000000004       -1.3837339000000000      -0.88925785000000002     
  -5.5767093000000001       -1.4249259000000001       -1.6940782000000001     
  -2.5088727000000000       -4.4714460000000003       -3.1163642000000000     
  -3.9900305000000000       -1.5029823000000000       -4.2214570000000000     
  -2.5620606000000001       -4.6754441000000000       -2.7524660000000001     
  -3.1277908999999999       -4.8970155999999996       -1.4953809000000000     
  -4.2468100000000000       -1.8500321000000000       -3.8133957000000001     
  -4.1775774999999999       -2.3554783000000001       -3.6054914000000000     
  -2.6199219000000000       -5.2207046000000004       -1.3712230000000001     
  -1.1298817000000001       -5.4535007000000002       -2.2321960999999999     
  -1.9463632000000000       -5.1015663000000000       -2.4871053999999999     
  -1.0120260000000001       -1.5520277000000000       -5.7067518000000002     
  -1.7468102000000001       -5.7303715000000004      -0.33391520000000002     
  -4.8609362000000003       -3.1070421000000001       -1.6485112000000000     
  -2.8837584999999999       -5.2521176000000001      -0.31495336000000002     
 -0.35380815999999998       -2.5376672999999998       -5.4254093000000001     
  -4.4673467000000002       -3.9962618000000001      -0.26963632999999998     
  -2.3424280000000000       -5.3949375000000002       -1.1864566999999999     
  -2.0057306000000001       -4.8088721999999997       -2.9751960999999998     
  -1.4035002000000001       -1.4934263000000001       -5.6391368000000002     
  -1.9453974999999999       -4.0112572000000002       -4.0156250000000000     
  -2.8325939000000000       -4.4474210999999997       -2.8630157000000001     
  -4.6593622999999997       -3.5755333999999999       -1.2271525000000001     
  -4.4453902000000003       -1.9046957000000000       -3.5511463000000001     
  -1.1610456000000000       -3.7907765000000002       -4.5035524000000002     
  -2.4757082000000001       -5.4352326000000000      -0.57368326000000003     
  -3.4265389000000002       -4.7727532000000004       -1.2164123000000000     
  -1.5879766000000000       -1.8447347999999999       -5.4840936999999998     
  -1.7187193999999999       -3.1374171000000000       -4.8169098000000004     
  -5.7989363999999997       -1.4731277000000000      -0.44970273999999999     
  -5.6580272000000003      -0.67574566999999996       -1.8788549000000001     
  -1.2811961999999999       -5.1409044000000002       -2.8159608999999999     
  -2.0137453000000001       -5.5556416999999998       -1.0390748000000001     
  -2.0160190999999998       -2.5905727999999999       -5.0224099000000004     
  -5.6283821999999999       -1.0777397000000000       -1.7775798000000000     
  -5.1401534000000000       -2.6854300000000002       -1.5385997000000000     
 -0.51647757999999999       -3.6339271000000002       -4.7463483999999996     
 -0.36872494000000000       -1.1198007999999999       -5.8830337999999998     
  -1.8583972000000000       -3.5905076999999999       -4.4333524999999998     
  -3.2512216999999999       -4.6989106999999999       -1.8302449000000001     
  -1.2346752000000001       -3.5132644000000002       -4.7045244999999998     
 -0.64175998999999995       -5.4059396000000000       -2.5226893000000001     
 -0.82950913999999998       -5.5049042999999998       -2.2378433000000002     
  -4.7426504999999999      -0.85022556999999999       -3.5755254999999999     
  -1.8403666999999999       -4.4005159999999997       -3.6398500999999999     
  -2.1220691000000000       -5.3288907999999999       -1.7606093000000000     
  -5.3841251999999997       -2.6281080000000001      -0.32286867000000002     
  -3.1949258000000000       -4.9554358000000001       -1.1118034999999999     
  -2.5618351000000001       -5.4170957000000000      -0.30343967999999999     
  -1.7982719000000000       -5.2461938999999997       -2.2899055000000001     
  -2.1617218999999999       -4.6124821000000003       -3.1704835999999998     
  -1.2651114000000001       -5.8570766000000001      -0.30683558999999999     
 -0.89808398000000000       -4.6191224999999996       -3.7225196000000000     
  -3.9600818000000002       -4.4968462000000002      -0.31004533000000001     
  -3.0600016000000001       -1.7317578000000000       -4.8618316999999998     
 -0.55753058000000000       -4.3639998000000002       -4.0797872999999996     
  -3.6234793999999999       -4.7688565000000001      -0.35833561000000003     
  -4.2061152000000002       -4.2382298000000000      -0.58822059999999998     
  -1.6778146000000000       -1.0843240000000001       -5.6576656999999999     
  -1.4471700999999999      -0.78374874999999999       -5.7698730999999999     
  -2.0374832000000000       -1.3072048000000001       -5.4899797000000001     
  -1.8960958000000001       -4.9841375000000001       -2.7501266000000002     
  -3.4791360000000000       -2.0814362000000002       -4.4230346999999997     
 -0.30025869999999999       -4.4888902000000002       -3.9698498000000000     
 -0.44842976000000001       -3.2553424999999998       -5.0201248999999999     
  -2.8217992999999999       -5.0592693999999998       -1.5624475000000000     
 -0.72286296000000005       -1.3644748000000000       -5.7979031000000001     
  -5.5354495000000004       -2.2896371000000002      -0.34111902000000000     
  -4.7992186999999999       -3.5473954999999999      -0.61926079000000001     
 -0.45756175999999998       -4.9977665000000000       -3.2883076999999998     
  -3.0477911999999998       -1.2933992000000001       -5.0038071000000004     
 -0.87413746000000003       -4.9194050000000002       -3.3219481000000002     
  -1.6242660000000000       -4.9166112000000002       -3.0312860000000001     
 -0.32650520999999999       -4.2516679999999996       -4.2209849000000004     
 -0.34870036999999998       -1.5119005000000001       -5.7959094000000002     
  -1.1908863999999999       -4.9534019999999996       -3.1694791000000002     
  -4.7223454000000000       -3.6892914999999999      -0.29762882000000002     
 -0.82048100000000002       -5.1614503999999997       -2.9472426999999999     
  -4.2152066000000001       -4.2634949999999998      -0.23375635000000000     
 -0.32520300000000002       -1.8946342000000000       -5.6837138999999999     
 -0.71956533000000000       -1.0059646000000000       -5.8711380999999996     
 -0.95657652999999998       -1.8922280000000000       -5.6128812000000003     
  -4.5366334999999998       -3.8795427999999998      -0.60671543999999999     
 -0.53803568999999996      -0.76060647000000003       -5.9272251000000002     
  -1.2401766999999999       -1.7967206000000000       -5.5887169999999999     
 -0.68674325999999997       -1.7555567000000001       -5.6961746000000000     
 -0.26039875000000001      -0.62614833999999997       -5.9615545000000001     
 -0.19390494000000000       -5.9925385000000002      -0.22778137000000001     
 -0.25613176999999998       -5.4776610999999997       -2.4350822000000001     
  -3.6039579000000002       -2.4469452000000000       -2.4543729000000001     
  -2.6396871000000002       -3.7570543000000001       -1.9790391000000001     
  -1.7398642000000000       -4.4075394000000001       -1.5957664000000000     
  -1.3765166000000000       -4.6098265999999999       -1.3618733999999999     
 -0.82854801000000000       -4.8602762000000004      -0.83139883999999997     
  -1.3338779999999999      -0.74275678000000001       -4.7612062000000002     
 -0.74487393999999996       -4.9140772999999998      -0.54498469999999999     
 -0.47410086000000001       -4.9698948999999999      -0.27454456999999999     
  -3.8998906999999998      -0.65043103999999996       -3.0606849000000000     
  -2.3499916000000001       -3.2104259000000002       -3.0283172000000000     
  -3.7331742999999999       -3.0807747999999999       -1.2538883999999999     
  -4.2444410000000001       -2.2978727999999999       -1.3055650000000001     
  -1.2441507999999999       -4.0594726000000003       -2.6406008999999999     
  -1.3705170000000000       -2.8775971000000000       -3.8524172000000001     
  -4.6867913999999997       -1.3952614999999999       -1.0427032000000001     
  -2.6054952000000000       -4.1350613000000003       -1.0548280000000001     
 -0.39005983000000000       -4.2151817999999999       -2.6608450000000001     
  -3.2409328999999998       -3.2989177999999999       -1.9009198000000000     
  -2.3270540000000000       -4.3630490000000002      -0.74069046999999999     
  -3.1814703999999998       -3.6921236999999998       -1.1164539000000000     
 -0.87702239000000004       -4.5001883999999999       -1.9947777000000000     
  -4.2034969000000002       -1.5924940000000001       -2.1896521999999998     
  -3.2933458999999998       -1.8177949000000000       -3.2938570999999999     
 -0.73090571000000004       -4.7292199000000004       -1.4492265000000000     
 -0.57219905000000004       -4.8379387999999999       -1.1255835000000001     
  -1.0731065000000000       -4.8486222999999997      -0.58249753999999998     
 -0.41393503999999998       -4.9308003999999999      -0.71823822999999998     
  -1.9349216000000000       -4.1950358999999997       -1.9125251000000001     
  -2.2622230000000001       -1.3289043000000000       -4.2563319000000002     
  -1.7261112999999999      -0.80240679000000004       -4.6234926999999999     
  -2.5900116000000000       -2.4335287000000001       -3.5170696000000001     
  -1.4953866000000000       -3.4861206999999999       -3.2574196000000000     
  -3.4070155999999998      -0.96397518999999998       -3.5302970000000000     
 -0.77020049000000002       -3.3880675000000000       -3.5955235999999999     
  -3.1189458000000001       -2.4571447000000002       -3.0388510000000002     
  -2.0349917000000000       -2.2025657000000001       -4.0009389000000004     
 -0.72756140999999996       -3.9667520999999999       -2.9555932999999999     
  -4.0134029000000000       -2.3113735000000002       -1.8841840999999999     
  -2.8384342000000000      -0.82847148000000004       -4.0319877000000002     
  -3.7655962000000001       -1.8435976999999999       -2.7242310000000001     
  -1.9326930000000000       -3.9871949999999998       -2.3166728000000001     
  -2.0001308999999998       -2.8714284999999999       -3.5713267000000002     
  -2.8855555000000002       -3.3027639000000000       -2.4011079999999998     
  -3.8462619999999998       -2.6625141999999999       -1.7655841999999999     
  -2.9029315000000002       -3.8533509000000001       -1.3132689000000000     
  -1.9303235000000001       -3.7238505000000002       -2.7215416000000001     
 -0.58503901999999997       -2.7725933000000000       -4.1195211000000000     
  -4.1213902999999998       -1.1830088000000001       -2.5718926999999998     
  -3.8847396000000001       -3.0783176000000001      -0.65784419000000005     
  -4.7889891000000002      -0.74163323999999997       -1.2310821999999999     
 -0.70930499000000002       -2.1622268999999998       -4.4521522999999998     
  -3.1703811000000002       -3.5667300000000002       -1.4923542000000001     
  -2.7967515000000001       -1.6456445000000000       -3.8039500999999998     
  -3.3279003999999999       -3.0538256000000001       -2.1445813000000000     
  -4.5962224000000003       -1.9415990999999999      -0.32393157000000000     
  -4.3305239999999996       -2.4464967000000000      -0.51109349999999998     
  -3.4396672000000001       -2.3045759000000001       -2.8031445000000001     
  -1.3155569000000000       -4.4690132000000000       -1.8158285999999999     
  -1.6108030000000000       -4.2741221999999999       -2.0340094999999998     
  -4.2672834000000002      -0.88264602000000003       -2.4517806000000002     
  -2.5494718999999999       -4.0065188000000003       -1.5646093000000001     
  -4.1485175999999999       -1.9248364000000000       -2.0210903000000000     
  -4.3212709000000000       -1.2199373000000000       -2.1996292999999998     
  -3.4941741999999998       -3.2308652000000002       -1.5337064000000000     
 -0.84308779000000000       -4.1707206000000001       -2.6256986000000002     
  -1.5853660000000001       -1.6128359000000001       -4.4593018999999998     
  -1.2769394999999999       -2.2242620000000000       -4.2920957000000000     
  -3.0104144000000002       -3.8808550999999998      -0.93614649999999999     
  -4.9343281000000001      -0.69217485000000001      -0.41629449000000002     
 -0.65405756000000004       -4.3774623999999998       -2.3259470000000002     
  -1.7662724999999999       -4.5438175000000003       -1.1108571000000000     
 -0.40032058999999998       -1.5141366000000001       -4.7483820999999997     
 -0.45546132000000000       -4.5415773000000002       -2.0412322999999999     
  -1.1335980000000001       -1.1551673000000000       -4.7308078000000000     
  -3.4263610999999998       -3.6291397000000001      -0.29899013000000002     
  -1.1479980000000001       -4.3073763999999999       -2.2646434000000002     
 -0.98251396000000002       -4.7506003000000003       -1.2109756000000000     
 -0.72106808000000000       -1.1899120000000001       -4.8025168999999996     
 -0.35432532000000000       -4.7756033000000002       -1.4380777000000000     
  -2.9789661999999999       -3.5723511999999999       -1.8341392000000001     
 -0.91355383000000001       -1.5374175000000001       -4.6692362000000003     
 -0.99860168000000005       -4.8911157000000003      -0.28245342000000001     
  -2.1071224000000002       -4.5184011000000002      -0.37958676000000002     
  -1.7448570000000001       -4.6457005000000002      -0.61069006000000003     
 -0.26717687000000001       -4.8727865000000001       -1.0883788999999999     
 -0.99749213000000003       -4.6331481999999999       -1.5934079999999999     
 -0.60703689000000005       -4.6532806999999998       -1.7258290999999999     
  -1.3933740999999999       -4.7870216000000001      -0.37806687000000000     
  -1.3128572000000001       -4.7462974000000004      -0.86548769000000003     
  -2.4446680999999999       -1.9248179000000001       -3.9139078000000000     
  -1.9504200000000000       -3.3372014000000001       -3.1715846000000001     
  -3.1143242999999998       -1.3273264000000000       -3.6795637999999999     
  -2.1828661000000000       -1.7383058000000000       -4.1489019000000003     
  -3.3393120999999999       -1.4352902999999999       -3.4335019999999998     
  -2.9875316999999999       -2.1747363000000002       -3.3682601000000001     
  -1.6942383000000001       -2.5729399000000002       -3.9382147999999999     
  -1.0430326000000001       -3.1712316999999999       -3.7222805000000001     
  -1.0795785000000000       -3.7423126999999998       -3.1352202999999998     
 -0.95581066999999997       -2.5470343000000000       -4.1951213000000003     
  -2.6809425000000000       -3.2139009999999999       -2.7355781000000001     
  -1.4157963000000000       -3.1958129000000000       -3.5752343999999998     
  -2.5307069000000002       -2.8402430999999999       -3.2447715000000001     
  -1.8141172000000001       -1.8958900000000001       -4.2561226000000003     
  -2.8890194999999999       -4.0726905000000002      -0.25837474999999999     
  -2.7082061999999998       -2.0589354000000002       -3.6642058000000000     
  -2.8742258999999999       -2.8445844999999998       -2.9406064000000001     
  -1.7961521000000000       -3.1474323000000002       -3.4449247999999999     
 -0.98925596000000005       -2.8736104999999998       -3.9703569000000001     
  -2.8459177000000002       -1.2227560000000000       -3.9249991999999998     
 -0.70009016999999996       -2.4298115000000000       -4.3134546000000000     
  -2.3992357000000002       -3.4462090000000001       -2.7142792000000000     
  -3.5564578000000000       -1.8308069000000000       -2.9999592000000002     
  -3.6887227999999999       -3.3484433000000000      -0.42573657999999998     
  -1.3696478999999999       -3.8027825000000002       -2.9432820999999998     
  -1.6083950000000000       -2.2540716999999999       -4.1631989000000003     
  -3.6917485999999999      -0.79776013000000001       -3.2763654999999998     
  -1.0914499000000000       -3.4601598000000000       -3.4403533999999998     
 -0.67006074999999998       -3.1258995999999999       -3.8444467000000002     
  -2.0114790999999999       -2.5995640999999998       -3.7677870000000002     
  -2.5744411999999999       -1.1100485000000000       -4.1400537000000002     
  -2.5361085000000001       -1.5061017000000001       -4.0373025000000000     
  -3.5241153000000001       -1.5644079000000000       -3.1832750000000001     
  -1.0575538000000000       -3.9601152000000002       -2.8634012000000002     
  -1.9389544999999999       -1.4982240000000000       -4.3584145999999997     
  -4.1168589999999998       -2.7682134999999999      -0.62327080999999995     
  -1.5223039000000000       -1.9330791000000001       -4.3526768999999996     
  -1.6918133000000000       -1.2392833999999999       -4.5389366000000004     
  -3.1136946999999999      -0.90374087999999997       -3.8063311999999998     
  -2.3614457000000000       -2.3288760000000002       -3.7416456000000000     
  -4.2150064000000000       -2.6747345999999999      -0.28198751999999999     
  -3.7158126999999999       -2.1072115999999999       -2.5985369999999999     
  -2.0074296000000000       -1.1154274000000000       -4.4414014999999996     
  -1.3490329000000001       -1.3852026000000000       -4.6110005000000003     
  -2.0922792000000001       -3.5107187999999998       -2.8804896000000002     
 -0.40750048000000000       -3.4468681999999999       -3.5990335999999998     
  -1.7258511000000001       -2.8907595000000001       -3.6966131000000000     
  -2.2840530999999999       -2.6861774999999999       -3.5450742000000002     
 -0.67997198999999997       -3.6732037000000002       -3.3234338999999999     
  -1.7541792000000000       -3.6342127000000000       -2.9521777999999999     
  -1.6251142000000001       -3.9066163999999999       -2.6640855999999999     
  -3.0582910000000001       -1.7539705000000001       -3.5454821999999999     
  -4.2388114999999997       -2.4696999000000002      -0.96595006999999999     
  -4.0552511000000004      -0.80229651999999996       -2.8126962000000000     
  -3.1492944000000000       -3.8652334000000002      -0.37671666999999998     
  -3.9533212000000000       -1.5234399999999999       -2.6552552999999999     
  -2.1578404999999998       -3.0154850000000000       -3.3541875000000001     
  -3.8482919000000000      -0.92652398000000002       -3.0548654000000002     
  -3.4687624000000001       -2.7894584999999998       -2.2774127000000002     
  -3.5664394000000001       -2.0579391000000000       -2.8364408000000001     
 -0.27068320000000001       -1.9065580000000000       -4.6143003000000000     
 -0.30776452999999998       -3.9263767999999999       -3.0803970999999999     
  -3.0171051000000002       -3.0223873000000001       -2.6004328999999999     
 -0.95155274999999995       -2.1548777000000001       -4.4103345999999997     
  -3.2578855000000000       -2.9168951999999999       -2.4244392000000001     
  -3.6613193000000002       -1.2098103000000000       -3.1829388000000001     
  -3.3338451000000000       -2.1300302000000002       -3.0575233000000002     
  -4.4232906999999999       -2.3152265999999999      -0.27244499000000000     
  -2.5547599999999999      -0.71616714999999997       -4.2379598999999999     
  -1.3288472000000000       -2.5752058000000000       -4.0746140000000004     
  -4.8503914000000004       -1.1495541000000000      -0.39016443000000001     
 -0.59392666999999999       -1.9240352999999999       -4.5766077000000003     
  -1.4647292000000001       -1.0764552000000001       -4.6578765000000004     
  -4.4536699999999998       -2.1717908000000001      -0.66943984999999995     
  -1.7623451999999999       -4.6710891999999999      -0.27398252000000001     
  -1.5209984000000001       -4.1211224000000000       -2.3880780000000001     
  -2.0459806999999999      -0.74957675000000001       -4.5002332000000003     
  -3.9403421999999999       -3.0653188000000000      -0.27843314000000002     
  -2.3010012999999998      -0.93316834999999998       -4.3398838000000000     
  -3.7456179000000001       -1.5327158000000001       -2.9361761000000000     
  -3.9880371000000001       -1.7927172000000000       -2.4252267000000001     
  -4.4682436000000001      -0.72627889999999995       -2.1230443000000001     
  -4.0890684000000004       -2.4141306999999999       -1.5657238000000000     
  -4.6448463999999996       -1.1738881999999999       -1.4308696000000001     
  -4.6260551999999997       -1.7432444000000000      -0.74880731000000000     
  -2.5996112999999998       -3.5393683999999999       -2.3905842000000002     
  -3.9925106000000001       -2.6776689999999999       -1.3747537000000001     
  -2.8653342999999998       -3.7540122999999999       -1.6423306000000000     
  -2.5600668999999998       -4.2762060000000002      -0.40014761999999998     
  -4.5327630000000001       -1.1136683999999999       -1.7927082000000001     
  -3.1162331000000001       -3.1866150000000002       -2.2659604999999998     
  -4.1308655999999999       -1.4605725000000001       -2.4088748000000000     
 -0.28390047000000002       -4.6677704000000002       -1.7695533000000001     
 -0.88669986000000001       -1.8743771000000000       -4.5497775000000003     
 -0.93213385000000004      -0.92905806999999996       -4.8236889999999999     
  -3.3440591999999998       -3.6460632999999998      -0.72352654000000005     
  -1.2293765999999999       -1.8355071999999999       -4.4854817000000002     
 -0.33158335000000000       -3.1163542000000000       -3.8959451000000000     
  -4.7348036999999996       -1.5722406000000000      -0.33120123000000001     
  -4.7614846000000002       -1.3686058999999999      -0.67467027999999996     
  -2.2302008000000000       -3.6788637999999998       -2.5479729000000000     
 -0.30261120000000002       -4.4361772999999998       -2.2866475999999998     
  -3.9086452000000000       -1.1932073000000001       -2.8807551999999998     
  -2.3151765000000002       -3.8095694000000000       -2.2643187000000000     
  -3.5525692000000002       -2.9494568999999999       -1.9183212999999999     
  -2.8041258000000000       -2.5637932000000001       -3.2502067000000001     
  -2.1847568000000002       -4.3494883000000000       -1.1440234000000000     
  -2.9311050999999999       -3.4498484000000000       -2.1230093999999999     
  -3.2692720999999998       -2.6837751999999999       -2.6663101000000000     
 -0.35099235000000001       -3.6938434000000000       -3.3514662000000000     
  -4.6569653000000004      -0.72570168999999995       -1.6691415000000001     
  -3.8844854999999998       -2.2120451999999999       -2.2400061999999998     
  -2.8535116000000000       -4.0549768999999998      -0.64392072000000000     
  -4.8279842999999998       -1.0044278000000000      -0.82564669999999996     
  -3.4411309000000001       -3.4329483999999999       -1.1719573000000001     
  -2.5970206000000000       -4.2094727000000001      -0.73199999000000004     
  -4.5249243000000003       -1.6100786000000000       -1.3902186000000001     
  -4.2729553999999998       -2.0458373999999999       -1.5988747000000001     
  -4.4378943000000000       -2.0175622000000000       -1.1110973000000000     
  -3.9512377000000001       -2.9083139999999998      -0.96407001999999997     
  -3.6887481000000002       -3.2619406999999998      -0.86768674999999995     
 -0.35152953999999997       -2.3695529000000000       -4.3888091999999999     
  -3.7372266999999999       -2.9200423000000000       -1.5831895000000000     
  -3.7424103999999998       -2.5716177999999998       -2.0931188999999999     
  -2.0191064000000001       -4.5047053999999997      -0.79425341000000005     
  -4.3891716000000001       -1.5452237000000000       -1.8296055000000000     
 -0.26155987000000003       -2.8273636999999998       -4.1155318999999997     
 -0.66559290999999998      -0.81336682999999999       -4.8882941999999998     
  -2.2734933000000002       -4.0117493000000000       -1.9331564999999999     
  -3.0951607000000001       -3.8691415999999998      -0.67061490000000001     
  -2.1529430999999999       -4.2366004000000004       -1.5543655000000001     
  -2.6161840000000001       -3.0352638000000001       -2.9904438999999998     
  -4.7438048999999998       -1.0966190000000000       -1.1374283000000001     
  -4.5297818000000003       -1.3599641000000000       -1.6222129999999999     
  -2.3808053000000000       -4.1871223000000004       -1.3415564000000000     
 -0.35752904000000002       -1.0510609000000000       -4.8751863999999996     
  -1.9653734000000000       -4.3940229000000004       -1.3527269000000000     
  -4.5794572999999996       -1.6953712999999999       -1.0743767000000000     
 -0.38309707999999998      -0.67905325000000005       -4.9388385000000001     
  -1.7047296000000001       -2.3880032999999998       0.86450315000000000     
  -1.7644306000000001       -2.0908183999999999       0.77596193999999996     
  -2.2041816999999999       -2.0908183999999999       0.77596193999999996     
  0.80295324000000001      -0.66031885000000001       -5.3289942999999997     
  0.45796522000000001       -5.4371080000000003       -1.1210066000000001     
  0.41941261000000002       -5.6463475000000001      -0.85435324999999995     
  0.52359211000000005       -5.1794881999999998       -1.2475324000000001     
  -1.1050907000000001      -0.66031885000000001       -5.3289942999999997     
 -0.54230750000000005       -5.3472219000000001       -1.2030106000000000     
 -0.59370327000000001       -1.1717063000000001       -5.3289942999999997     
 -0.55005543999999995      -0.72798193000000000       -5.5064349000000004     
 -0.35853006999999998       -4.3043971000000001       -3.3606419999999999     
 -0.21016265000000001       -2.8337162000000000       -4.6897596999999998     
  -1.4886315000000001       -5.1349596999999996       0.16842178999999999     
  -1.0726540000000000       -5.4169125999999999       0.10827588000000000     
 -0.72155016999999999       -5.6463475000000001       0.42411554000000001     
 -0.21016265000000001       -5.6463475000000001       0.67980927000000002     
 -0.46585637000000002       -5.6463475000000001       0.16842178999999999     
 -0.46585637000000002       -5.6463475000000001       0.42411554000000001     
 -0.21824704000000000       -5.5704507999999997       0.39190206000000000     
 -0.96690761999999997       -2.6464634000000000       -4.7008542999999996     
  -3.9780859999999998       -1.1873191999999999       -3.6128933000000001     
  -4.0455689000000001      -0.78816575000000000       -3.6669843000000002     
  -4.2900739000000003      -0.79545993000000004       -3.3880032999999998     
  -4.5127201000000001      -0.72877031999999997       -3.0464869000000001     
 -0.46585637000000002       -3.8564908999999998       -3.9226782000000000     
 -0.46585637000000002       -1.5552471000000001       -5.4568409999999998     
 -0.21016265000000001       -5.6463475000000001      -8.72719735000000024E-002
  -1.2329376000000001       -5.1349596999999996      -0.59865946000000003     
 -0.74467563999999997       -5.4426116999999996      -0.50358521999999994     
  -1.0513645000000000       -5.2786317000000000      -0.99945474000000001     
 -0.31737422999999998       -1.8454261999999999       -5.1641668999999997     
  -1.2129771000000000       -1.2599975999999999       -5.1950507000000004     
