          87
      149323
      149812
      150301
      150790
      151278
      151279
      151767
      151768
      152256
      152257
      152258
      152745
      152746
      152747
      153234
      153235
      153723
      153724
      153725
      154212
      154213
      154214
      154702
      154716
      155191
      156163
      156164
      156165
      156166
      156168
      156172
      156183
      156652
      156653
      156654
      156655
      156656
      156657
      156659
      157142
      157145
      157629
      157631
      158116
      159590
      159595
      159596
      160075
      160080
      160081
      160085
      160570
      160573
      160574
      161059
      161060
      161061
      161062
      161551
      162039
      163001
      163002
      163012
      163494
      163499
      163500
      163975
      163983
      163984
      163985
      163991
      163994
      164000
      164475
      164476
      164477
      164483
      164484
      164968
      164969
      164970
      165460
      165952
      166441
      169372
      169867
      169870
