         148
      189789
      190277
      190279
      190756
      190768
      190771
      191256
      191257
      191258
      191259
      191260
      191746
      191748
      192226
      192233
      192234
      192235
      192236
      192237
      192712
      192714
      192715
      192722
      192723
      192724
      192725
      192726
      192727
      193198
      193201
      193202
      193204
      193205
      193206
      193210
      193211
      193212
      193213
      193214
      193215
      193216
      193690
      193691
      193693
      193695
      193698
      193700
      193701
      193702
      193703
      193704
      193705
      194178
      194180
      194183
      194184
      194187
      194189
      194190
      194191
      194192
      194193
      194665
      194666
      194672
      194676
      194677
      194678
      194679
      194680
      194681
      195153
      195154
      195160
      195163
      195164
      195165
      195166
      195167
      195168
      195170
      195648
      195652
      195654
      195655
      195659
      196133
      196143
      196144
      196145
      196147
      196618
      196622
      196629
      196630
      196633
      196634
      196636
      197114
      197117
      197118
      197119
      197122
      197125
      197603
      197606
      197608
      197611
      198084
      198091
      198092
      198093
      198094
      198100
      198102
      198580
      198581
      198589
      199060
      199069
      199070
      199077
      199548
      199557
      199559
      199566
      200037
      200046
      200047
      200055
      200534
      200535
      200544
      200545
      201022
      201023
      201033
      201511
      201512
      201521
      201522
      202000
      202001
      202010
      202489
      202499
      202987
      203476
