         410
       10352
       10840
       10841
       10842
       11328
       11331
       11332
       11333
       11816
       11818
       11819
       11821
       11822
       11823
       11824
       12304
       12305
       12306
       12307
       12308
       12309
       12310
       12311
       12312
       12313
       12314
       12792
       12793
       12794
       12795
       12796
       12797
       12798
       12799
       12800
       12801
       12802
       12804
       13280
       13281
       13282
       13283
       13284
       13285
       13286
       13287
       13288
       13289
       13290
       13291
       13292
       13293
       13294
       13295
       13296
       13297
       13768
       13769
       13770
       13771
       13772
       13773
       13774
       13775
       13776
       13777
       13778
       13779
       13780
       13785
       13786
       13787
       14255
       14256
       14257
       14258
       14259
       14260
       14261
       14262
       14263
       14264
       14265
       14266
       14267
       14268
       14269
       14270
       14271
       14272
       14273
       14277
       14743
       14744
       14745
       14746
       14747
       14748
       14749
       14750
       14751
       14752
       14753
       14754
       14755
       14756
       14757
       14758
       14759
       14760
       14761
       14762
       14763
       14764
       14765
       14767
       15231
       15232
       15233
       15234
       15235
       15236
       15237
       15238
       15239
       15240
       15241
       15242
       15243
       15244
       15245
       15246
       15247
       15249
       15250
       15251
       15254
       15255
       15256
       15719
       15720
       15721
       15722
       15723
       15724
       15725
       15726
       15727
       15728
       15729
       15730
       15731
       15732
       15733
       15734
       15735
       15736
       15737
       15738
       15739
       15740
       15741
       15742
       15743
       16207
       16208
       16209
       16210
       16211
       16212
       16213
       16214
       16215
       16216
       16217
       16218
       16219
       16220
       16221
       16222
       16223
       16224
       16225
       16226
       16227
       16228
       16229
       16230
       16231
       16232
       16233
       16697
       16698
       16699
       16700
       16701
       16702
       16703
       16704
       16705
       16706
       16707
       16708
       16709
       16710
       16711
       16712
       16713
       16714
       16715
       16716
       16717
       16718
       16719
       16720
       16721
       17186
       17187
       17188
       17189
       17190
       17191
       17192
       17193
       17194
       17195
       17196
       17197
       17198
       17199
       17200
       17201
       17202
       17203
       17204
       17205
       17206
       17207
       17208
       17209
       17676
       17677
       17678
       17679
       17680
       17681
       17682
       17683
       17684
       17685
       17686
       17687
       17688
       17689
       17690
       17691
       17692
       17693
       17694
       17695
       17696
       17697
       17698
       18166
       18167
       18168
       18169
       18170
       18171
       18172
       18173
       18174
       18175
       18176
       18177
       18178
       18179
       18180
       18181
       18182
       18183
       18184
       18185
       18186
       18656
       18657
       18658
       18659
       18660
       18661
       18662
       18663
       18664
       18665
       18666
       18667
       18668
       18669
       18670
       18671
       18672
       18673
       18674
       19145
       19146
       19147
       19148
       19149
       19150
       19151
       19152
       19153
       19154
       19155
       19156
       19157
       19158
       19159
       19160
       19161
       19162
       19163
       19635
       19636
       19637
       19638
       19639
       19640
       19641
       19642
       19643
       19644
       19645
       19646
       19647
       19648
       19649
       19650
       19651
       20125
       20126
       20127
       20128
       20129
       20130
       20131
       20132
       20133
       20134
       20135
       20136
       20137
       20138
       20139
       20140
       20615
       20616
       20617
       20618
       20619
       20620
       20621
       20622
       20623
       20624
       20625
       20626
       20627
       20628
       21104
       21105
       21106
       21107
       21108
       21109
       21110
       21111
       21112
       21113
       21114
       21115
       21116
       21594
       21595
       21596
       21597
       21598
       21599
       21600
       21601
       21602
       21603
       21604
       21605
       22085
       22086
       22087
       22088
       22089
       22090
       22091
       22092
       22093
       22577
       22578
       22579
       22580
       22581
       22582
       23070
