          94
      200746
      200747
      201235
      201236
      201723
      201725
      201726
      202211
      202212
      202214
      202215
      202701
      202702
      202703
      202704
      202705
      203191
      203192
      203193
      203194
      203195
      203679
      203681
      203682
      203683
      203684
      204169
      204170
      204171
      204172
      204173
      204174
      204658
      204659
      204660
      204661
      204662
      204663
      205148
      205149
      205150
      205151
      205152
      205153
      205638
      205639
      205640
      205641
      205642
      206127
      206128
      206129
      206130
      206131
      206132
      206617
      206618
      206619
      206620
      206621
      207106
      207107
      207108
      207109
      207110
      207111
      207596
      207597
      207598
      207599
      207600
      208085
      208086
      208087
      208090
      208091
      208575
      208576
      208577
      208578
      208579
      209069
      209554
      209555
      209556
      209557
      209558
      210045
      210046
      210047
      210048
      210533
      210534
      210535
