         101
      222802
      223295
      224309
      224771
      224797
      224798
      225259
      225260
      225262
      225263
      225284
      225285
      225754
      225755
      225756
      225757
      225766
      225772
      226247
      226254
      226255
      226256
      226736
      226737
      226742
      226743
      226744
      226749
      227225
      227226
      227227
      227230
      227231
      227232
      227235
      227236
      227237
      227238
      227714
      227715
      227716
      227718
      227719
      227720
      227721
      227724
      228203
      228204
      228205
      228206
      228207
      228208
      228209
      228210
      228213
      228694
      228695
      228698
      228699
      228701
      228702
      228703
      229183
      229184
      229187
      229188
      229189
      229190
      229191
      229192
      229672
      229673
      229674
      229676
      229677
      229678
      229679
      229680
      230162
      230163
      230164
      230165
      230651
      230652
      230653
      230654
      231141
      231142
      231143
      231144
      231631
      231633
      232123
      232124
      232125
      232609
      232610
      232611
      232612
      232613
      232614
