          96
       30695
       31672
       32649
       33626
       34603
       35580
       36071
       36072
       36073
       36074
       36563
       36564
       37052
       37053
       37065
       37541
       37542
       37543
       38030
       38031
       38032
       38042
       38518
       38519
       38520
       39007
       39008
       39019
       39495
       39496
       39983
       39984
       39985
       39986
       39994
       39996
       40472
       40473
       40474
       40484
       40961
       40962
       40963
       41450
       41451
       41452
       41460
       41461
       41939
       41940
       41949
       42428
       42429
       42430
       42431
       42437
       42917
       42918
       42919
       42920
       42925
       43406
       43407
       43408
       43409
       43413
       43414
       43895
       43896
       43897
       43902
       44384
       44385
       44386
       44390
       44874
       44875
       44879
       45363
       45364
       45367
       45852
       45853
       45854
       45855
       46341
       46342
       46343
       46344
       46830
       46831
       46832
       47319
       47320
       47321
       47809
