         128
      141160
      142136
      143117
      144094
      146048
      146049
      147013
      147026
      147514
      148494
      148979
      148981
      148982
      149467
      149468
      149956
      149957
      150444
      150445
      150446
      150931
      150933
      150934
      150935
      151422
      151423
      151424
      151910
      151911
      151912
      151913
      152398
      152399
      152400
      152401
      152402
      152405
      152887
      152888
      152889
      152890
      152891
      152894
      153376
      153378
      153379
      153380
      153381
      153382
      153383
      153865
      153867
      153868
      153869
      153870
      153871
      153872
      154357
      154358
      154359
      154360
      154361
      154362
      154846
      154847
      154848
      154849
      154850
      154851
      155336
      155337
      155338
      155339
      155340
      155825
      155826
      155827
      155828
      155829
      155830
      156314
      156315
      156316
      156317
      156318
      156319
      156803
      156804
      156805
      156806
      156807
      156808
      157295
      157296
      157297
      157298
      157299
      157781
      157782
      157783
      157785
      157786
      157787
      157788
      158273
      158274
      158276
      158277
      158278
      158763
      158765
      158766
      158767
      158768
      159250
      159251
      159255
      159256
      159257
      159741
      161220
      161221
      161222
      161223
      161224
      161225
      161713
      163181
