          49
      207942
      213317
      213803
      214291
      214792
      215743
      216720
      216732
      216734
      217221
      217697
      217710
      218679
      219662
      220125
      220126
      220127
      220616
      220628
      220629
      221103
      221114
      221119
      222098
      222591
      225542
      226520
      226977
      226991
      227478
      227481
      227492
      227961
      227962
      227966
      227969
      227971
      228454
      228457
      228462
      228463
      228944
      228945
      228948
      228949
      228950
      229419
      229444
      230421
