         231
       47665
       48150
       48154
       48644
       49132
       49615
       49618
       49619
       49621
       50105
       50106
       50110
       50111
       50113
       50595
       50597
       50598
       50601
       50603
       50604
       50605
       51084
       51085
       51086
       51088
       51089
       51090
       51091
       51092
       51094
       51095
       51097
       51571
       51582
       51586
       51587
       52075
       52076
       52077
       52556
       52559
       52567
       52568
       53041
       53042
       53044
       53045
       53046
       53049
       53052
       53056
       53527
       53528
       53529
       53530
       53534
       53537
       53538
       53539
       53540
       53542
       53546
       54022
       54023
       54024
       54025
       54027
       54030
       54031
       54032
       54036
       54517
       54518
       54521
       54522
       54523
       54524
       55000
       55008
       55009
       55010
       55012
       55489
       55498
       55500
       55501
       55979
       55988
       55989
       55991
       55992
       56468
       56481
       56957
       56962
       56963
       56964
       56968
       56970
       57439
       57446
       57451
       57452
       57454
       57458
       57459
       57939
       57940
       57941
       57942
       57943
       57944
       57947
       57948
       58428
       58429
       58431
       58433
       58436
       58437
       58917
       58918
       58919
       58920
       58921
       58922
       58924
       59409
       59414
       59415
       59899
       59903
       59904
       60390
       60391
       60393
       60881
       61860
       64304
       51104
       55015
       55504
       55994
       55995
       55996
       56482
       56483
       56484
       56485
       56971
       56972
       56973
       56975
       57461
       57462
       57463
       57464
       57950
       57951
       57952
       57953
       58438
       58440
       58441
       58442
       58443
       58927
       58928
       58929
       58930
       58931
       58932
       58933
       59416
       59417
       59418
       59419
       59420
       59421
       59906
       59907
       59908
       59909
       59910
       60394
       60396
       60397
       60398
       60399
       60883
       60884
       60885
       60886
       60887
       60888
       61373
       61374
       61375
       61376
       61377
       61862
       61863
       61864
       61865
       61866
       61867
       61868
       61869
       62350
       62352
       62353
       62354
       62355
       62356
       62357
       62358
       62839
       62840
       62841
       62842
       62843
       62844
       62845
       62846
       63329
       63330
       63331
       63332
       63333
       63334
       63335
