          80
      217102
      217105
      217597
      218083
      218087
      218090
      218091
      218575
      218580
      219551
      219552
      219559
      219560
      220043
      220044
      220047
      220530
      220532
      220533
      220536
      221019
      221022
      221025
      221508
      221511
      221516
      221997
      222000
      222005
      222006
      222489
      222493
      222494
      222495
      222976
      222978
      222982
      222983
      222984
      223465
      223467
      223468
      223471
      223472
      223473
      223954
      223960
      223961
      223962
      224443
      224449
      224450
      224929
      224930
      224931
      224932
      224938
      224939
      225417
      225418
      225419
      225420
      225421
      225422
      225425
      225426
      225427
      225428
      225907
      225908
      225909
      225910
      225911
      225912
      225913
      225914
      225915
      225916
      226393
      226394
