          38
       60018
       61463
       61942
       61962
       62451
       62937
       62940
       63931
       64406
       64878
       64895
       65383
       65384
       66843
       67332
       67821
       68304
       68310
       68793
       68799
       69283
       69288
       69758
       69772
       69777
       69786
       70253
       70261
       70750
       73208
       73688
       76609
       76629
       78095
       79561
       80048
       80537
       81027
