         107
        9202
       11156
       13131
       13617
       13618
       13623
       14104
       14105
       14106
       14107
       14592
       14593
       14594
       14595
       14596
       14597
       14599
       15079
       15080
       15081
       15082
       15083
       15084
       15085
       15086
       15568
       15569
       15570
       15571
       15572
       15573
       15574
       15575
       15576
       16056
       16060
       16061
       16062
       16063
       16064
       16545
       16546
       16552
       17033
       17034
       17035
       17036
       17038
       17039
       17040
       17521
       17522
       17523
       17524
       17525
       17526
       17527
       17528
       17529
       18009
       18010
       18011
       18012
       18013
       18014
       18015
       18016
       18017
       18494
       18499
       18500
       18501
       18502
       18503
       18504
       18505
       18984
       18988
       18989
       18990
       18991
       18992
       18993
       19472
       19476
       19477
       19478
       19479
       19480
       19481
       19959
       19967
       19969
       19970
       20456
       20935
       20944
       21426
       21428
       21429
       21431
       21432
       21911
       21916
       21919
       21920
       22408
