          53
      214788
      215278
      217217
      217218
      217235
      217706
      218202
      218213
      220168
      220647
      221144
      221601
      221629
      221634
      222111
      222581
      222599
      222601
      222605
      223071
      223075
      223087
      223090
      223092
      223096
      223097
      223552
      223561
      223570
      223574
      223579
      223582
      223584
      224066
      224069
      224548
      224556
      224558
      225036
      225041
      225042
      225043
      225044
      225526
      225535
      226015
      226016
      226020
      226021
      226022
      231389
      231884
      232369
