          57
       59233
       63637
       64120
       64608
       65583
       66575
       66577
       66578
       67045
       67550
       67551
       67552
       68020
       68037
       68038
       68525
       68526
       68527
       68995
       69012
       69028
       69499
       69500
       69501
       69502
       69970
       69987
       69989
       70003
       70004
       70458
       70475
       70477
       70485
       70962
       70963
       70964
       71450
       71460
       71462
       71937
       71948
       72428
       72913
       72914
       72915
       73400
       73403
       73888
       73889
       73891
       74375
       74377
       74378
       75354
       76350
       77817
