          61
       54362
       56299
       56788
       57295
       57787
       58256
       58275
       58745
       58746
       59251
       59725
       59729
       60213
       60229
       60231
       60234
       60708
       60709
       60718
       60719
       60727
       61193
       61198
       61685
       61689
       61690
       61691
       62173
       62174
       62178
       62180
       62662
       63653
       63654
       63655
       63656
       63657
       64137
       64145
       64620
       64623
       65109
       65110
       65597
       65609
       66096
       66583
       67070
       67557
       68045
       68543
       68552
       69025
       69525
       70016
       70491
       70493
       70990
       71468
       71963
       72456
