          54
       58778
       58780
       59268
       59757
       59758
       60725
       61219
       61220
       61221
       61706
       61707
       61711
       61712
       61713
       61714
       61715
       61716
       62184
       62185
       62186
       62187
       62188
       62197
       62204
       62205
       62206
       62207
       62208
       62209
       62674
       62675
       62676
       62677
       62680
       62682
       62683
       62685
       62687
       62689
       63171
       63172
       63173
       63175
       63176
       63177
       63178
       63662
       63663
       64151
       66100
       66591
       68048
       68065
       70987
