         129
       66935
       67423
       67424
       67911
       67912
       68399
       68400
       68888
       68889
       69376
       69377
       69864
       69865
       70352
       70353
       70841
       70842
       71329
       71330
       71331
       71332
       71817
       71818
       71819
       71820
       72305
       72306
       72307
       72308
       72794
       72795
       72797
       73282
       73283
       73284
       73770
       73771
       73772
       73773
       73774
       73780
       73781
       73782
       73783
       73784
       74258
       74259
       74260
       74261
       74262
       74263
       74269
       74270
       74272
       74273
       74274
       74747
       74748
       74749
       74750
       74751
       74752
       74758
       74761
       74762
       74763
       75237
       75238
       75239
       75244
       75250
       75251
       75261
       75726
       75727
       75728
       75731
       75732
       75733
       75739
       75740
       76214
       76215
       76216
       76217
       76218
       76220
       76228
       76229
       76703
       76704
       76705
       76706
       76707
       76708
       76717
       76718
       77192
       77193
       77194
       77195
       77206
       77680
       77681
       77682
       77683
       77695
       78168
       78169
       78170
       78171
       78184
       78657
       78658
       78659
       78660
       78673
       79145
       79146
       79147
       79148
       79634
       79635
       79636
       80139
       80627
       81604
       82092
       82096
