          47
        7442
        9885
        9886
        9887
       10867
       12807
       13304
       13796
       14288
       14289
       14787
       14793
        8958
        9439
        9440
        9441
        9446
        9447
        9926
        9938
        9939
        9940
       10413
       10427
       10440
       10444
       10445
       10900
       10914
       10923
       10936
       10937
       10938
       10939
       11387
       11432
       11433
       11434
       11435
       11927
       12374
       12847
       12852
       13827
       14311
       19258
       19747
