          48
      208185
      208191
      208667
      208670
      208671
      209158
      209164
      209165
      209166
      209652
      209660
      210139
      210145
      210146
      210634
      210635
      211127
      212594
      213573
      214062
      209681
      212107
      212111
      212124
      212596
      212597
      213087
      213091
      213579
      214064
      214068
      214553
      214554
      214557
      215043
      215046
      215532
      215533
      216023
      216512
      219933
      219936
      219944
      220425
      220430
      220914
      221403
      222866
