         314
         412
         413
         414
         415
         416
         417
         418
         419
         420
         421
         422
         423
         424
         425
         426
         427
         428
         900
         901
         902
         903
         904
         905
         906
         907
         908
         909
         910
         911
         912
         913
         914
         915
         916
        1389
        1390
        1391
        1392
        1393
        1394
        1395
        1396
        1397
        1398
        1399
        1400
        1401
        1402
        1403
        1404
        1878
        1879
        1880
        1881
        1882
        1883
        1884
        1885
        1886
        1887
        1888
        1889
        1890
        1891
        1892
        2366
        2367
        2368
        2369
        2370
        2371
        2372
        2373
        2374
        2375
        2376
        2377
        2378
        2379
        2380
        2381
        2854
        2855
        2856
        2857
        2858
        2859
        2860
        2861
        2862
        2863
        2864
        2865
        2866
        2867
        2868
        2869
        3342
        3343
        3344
        3345
        3346
        3347
        3348
        3349
        3350
        3351
        3352
        3353
        3354
        3355
        3356
        3357
        3358
        3830
        3831
        3832
        3833
        3834
        3835
        3836
        3837
        3838
        3839
        3840
        3841
        3842
        3843
        3844
        3845
        3846
        4319
        4320
        4321
        4322
        4323
        4324
        4325
        4326
        4327
        4328
        4329
        4330
        4331
        4332
        4333
        4334
        4808
        4809
        4810
        4811
        4812
        4813
        4814
        4815
        4816
        4817
        4818
        4819
        4820
        4821
        4822
        4823
        5297
        5298
        5299
        5300
        5301
        5302
        5303
        5304
        5305
        5306
        5307
        5308
        5309
        5310
        5311
        5312
        5784
        5785
        5786
        5787
        5788
        5789
        5790
        5791
        5792
        5793
        5794
        5795
        5796
        5797
        5798
        5799
        5800
        6272
        6273
        6274
        6275
        6276
        6277
        6278
        6279
        6280
        6281
        6282
        6283
        6284
        6285
        6286
        6287
        6288
        6761
        6762
        6763
        6764
        6765
        6766
        6767
        6768
        6769
        6770
        6771
        6772
        6773
        6774
        6775
        6776
        7251
        7252
        7253
        7254
        7255
        7256
        7257
        7258
        7259
        7260
        7261
        7262
        7263
        7264
        7265
        7738
        7739
        7740
        7741
        7743
        7744
        7745
        7746
        7747
        7748
        7749
        7750
        7751
        7752
        7753
        7754
        8227
        8228
        8229
        8230
        8232
        8233
        8234
        8235
        8236
        8237
        8238
        8239
        8240
        8242
        8719
        8720
        8721
        8722
        8723
        8724
        8725
        8726
        8727
        8728
        8729
        8730
        9209
        9210
        9211
        9212
        9213
        9214
        9215
        9216
        9217
        9218
        9700
        9701
        9702
        9703
        9704
        9705
        9706
        9707
       10190
       10191
       10192
       10193
       10194
       10195
       10681
       10682
       10683
       11171
