         150
      100906
      100907
      100908
      100909
      100910
      101389
      101390
      101391
      101392
      101393
      101394
      101395
      101396
      101397
      101398
      101399
      101871
      101872
      101873
      101874
      101875
      101876
      101877
      101878
      101879
      101880
      101881
      101882
      101883
      101884
      101885
      101886
      101887
      101888
      102359
      102360
      102361
      102362
      102363
      102364
      102365
      102366
      102367
      102368
      102369
      102370
      102371
      102372
      102373
      102374
      102375
      102376
      102377
      102849
      102850
      102851
      102852
      102853
      102854
      102855
      102856
      102857
      102858
      102859
      102860
      102861
      102862
      102863
      102864
      102865
      102866
      102867
      103339
      103340
      103341
      103342
      103343
      103344
      103345
      103346
      103347
      103348
      103349
      103350
      103351
      103352
      103353
      103354
      103355
      103356
      103829
      103830
      103831
      103832
      103833
      103834
      103835
      103836
      103837
      103838
      103839
      103840
      103841
      103842
      103843
      103844
      103845
      104319
      104320
      104321
      104322
      104323
      104324
      104325
      104326
      104327
      104328
      104329
      104330
      104331
      104332
      104333
      104334
      104808
      104809
      104810
      104811
      104812
      104813
      104814
      104815
      104816
      104817
      104818
      104819
      104820
      104821
      105298
      105299
      105300
      105301
      105302
      105303
      105304
      105305
      105306
      105788
      105789
      105790
      105791
