         123
      227520
      228985
      229473
      229480
      229481
      229482
      229483
      229484
      229485
      229969
      229970
      229971
      229972
      229973
      229974
      230450
      230453
      230458
      230459
      230460
      230461
      230462
      230463
      230464
      230465
      230466
      230470
      230471
      230943
      230947
      230948
      230949
      230950
      230951
      230952
      230953
      230954
      230955
      230956
      230957
      230958
      230959
      230960
      230961
      230962
      231437
      231438
      231439
      231440
      231441
      231442
      231443
      231444
      231445
      231446
      231447
      231448
      231449
      231450
      231451
      231452
      231453
      231454
      231455
      231456
      231457
      231458
      231925
      231926
      231927
      231928
      231929
      231930
      231931
      231932
      231933
      231934
      231935
      231936
      231937
      231938
      231939
      231940
      231941
      231942
      231943
      231944
      231945
      231946
      231947
      231948
      232406
      232411
      232414
      232415
      232416
      232417
      232418
      232419
      232420
      232421
      232422
      232423
      232424
      232425
      232426
      232427
      232428
      232429
      232430
      232431
      232432
      232433
      232434
      232435
      232436
      232437
      232438
      232439
      232440
      232441
      232442
      232443
