         274
       31772
       31773
       31774
       31775
       31776
       31777
       31778
       31779
       31780
       31781
       31782
       31783
       31784
       31785
       32252
       32253
       32254
       32255
       32256
       32257
       32258
       32259
       32260
       32261
       32262
       32263
       32264
       32265
       32266
       32267
       32268
       32269
       32270
       32271
       32272
       32273
       32274
       32737
       32738
       32739
       32740
       32741
       32742
       32743
       32744
       32745
       32746
       32747
       32748
       32749
       32750
       32751
       32752
       32753
       32754
       32755
       32756
       32757
       32758
       32759
       32760
       32761
       32762
       32763
       33226
       33227
       33228
       33229
       33230
       33231
       33232
       33233
       33234
       33235
       33236
       33237
       33238
       33239
       33240
       33241
       33242
       33243
       33244
       33245
       33246
       33247
       33248
       33249
       33250
       33251
       33252
       33715
       33716
       33717
       33718
       33719
       33720
       33721
       33722
       33723
       33724
       33725
       33726
       33727
       33728
       33729
       33730
       33731
       33732
       33733
       33734
       33735
       33736
       33737
       33738
       33739
       33740
       33741
       34204
       34205
       34206
       34207
       34208
       34209
       34210
       34211
       34212
       34213
       34214
       34215
       34216
       34217
       34218
       34219
       34220
       34221
       34222
       34223
       34224
       34225
       34226
       34227
       34228
       34229
       34230
       34693
       34694
       34695
       34696
       34697
       34698
       34699
       34700
       34701
       34702
       34703
       34704
       34705
       34706
       34707
       34708
       34709
       34710
       34711
       34712
       34713
       34714
       34715
       34716
       34717
       34718
       34719
       35183
       35184
       35185
       35186
       35187
       35188
       35189
       35190
       35191
       35192
       35193
       35194
       35195
       35196
       35197
       35198
       35199
       35200
       35201
       35202
       35203
       35204
       35205
       35206
       35207
       35208
       35673
       35674
       35675
       35676
       35677
       35678
       35679
       35680
       35681
       35682
       35683
       35684
       35685
       35686
       35687
       35688
       35689
       35690
       35691
       35692
       35693
       35694
       35695
       35696
       35697
       36163
       36164
       36165
       36166
       36167
       36168
       36169
       36170
       36171
       36172
       36173
       36174
       36175
       36176
       36177
       36178
       36179
       36180
       36181
       36182
       36183
       36184
       36185
       36186
       36653
       36654
       36655
       36656
       36657
       36658
       36659
       36660
       36661
       36662
       36663
       36664
       36665
       36666
       36667
       36668
       36669
       36670
       36671
       36672
       36673
       36674
       36675
       37144
       37145
       37146
       37147
