         228
      209083
      209571
      210059
      210061
      210543
      210544
      210545
      210546
      210549
      210552
      211030
      211031
      211032
      211033
      211037
      211514
      211515
      211516
      211517
      211518
      211519
      211527
      211528
      212000
      212001
      212002
      212003
      212004
      212005
      212006
      212007
      212008
      212009
      212010
      212011
      212012
      212013
      212014
      212015
      212016
      212491
      212492
      212493
      212494
      212495
      212496
      212497
      212498
      212499
      212500
      212501
      212502
      212503
      212504
      212505
      212977
      212978
      212980
      212981
      212982
      212983
      212984
      212985
      212986
      212987
      212988
      212989
      212990
      212991
      212992
      212993
      212994
      213466
      213467
      213468
      213469
      213470
      213471
      213472
      213473
      213474
      213475
      213476
      213477
      213478
      213479
      213480
      213481
      213482
      213483
      213484
      213950
      213951
      213952
      213953
      213954
      213955
      213958
      213959
      213960
      213961
      213962
      213963
      213964
      213965
      213966
      213967
      213968
      213969
      213970
      213971
      213972
      213973
      214443
      214444
      214445
      214446
      214447
      214448
      214449
      214450
      214451
      214452
      214453
      214454
      214455
      214456
      214457
      214458
      214459
      214460
      214461
      214462
      214929
      214930
      214931
      214932
      214933
      214934
      214935
      214936
      214937
      214938
      214939
      214940
      214941
      214942
      214943
      214944
      214945
      214946
      214947
      214948
      214949
      214950
      214951
      215410
      215411
      215412
      215415
      215416
      215417
      215418
      215424
      215425
      215426
      215427
      215428
      215429
      215430
      215431
      215432
      215433
      215434
      215435
      215436
      215437
      215438
      215439
      215440
      215441
      215914
      215915
      215916
      215917
      215918
      215925
      215926
      215927
      215928
      216405
      216406
      216407
      216411
      216412
      216413
      216414
      216415
      216419
      216420
      216891
      216892
      216893
      216894
      216898
      216899
      216903
      216904
      216905
      216906
      216907
      216908
      216909
      217380
      217381
      217382
      217383
      217395
      217396
      217869
      217875
      217876
      217878
      217879
      218364
      218365
      218863
      221275
