          43
       61917
       61918
       61919
       62398
       62399
       62400
       62406
       62407
       62408
       62409
       62886
       62889
       62893
       62894
       62895
       62896
       62898
       62899
       62900
       62901
       63374
       63375
       63382
       63384
       63385
       63387
       63392
       63393
       63867
       63872
       63873
       63875
       63876
       64363
       64364
       64368
       64840
       64857
       65329
       66307
       66827
       67312
       71689
