         121
      152437
      152926
      153413
      153415
      153416
      153902
      153903
      153904
      153905
      154391
      154392
      154393
      154394
      154880
      154881
      154882
      154883
      155369
      155370
      155371
      155372
      155858
      155859
      155860
      155861
      156347
      156348
      156349
      156350
      156351
      156836
      156837
      156838
      156839
      156840
      157326
      157327
      157328
      157329
      157815
      157816
      157817
      157818
      158304
      158305
      158306
      158307
      158793
      158794
      158795
      158796
      159283
      159284
      159285
      159288
      159772
      159773
      159774
      159777
      159778
      160261
      160262
      160263
      160266
      160267
      160750
      160751
      160752
      160755
      160756
      161240
      161241
      161729
      161730
      162218
      162219
      162222
      162223
      162707
      162708
      162711
      162712
      163197
      163200
      163201
      163686
      163689
      163690
      164175
      164178
      164179
      164664
      164667
      164668
      165157
      165158
      165633
      165646
      165647
      166129
      166130
      166131
      166135
      166136
      166619
      166620
      166621
      166624
      166625
      167110
      167114
      167594
      167595
      167596
      167597
      167598
      167599
      168084
      168085
      168086
      168087
