         142
       99452
       99453
       99941
       99942
       99943
      100426
      100429
      100430
      100431
      100432
      100433
      100915
      100916
      100918
      100919
      100920
      100921
      100922
      100923
      101405
      101406
      101407
      101408
      101409
      101410
      101411
      101412
      101413
      101894
      101895
      101896
      101897
      101898
      101899
      101900
      101901
      101902
      102382
      102386
      102387
      102388
      102389
      102390
      102391
      102392
      102871
      102873
      102874
      102875
      102876
      102877
      102878
      102879
      102880
      102881
      102882
      103361
      103362
      103363
      103364
      103365
      103366
      103367
      103368
      103369
      103370
      103371
      103850
      103851
      103852
      103853
      103854
      103855
      103856
      103857
      103858
      103859
      103860
      103861
      104340
      104342
      104343
      104344
      104345
      104346
      104347
      104348
      104349
      104350
      104829
      104830
      104831
      104832
      104833
      104834
      104835
      104836
      104837
      104838
      104839
      105318
      105319
      105321
      105322
      105323
      105324
      105325
      105326
      105327
      105328
      105807
      105808
      105811
      105812
      105813
      105814
      105815
      105816
      105817
      106297
      106298
      106299
      106303
      106304
      106305
      106787
      106788
      106793
      106794
      107276
      107277
      107765
      108254
      108255
      108743
      108744
      109232
      109233
      109721
      110211
      110700
      111189
