         438
       49630
       54019
       54506
       54508
       54509
       54993
       54994
       54996
       54998
       55482
       55485
       55486
       55487
       55972
       55973
       55974
       55975
       55976
       56460
       56461
       56464
       56966
       57456
       58905
       59394
       59395
       59396
       59397
       59398
       59399
       59400
       59401
       59402
       59403
       59405
       59882
       59883
       59884
       59885
       59886
       59887
       59888
       59889
       59890
       59891
       59892
       59893
       59895
       60371
       60372
       60373
       60374
       60375
       60376
       60377
       60378
       60379
       60380
       60385
       60386
       60860
       60861
       60862
       60863
       60864
       60865
       60866
       60867
       60868
       60869
       60871
       60872
       61347
       61348
       61349
       61350
       61351
       61352
       61353
       61354
       61355
       61356
       61357
       61358
       61359
       61360
       61362
       61363
       61368
       61369
       61823
       61824
       61836
       61837
       61838
       61839
       61840
       61841
       61842
       61843
       61844
       61845
       61846
       61848
       61851
       61852
       61857
       61858
       62310
       62311
       62313
       62314
       62315
       62316
       62317
       62318
       62319
       62320
       62321
       62322
       62323
       62324
       62325
       62326
       62327
       62328
       62329
       62330
       62331
       62332
       62333
       62334
       62335
       62336
       62337
       62338
       62339
       62340
       62347
       62348
       62796
       62797
       62798
       62799
       62800
       62801
       62802
       62804
       62805
       62806
       62808
       62809
       62810
       62811
       62812
       62813
       62814
       62815
       62816
       62817
       62818
       62819
       62820
       62821
       62822
       62823
       62824
       62825
       62827
       62828
       62830
       63283
       63284
       63285
       63286
       63287
       63288
       63289
       63290
       63291
       63292
       63293
       63294
       63295
       63296
       63297
       63298
       63299
       63300
       63301
       63302
       63303
       63304
       63305
       63306
       63307
       63308
       63309
       63310
       63311
       63312
       63313
       63314
       63315
       63316
       63317
       63318
       63319
       63325
       63771
       63772
       63773
       63774
       63775
       63776
       63777
       63778
       63779
       63780
       63781
       63782
       63783
       63784
       63785
       63786
       63787
       63788
       63789
       63790
       63791
       63792
       63793
       63794
       63795
       63796
       63797
       63798
       63799
       63800
       63801
       63802
       63803
       63804
       63805
       63806
       63807
       64260
       64261
       64262
       64263
       64264
       64265
       64266
       64267
       64268
       64269
       64270
       64271
       64272
       64273
       64274
       64275
       64276
       64277
       64278
       64279
       64280
       64281
       64282
       64283
       64284
       64285
       64286
       64287
       64288
       64289
       64290
       64291
       64292
       64294
       64295
       64296
       64750
       64751
       64752
       64753
       64754
       64755
       64756
       64757
       64758
       64759
       64760
       64761
       64762
       64763
       64764
       64765
       64766
       64767
       64768
       64769
       64770
       64771
       64772
       64773
       64774
       64775
       64776
       64777
       64778
       64779
       64780
       64781
       64783
       64784
       65239
       65240
       65241
       65242
       65243
       65244
       65245
       65246
       65247
       65248
       65249
       65250
       65251
       65252
       65253
       65254
       65255
       65256
       65257
       65258
       65259
       65260
       65261
       65262
       65263
       65264
       65265
       65266
       65271
       65272
       65273
       65728
       65729
       65730
       65731
       65732
       65733
       65734
       65735
       65736
       65737
       65738
       65739
       65740
       65741
       65742
       65743
       65744
       65745
       65746
       65747
       65748
       65749
       65750
       65751
       65752
       65753
       65754
       65755
       65756
       65757
       65758
       65759
       66218
       66219
       66220
       66221
       66222
       66223
       66224
       66225
       66226
       66227
       66228
       66229
       66230
       66231
       66232
       66233
       66234
       66235
       66236
       66237
       66238
       66239
       66240
       66241
       66242
       66243
       66244
       66245
       66246
       66707
       66708
       66709
       66710
       66711
       66712
       66713
       66714
       66715
       66716
       66717
       66718
       66719
       66720
       66721
       66722
       66723
       66724
       66725
       66726
       66727
       66728
       66729
       66730
       66731
       66732
       67202
       67203
       67204
       67205
