         183
      118009
      118984
      118985
      118986
      118987
      118988
      118989
      118990
      119472
      119475
      119476
      119477
      119478
      119479
      119480
      119481
      119482
      119483
      119484
      119485
      119961
      119962
      119963
      119964
      119965
      119966
      119967
      119968
      119969
      119970
      119971
      119972
      119973
      119974
      119975
      119976
      119977
      119978
      119979
      119980
      119981
      120450
      120451
      120452
      120453
      120454
      120455
      120456
      120457
      120458
      120459
      120460
      120461
      120462
      120463
      120464
      120465
      120466
      120467
      120468
      120469
      120470
      120471
      120472
      120939
      120940
      120941
      120942
      120943
      120944
      120945
      120946
      120947
      120948
      120949
      120950
      120951
      120952
      120953
      120954
      120955
      120956
      120957
      120958
      120959
      120960
      120961
      121428
      121429
      121430
      121431
      121432
      121433
      121434
      121435
      121436
      121437
      121438
      121439
      121440
      121441
      121442
      121443
      121444
      121445
      121446
      121447
      121448
      121449
      121450
      121915
      121916
      121917
      121918
      121919
      121920
      121921
      121922
      121923
      121924
      121925
      121926
      121927
      121928
      121929
      121930
      121931
      121932
      121933
      121934
      121935
      121936
      121937
      121938
      121939
      122409
      122410
      122411
      122412
      122413
      122414
      122415
      122416
      122417
      122418
      122419
      122420
      122421
      122422
      122423
      122424
      122425
      122426
      122427
      122428
      122903
      122904
      122905
      122906
      122907
      122908
      122909
      122910
      122911
      122912
      122913
      122914
      122915
      122916
      122917
      123397
      123398
      123399
      123400
      123401
      123402
      123403
      123404
      123405
      123891
      123892
      123893
      123894
