         135
      110171
      110172
      110173
      110174
      110175
      110176
      110177
      110178
      110179
      110180
      110181
      110182
      110183
      110655
      110656
      110657
      110658
      110659
      110660
      110661
      110662
      110663
      110664
      110665
      110666
      110667
      110668
      110669
      110670
      110671
      110672
      110673
      111143
      111144
      111145
      111146
      111147
      111148
      111149
      111150
      111151
      111152
      111153
      111154
      111155
      111156
      111157
      111158
      111159
      111160
      111161
      111162
      111163
      111633
      111634
      111635
      111636
      111637
      111638
      111639
      111640
      111641
      111642
      111643
      111644
      111645
      111646
      111647
      111648
      111649
      111650
      111651
      111652
      111653
      112123
      112124
      112125
      112126
      112127
      112128
      112129
      112130
      112131
      112132
      112133
      112134
      112135
      112136
      112137
      112138
      112139
      112140
      112141
      112142
      112613
      112614
      112615
      112616
      112617
      112618
      112619
      112620
      112621
      112622
      112623
      112624
      112625
      112626
      112627
      112628
      112629
      112630
      113105
      113106
      113107
      113108
      113109
      113110
      113111
      113112
      113113
      113114
      113115
      113116
      113117
      113118
      113598
      113599
      113600
      113601
      113602
      113603
      113604
      113605
      113606
