          75
      187890
      188380
      188865
      189352
      189839
      189846
      189847
      189848
      189853
      189854
      190327
      190328
      190335
      190336
      190337
      190338
      190339
      190813
      190817
      190818
      190819
      190820
      190821
      190822
      190823
      190824
      190825
      190826
      190827
      190828
      191300
      191303
      191304
      191309
      191312
      191313
      191314
      191315
      191316
      191317
      191318
      191319
      191321
      191795
      191796
      191807
      191808
      192284
      192290
      192291
      192295
      192782
      193749
      194238
      195205
      195207
      195696
      195705
      196185
      196186
      196189
      196190
      196673
      197651
      189855
      189857
      190349
      190838
      191330
      193740
      194243
      194716
      194730
      196192
      196672
