         259
      153931
      154417
      154418
      154419
      154420
      154421
      154894
      154902
      154903
      154904
      154905
      154906
      154907
      154908
      154909
      154910
      154911
      154912
      155384
      155385
      155386
      155387
      155388
      155389
      155390
      155391
      155392
      155393
      155394
      155395
      155396
      155397
      155398
      155399
      155400
      155401
      155402
      155873
      155874
      155875
      155876
      155877
      155878
      155879
      155880
      155881
      155882
      155883
      155884
      155885
      155886
      155887
      155888
      155889
      155890
      155891
      155892
      156362
      156363
      156364
      156365
      156366
      156367
      156368
      156369
      156370
      156371
      156372
      156373
      156374
      156375
      156376
      156377
      156378
      156379
      156380
      156381
      156382
      156851
      156852
      156853
      156854
      156855
      156856
      156857
      156858
      156859
      156860
      156861
      156862
      156863
      156864
      156865
      156866
      156867
      156868
      156869
      156870
      156871
      157340
      157341
      157342
      157343
      157344
      157345
      157346
      157347
      157348
      157349
      157350
      157351
      157352
      157353
      157354
      157355
      157356
      157357
      157358
      157359
      157360
      157829
      157830
      157831
      157832
      157833
      157834
      157835
      157836
      157837
      157838
      157839
      157840
      157841
      157842
      157843
      157844
      157845
      157846
      157847
      157848
      157849
      158318
      158319
      158320
      158321
      158322
      158323
      158324
      158325
      158326
      158327
      158328
      158329
      158330
      158331
      158332
      158333
      158334
      158335
      158336
      158337
      158338
      158807
      158808
      158809
      158810
      158811
      158812
      158813
      158814
      158815
      158816
      158817
      158818
      158819
      158820
      158821
      158822
      158823
      158824
      158825
      158826
      158827
      159296
      159297
      159299
      159300
      159301
      159302
      159303
      159304
      159305
      159306
      159307
      159308
      159309
      159310
      159311
      159312
      159313
      159314
      159315
      159785
      159786
      159788
      159789
      159790
      159791
      159792
      159793
      159794
      159795
      159796
      159797
      159798
      159799
      159800
      159801
      159802
      159803
      159804
      160274
      160275
      160277
      160278
      160279
      160280
      160281
      160282
      160283
      160284
      160285
      160286
      160287
      160288
      160289
      160290
      160291
      160292
      160293
      160763
      160764
      160766
      160767
      160768
      160769
      160770
      160771
      160772
      160773
      160774
      160775
      160776
      160777
      160778
      160779
      160780
      160781
      160782
