         176
      191735
      193197
      193203
      193692
      193694
      193699
      194179
      194181
      194188
      194667
      194668
      194669
      194670
      195155
      195156
      195157
      195158
      195159
      195642
      195643
      195644
      195645
      195646
      195647
      195649
      195653
      195656
      196130
      196131
      196132
      196134
      196135
      196136
      196141
      196142
      196148
      196619
      196620
      196621
      196623
      196624
      196625
      196631
      196632
      197106
      197107
      197108
      197109
      197110
      197111
      197112
      197113
      197120
      197121
      197595
      197597
      197598
      197599
      197600
      197601
      197602
      197607
      197609
      197610
      197614
      198083
      198085
      198086
      198087
      198088
      198089
      198090
      198095
      198096
      198097
      198098
      198099
      198573
      198574
      198575
      198576
      198577
      198578
      198579
      198582
      198583
      198584
      198585
      198586
      198587
      198588
      198591
      199059
      199061
      199062
      199065
      199066
      199067
      199068
      199071
      199072
      199073
      199074
      199075
      199076
      199550
      199554
      199555
      199556
      199562
      199563
      199564
      199565
      200038
      200040
      200041
      200042
      200043
      200044
      200045
      200048
      200049
      200050
      200051
      200052
      200053
      200529
      200532
      200533
      200536
      200537
      200538
      200540
      200541
      201018
      201021
      201024
      201025
      201026
      201027
      201032
      201502
      201503
      201510
      201513
      201518
      201997
      201999
      202002
      202007
      202009
      202011
      202486
      202488
      202490
      202491
      202495
      202498
      202975
      202976
      202977
      202978
      202979
      202984
      202986
      202988
      203464
      203465
      203466
      203954
      203955
      203964
      203965
      204443
      204453
      204932
