          40
       73935
       74906
       74908
       75403
       75894
       75900
       76380
       76389
       76390
       76391
       76392
       76873
       76879
       77362
       77366
       77368
       77854
       77855
       77860
       78348
       78350
       78839
       78844
       79328
       79332
       79813
       79818
       80303
       80308
       80792
       80799
       81769
       82747
       82750
       83234
       83726
       83727
       84215
       84701
       84702
