         289
      122403
      122404
      122405
      122406
      122407
      122408
      122892
      122893
      122894
      122895
      122896
      122897
      122898
      122899
      122900
      122901
      122902
      123381
      123382
      123383
      123384
      123385
      123386
      123387
      123388
      123389
      123390
      123391
      123392
      123393
      123394
      123395
      123396
      123406
      123870
      123871
      123872
      123873
      123874
      123875
      123876
      123877
      123878
      123879
      123880
      123881
      123882
      123883
      123884
      123885
      123886
      123887
      123888
      123889
      123890
      124360
      124361
      124362
      124363
      124364
      124365
      124366
      124367
      124368
      124369
      124370
      124371
      124372
      124373
      124374
      124375
      124376
      124377
      124378
      124379
      124380
      124381
      124382
      124383
      124849
      124850
      124851
      124852
      124853
      124854
      124855
      124856
      124857
      124858
      124859
      124860
      124861
      124862
      124863
      124864
      124865
      124866
      124867
      124868
      124869
      124870
      124871
      124872
      125338
      125339
      125340
      125341
      125342
      125343
      125344
      125345
      125346
      125347
      125348
      125349
      125350
      125351
      125352
      125353
      125354
      125355
      125356
      125357
      125358
      125359
      125360
      125361
      125828
      125829
      125830
      125831
      125832
      125833
      125834
      125835
      125836
      125837
      125838
      125839
      125840
      125841
      125842
      125843
      125844
      125845
      125846
      125847
      125848
      125849
      126317
      126318
      126319
      126320
      126321
      126322
      126323
      126324
      126325
      126326
      126327
      126328
      126329
      126330
      126331
      126332
      126333
      126334
      126335
      126336
      126337
      126338
      126806
      126807
      126808
      126809
      126810
      126811
      126812
      126813
      126814
      126815
      126816
      126817
      126818
      126819
      126820
      126821
      126822
      126823
      126824
      126825
      126826
      126827
      127296
      127297
      127298
      127299
      127300
      127301
      127302
      127303
      127304
      127305
      127306
      127307
      127308
      127309
      127310
      127311
      127312
      127313
      127314
      127315
      127316
      127785
      127786
      127787
      127788
      127789
      127790
      127791
      127792
      127793
      127794
      127795
      127796
      127797
      127798
      127799
      127800
      127801
      127802
      127803
      127804
      128275
      128276
      128277
      128278
      128279
      128280
      128281
      128282
      128283
      128284
      128285
      128286
      128287
      128288
      128289
      128290
      128291
      128292
      128293
      128764
      128765
      128766
      128767
      128768
      128769
      128770
      128771
      128772
      128773
      128774
      128775
      128776
      128777
      128778
      128779
      128780
      128781
      128782
      129254
      129255
      129256
      129257
      129258
      129259
      129260
      129261
      129262
      129263
      129264
      129265
      129266
      129267
      129268
      129269
      129270
