         656
      128664
      130117
      130620
      130621
      130622
      130623
      130624
      131093
      131108
      131113
      131582
      131591
      131601
      132083
      132558
      132570
      132579
      132580
      133055
      133057
      133058
      133530
      133534
      133544
      133545
      133548
      134020
      134032
      134033
      134034
      134035
      134039
      134042
      134520
      134521
      134522
      134523
      134526
      135008
      135009
      135010
      135011
      135012
      135013
      135015
      135496
      135497
      135498
      135499
      135500
      135985
      135986
      135987
      136472
      136473
      136474
      136475
      136476
      136961
      136962
      136963
      136964
      136965
      137449
      137451
      137453
      137938
      138415
      138427
      138428
      138903
      138914
      138915
      139402
      139404
      139879
      139891
      139892
      139390
      140367
      140378
      140380
      140867
      140869
      141354
      142331
      142332
      143310
      143796
      140379
      141356
      141844
      141845
      142820
      143308
      144285
      144286
      145750
      145751
      146239
      126717
      127690
      128177
      129152
      130098
      130101
      130608
      131069
      131083
      131095
      131096
      131101
      131103
      131110
      131111
      131112
      131556
      131572
      131584
      131589
      131590
      131595
      131600
      132062
      132072
      132076
      132078
      132084
      132089
      132551
      132560
      132565
      132571
      132572
      132577
      132578
      132582
      133040
      133046
      133053
      133059
      133060
      133066
      133067
      133068
      133069
      133536
      133541
      133543
      133554
      134024
      134029
      134031
      134036
      134510
      134512
      134517
      134519
      134525
      134530
      134998
      134999
      135000
      135005
      135007
      135017
      135486
      135487
      135488
      135491
      135492
      135501
      135502
      135975
      135976
      135980
      135981
      135982
      135983
      135984
      135988
      136464
      136465
      136469
      136470
      136478
      136921
      136951
      136953
      136954
      136957
      136958
      137438
      137439
      137440
      137441
      137445
      137446
      137928
      137929
      137930
      137934
      137935
      137936
      138413
      138414
      138417
      138422
      138423
      138426
      138902
      138905
      138910
      138911
      138912
      138916
      139391
      139399
      139877
      139881
      139887
      139893
      140855
      141343
      139401
      140364
      140369
      140376
      140381
      140864
      140865
      141341
      141344
      141351
      141353
      141355
      141840
      141841
      142316
      142329
      142334
      142817
      143306
      143794
      143795
      144282
      145747
      146229
      146715
      146718
      147701
      148189
      149166
      150137
      151121
      141340
      141347
      141352
      141828
      141829
      141830
      141831
      141832
      142317
      142805
      143292
      143293
      143305
      144287
      144770
      145739
      146235
      147203
      147217
      147695
      139396
      140863
      142315
      142318
      142328
      142806
      142816
      143304
      143793
      144757
      144760
      144769
      145258
      145740
      145752
      147207
      147212
      147699
      147700
      148188
      148194
      148672
      148677
      149156
      149649
      150632
      152102
      154056
      155033
      124734
      124742
      125231
      125719
      126206
      126207
      126692
      126693
      126716
      127179
      127203
      127667
      127689
      128155
      128156
      128157
      128158
      128176
      128645
      129151
      129611
      129612
      129627
      129639
      130102
      130127
      130582
      130615
      131094
      131102
      131109
      131573
      131583
      131596
      131597
      131598
      131599
      132070
      132071
      132077
      132085
      132087
      132088
      132099
      132559
      132566
      132567
      132573
      132574
      132575
      132576
      132583
      132584
      133047
      133054
      133061
      133062
      133063
      133064
      133065
      133070
      133071
      133535
      133542
      133549
      133550
      133551
      133552
      133553
      133555
      134019
      134023
      134030
      134037
      134038
      134509
      134511
      134518
      134524
      135006
      135016
      135494
      135495
      135503
      135989
      135990
      136433
      136471
      136477
      136952
      136959
      136960
      136966
      137447
      137448
      137450
      137454
      137926
      137927
      137937
      137941
      138416
      138424
      138425
      138429
      138901
      138904
      138913
      139389
      139392
      139400
      139878
      139880
      139888
      139889
      139890
      130096
      130097
      130099
      130100
      130585
      130590
      130591
      130592
      130593
      131070
      131082
      131571
      132044
      132061
      132073
      132561
      132564
      133048
      133049
      133529
      133537
      133538
      133539
      133540
      134018
      134025
      134026
      134027
      134028
      134507
      134508
      134513
      134514
      134515
      134516
      134996
      134997
      135001
      135002
      135003
      135004
      135458
      135485
      135489
      135490
      135493
      135974
      135977
      135978
      135979
      136462
      136463
      136466
      136467
      136468
      136950
      136955
      136956
      136967
      137437
      137442
      137443
      137444
      137455
      137925
      137931
      137932
      137933
      137942
      138418
      138419
      138420
      138421
      138900
      138906
      138907
      138908
      138909
      139388
      139393
      139394
      139395
      139397
      139398
      139405
      139876
      139882
      139883
      139884
      139885
      139886
      140365
      140854
      140866
      142818
      144283
      144775
      145245
      145259
      145748
      146236
      146724
      146725
      147213
      148179
      148678
      151610
      152099
      152588
      154544
      140366
      140368
      140852
      140853
      141842
      141843
      142819
      142822
      143307
      144284
      145260
      145263
      146237
      146240
      140377
      141342
      142330
      142804
      144771
      147214
      147702
      148190
      148682
      149645
      149655
      150145
      153077
      153566
      140363
      141834
      141835
      142325
      142812
      143291
      143294
      143296
      143299
      143300
      143317
      143784
      143785
      144268
      144269
      144275
      144276
      144278
      144763
      144767
      145251
      145254
      145255
      145256
      145257
      145743
      145744
      146226
      146233
      146719
      146722
      147209
      147696
      147698
      148184
      148187
      148676
      149171
      150143
      151111
      151125
      151600
      140370
      140857
      140862
      141339
      141350
      141827
      141833
      141836
      141839
      142803
      143780
      143781
      143788
      144768
      145746
      146723
      147210
      147211
      140371
      140372
      140373
      140374
      140375
      140851
      140861
      141346
      141348
      141846
      142319
      142323
      142807
      142815
      143295
      143789
      144274
      144277
      144280
      144281
      144764
      144765
      145246
      145252
      145253
      145734
      145741
      145742
      145745
      146230
      146231
      146232
      146234
      146720
      146721
      146729
      151114
      153079
