          42
        8466
        8469
        8472
        8951
        8955
        8956
        8962
        8963
        8964
        8968
        8969
        8970
        8971
        9457
        9943
        9953
        9954
        9955
        9956
        9957
        9958
        9959
       10429
       10436
       10437
       10448
       10449
       10450
       10921
       10943
       10944
       10945
       10946
       11403
       11405
       11437
       11438
       11929
       12370
       12373
       12420
       12857
