          40
         157
        5543
        5544
        5545
        5546
        5547
        5548
        5549
        5550
        5551
        6042
        6516
        6517
        7001
        7002
        7023
        7024
        7514
        7991
        7992
        7993
        7994
        7995
        7996
        7997
        7998
        7999
        8000
        8003
        8482
        8483
        8486
        9473
        9474
        9475
        9945
        9964
       10430
       10434
       10919
