          73
       47295
       47787
       48764
       49236
       50229
       50713
       51202
       52175
       52662
       52664
       52669
       52679
       53142
       53154
       55101
       55126
       55604
       55606
       56080
       56093
       56095
       56594
       57059
       58026
       58050
       58527
       58539
       58541
       59028
       59029
       59030
       59513
       59519
       59995
       60008
       60484
       60496
       60497
       60985
       60986
       60996
       61474
       61475
       61964
       62441
       62450
       62939
       62941
       63430
       63901
       63919
       64387
       64390
       64408
       64877
       64897
       65369
       65386
       65858
       65875
       66352
       66364
       66837
       66841
       66853
       67330
       67819
       67831
       68305
       69761
       70753
       70754
       70764
