         425
      152168
      152169
      152170
      152173
      152653
      152654
      152655
      152656
      153140
      153141
      153142
      153143
      153149
      153627
      153628
      153629
      153637
      153638
      153639
      154113
      154114
      154115
      154116
      154117
      154124
      154125
      154126
      154127
      154128
      154602
      154603
      154604
      154612
      154613
      154614
      154615
      154616
      154617
      155091
      155092
      155099
      155100
      155101
      155102
      155103
      155104
      155105
      155106
      155107
      155579
      155580
      155581
      155582
      155586
      155587
      155588
      155589
      155590
      155591
      155592
      155593
      155594
      155595
      155596
      156068
      156069
      156070
      156071
      156072
      156073
      156074
      156075
      156076
      156077
      156078
      156079
      156080
      156081
      156082
      156083
      156084
      156085
      156086
      156556
      156557
      156558
      156559
      156560
      156561
      156562
      156563
      156564
      156565
      156566
      156567
      156568
      156569
      156570
      156571
      156572
      156573
      156574
      156575
      157046
      157047
      157048
      157049
      157050
      157051
      157052
      157053
      157054
      157055
      157056
      157057
      157058
      157059
      157060
      157061
      157062
      157063
      157064
      157535
      157536
      157537
      157538
      157539
      157540
      157541
      157542
      157543
      157544
      157545
      157546
      157547
      157548
      157549
      157550
      157551
      157552
      157553
      157554
      158024
      158025
      158026
      158027
      158028
      158029
      158030
      158031
      158032
      158033
      158034
      158035
      158036
      158037
      158038
      158039
      158040
      158041
      158042
      158043
      158513
      158514
      158515
      158516
      158517
      158518
      158519
      158520
      158521
      158522
      158523
      158524
      158525
      158526
      158527
      158528
      158529
      158530
      158531
      158532
      159002
      159003
      159004
      159005
      159006
      159007
      159008
      159009
      159010
      159011
      159012
      159013
      159014
      159015
      159016
      159017
      159018
      159019
      159020
      159021
      159022
      159491
      159492
      159493
      159494
      159495
      159496
      159497
      159498
      159499
      159500
      159501
      159502
      159503
      159504
      159505
      159506
      159507
      159508
      159509
      159510
      159511
      159980
      159981
      159982
      159983
      159984
      159985
      159986
      159987
      159988
      159989
      159990
      159991
      159992
      159993
      159994
      159995
      159996
      159997
      159998
      159999
      160000
      160469
      160470
      160471
      160472
      160473
      160474
      160475
      160476
      160477
      160478
      160479
      160480
      160481
      160482
      160483
      160484
      160485
      160486
      160487
      160488
      160489
      160490
      160958
      160959
      160960
      160961
      160962
      160963
      160964
      160965
      160966
      160967
      160968
      160969
      160970
      160971
      160972
      160973
      160974
      160975
      160976
      160977
      160978
      160979
      160980
      161447
      161448
      161449
      161450
      161451
      161452
      161453
      161454
      161455
      161456
      161457
      161458
      161459
      161460
      161461
      161462
      161463
      161464
      161465
      161466
      161469
      161936
      161937
      161938
      161939
      161940
      161941
      161942
      161943
      161944
      161945
      161946
      161947
      161948
      161949
      161950
      161951
      161952
      161953
      161954
      161955
      161956
      161957
      162425
      162426
      162427
      162428
      162429
      162430
      162431
      162432
      162433
      162434
      162435
      162436
      162437
      162438
      162439
      162440
      162441
      162442
      162443
      162444
      162446
      162447
      162915
      162916
      162917
      162918
      162919
      162920
      162921
      162922
      162923
      162924
      162925
      162927
      162928
      162929
      162930
      162931
      162932
      162933
      162934
      162935
      163404
      163405
      163406
      163407
      163408
      163409
      163410
      163411
      163412
      163413
      163414
      163416
      163417
      163418
      163419
      163893
      163894
      163895
      163896
      163897
      163898
      163899
      163900
      163901
      163902
      163903
      163904
      163905
      164382
      164383
      164384
      164385
      164386
      164387
      164388
      164389
      164390
      164391
      164392
      164872
      164873
      164875
      164876
      164877
      164878
      165361
      165362
      165363
      165364
      165851
