          61
      112209
      112700
      113191
      114661
      115149
      115151
      115641
      116132
      116133
      116625
      117115
      117605
      117606
      125418
      112751
      112752
      113238
      113239
      113724
      113725
      114210
      114211
      114699
      115186
      115672
      115673
      115685
      116159
      116160
      116172
      116646
      116647
      116660
      116661
      116662
      117134
      117135
      117145
      117146
      117147
      117148
      117622
      117623
      117638
      118108
      118109
      118125
      118126
      118127
      118130
      118131
      118132
      118587
      118588
      118594
      118595
      118612
      118613
      118614
      119078
      119081
