        1092
       23784
       24766
       24773
       25250
       25256
       25257
       25261
       25266
       25740
       25744
       26235
       26236
       26238
       26248
       26722
       26726
       26737
       27209
       27213
       28199
       28674
       28679
       29668
       29669
       30149
       30158
       30159
       30640
       30655
       31118
       31131
       31144
       31618
       32105
       32112
       32586
       32590
       32597
       32599
       32603
       33076
       33082
       33087
       33093
       33565
       33567
       33568
       33569
       33570
       33579
       34068
       34075
       34078
       34080
       34561
       34563
       34565
       35050
       35057
       35058
       35548
       37477
       37502
       37505
       38455
       38456
       38457
       38458
       38480
       38490
       38941
       38948
       38949
       39922
       39948
       40414
       40905
       40929
       41420
       41893
       42398
       42865
       44324
       44843
       46299
       46789
       46303
       46305
       46313
       46315
       46795
       46796
       46797
       46805
       47278
       47293
       47766
       48270
       48273
       48756
       49254
       49734
       49735
       49740
       49742
       50231
       50703
       50714
       50720
       51688
       51692
       51697
       51699
       52179
       53158
       53642
       53649
       54134
       55124
       55613
       56582
       64909
       28696
       29676
       34557
       35039
       35041
       35048
       35533
       35544
       35545
       35551
       36017
       36036
       36037
       36040
       36525
       36528
       36529
       36993
       36994
       37014
       37478
       37506
       37509
       37510
       37511
       37966
       37973
       37998
       38001
       38462
       38488
       38943
       38952
       38980
       39441
       39927
       39928
       39946
       39960
       39964
       39965
       40439
       40904
       40906
       40908
       40926
       41415
       41416
       41419
       41888
       41889
       41892
       42378
       42392
       42395
       42396
       42397
       42871
       42887
       43345
       43348
       43370
       43373
       43390
       43862
       44350
       44816
       44840
       45307
       45308
       45317
       45326
       45327
       45335
       45792
       45794
       45808
       45823
       46300
       46790
       46791
       46794
       46804
       46301
       46302
       46304
       46312
       46314
       46792
       46793
       46803
       47279
       47280
       47281
       47282
       47283
       47284
       47285
       47286
       47287
       47294
       47296
       47769
       47770
       47771
       47772
       47773
       47774
       47775
       47776
       47777
       47784
       47785
       47786
       48255
       48259
       48260
       48261
       48262
       48263
       48264
       48265
       48266
       48269
       48274
       48275
       48276
       48745
       48748
       48749
       48750
       48751
       48752
       48753
       48754
       48755
       48758
       48759
       48765
       49234
       49235
       49237
       49238
       49239
       49240
       49241
       49242
       49243
       49244
       49245
       49246
       49247
       49248
       49249
       49255
       49724
       49725
       49726
       49727
       49728
       49729
       49730
       49731
       49732
       49733
       49736
       49737
       49739
       49745
       50214
       50215
       50216
       50217
       50218
       50219
       50220
       50221
       50222
       50224
       50225
       50226
       50227
       50228
       50230
       50234
       50704
       50705
       50706
       50707
       50708
       50709
       50710
       50711
       50715
       50716
       50717
       50718
       50719
       51193
       51194
       51195
       51196
       51197
       51198
       51199
       51200
       51203
       51204
       51205
       51206
       51207
       51208
       51209
       51683
       51684
       51685
       51686
       51687
       51689
       51693
       51694
       51695
       51696
       51698
       52172
       52173
       52176
       52177
       52178
       52181
       52182
       52183
       52184
       52185
       52186
       52187
       52188
       52189
       52665
       52666
       52667
       52668
       52670
       52671
       52672
       52673
       52674
       52675
       52676
       52677
       52678
       53152
       53153
       53155
       53156
       53157
       53159
       53160
       53161
       53162
       53163
       53164
       53165
       53166
       53167
       53168
       53641
       53644
       53645
       53646
       53647
       53648
       53650
       53651
       53652
       53653
       53654
       53655
       53656
       53657
       54133
       54135
       54136
       54139
       54140
       54141
       54142
       54143
       54144
       54145
       54146
       54147
       54622
       54623
       54624
       54625
       54628
       54629
       54630
       54631
       54632
       54633
       54634
       54635
       54636
       55111
       55112
       55113
       55114
       55117
       55118
       55119
       55120
       55121
       55122
       55123
       55125
       55601
       55602
       55603
       55607
       55608
       55609
       55610
       55611
       55612
       55614
       55615
       56090
       56091
       56092
       56096
       56097
       56098
       56099
       56100
       56101
       56102
       56103
       56104
       56579
       56580
       56581
       56585
       56586
       56587
       56588
       56589
       56590
       56591
       56592
       56593
       57068
       57069
       57070
       57071
       57074
       57075
       57076
       57077
       57078
       57079
       57080
       57081
       57082
       57083
       57557
       57558
       57559
       57560
       57563
       57564
       57565
       57566
       57567
       57568
       57569
       57570
       57571
       57572
       58046
       58047
       58048
       58049
       58052
       58053
       58054
       58055
       58056
       58057
       58058
       58059
       58061
       58535
       58536
       58537
       58538
       58542
       58543
       58545
       58548
       58550
       59024
       59025
       59026
       59027
       59031
       59034
       59037
       59514
       59515
       59521
       59523
       59526
       59528
       60003
       60004
       60012
       60015
       60504
       60993
       61472
       61476
       61485
       28697
       29186
       29198
       29686
       30174
       30175
       30663
       31138
       32111
       32117
       33089
       33090
       33091
       33092
       33578
       33582
       33585
       33587
       34069
       34070
       34071
       34072
       34073
       34074
       34076
       34077
       34079
       34550
       34552
       34553
       34554
       34555
       34556
       34558
       34559
       34560
       34562
       34564
       34566
       34567
       34568
       34569
       34570
       35040
       35043
       35044
       35045
       35046
       35047
       35049
       35051
       35052
       35053
       35054
       35055
       35056
       35059
       35060
       35061
       35527
       35528
       35529
       35531
       35532
       35534
       35535
       35536
       35537
       35538
       35539
       35540
       35541
       35542
       35543
       35546
       35547
       35549
       35550
       36015
       36016
       36018
       36019
       36020
       36021
       36022
       36023
       36024
       36025
       36026
       36027
       36028
       36029
       36030
       36031
       36032
       36033
       36034
       36035
       36038
       36039
       36503
       36504
       36505
       36506
       36507
       36508
       36509
       36510
       36511
       36512
       36513
       36514
       36515
       36516
       36517
       36518
       36519
       36520
       36521
       36522
       36523
       36524
       36526
       36527
       36995
       36996
       36997
       36998
       36999
       37000
       37001
       37002
       37003
       37004
       37005
       37006
       37007
       37008
       37009
       37010
       37011
       37012
       37013
       37015
       37016
       37017
       37018
       37019
       37020
       37021
       37481
       37482
       37483
       37484
       37485
       37486
       37487
       37488
       37489
       37490
       37491
       37492
       37493
       37494
       37495
       37496
       37497
       37498
       37499
       37500
       37501
       37507
       37508
       37969
       37970
       37971
       37972
       37974
       37975
       37976
       37977
       37978
       37979
       37980
       37981
       37982
       37983
       37984
       37985
       37986
       37987
       37988
       37989
       37990
       37999
       38000
       38460
       38461
       38463
       38464
       38465
       38466
       38467
       38468
       38469
       38470
       38471
       38472
       38473
       38474
       38475
       38476
       38477
       38478
       38479
       38489
       38491
       38494
       38951
       38953
       38954
       38955
       38956
       38957
       38958
       38959
       38960
       38961
       38962
       38963
       38964
       38965
       38966
       38967
       38968
       38969
       38981
       39442
       39443
       39444
       39445
       39446
       39447
       39448
       39449
       39450
       39451
       39452
       39453
       39454
       39455
       39456
       39457
       39458
       39923
       39934
       39935
       39936
       39937
       39938
       39939
       39940
       39941
       39942
       39943
       39944
       39945
       39947
       39961
       40415
       40416
       40417
       40418
       40419
       40426
       40427
       40428
       40429
       40430
       40431
       40432
       40433
       40434
       40435
       40436
       40437
       40438
       40451
       40452
       40907
       40909
       40910
       40911
       40916
       40917
       40918
       40919
       40920
       40921
       40922
       40923
       40924
       40925
       40927
       40928
       41395
       41396
       41397
       41398
       41399
       41400
       41401
       41402
       41403
       41404
       41405
       41406
       41407
       41408
       41409
       41410
       41411
       41412
       41413
       41414
       41417
       41418
       41433
       41886
       41887
       41890
       41891
       41894
       41895
       41896
       41897
       41898
       41899
       41900
       41901
       41902
       41903
       41904
       41905
       41906
       41907
       41908
       41909
       41910
       41922
       42375
       42376
       42377
       42379
       42380
       42381
       42382
       42383
       42384
       42385
       42386
       42387
       42388
       42389
       42390
       42391
       42393
       42394
       42400
       42863
       42866
       42867
       42868
       42869
       42870
       42872
       42873
       42874
       42875
       42876
       42877
       42878
       42879
       42880
       42881
       42882
       42883
       42884
       42885
       42886
       43344
       43346
       43347
       43349
       43350
       43351
       43352
       43353
       43354
       43355
       43356
       43357
       43358
       43359
       43360
       43361
       43362
       43363
       43364
       43365
       43366
       43367
       43368
       43369
       43371
       43372
       43374
       43375
       43376
       43832
       43833
       43834
       43835
       43836
       43837
       43838
       43839
       43840
       43841
       43842
       43843
       43844
       43845
       43846
       43847
       43848
       43849
       43850
       43851
       43852
       43853
       43854
       43855
       43856
       43857
       43858
       43859
       43860
       43861
       43863
       43864
       43865
       43866
       44321
       44322
       44323
       44331
       44332
       44333
       44334
       44335
       44336
       44337
       44338
       44339
       44340
       44341
       44342
       44343
       44344
       44345
       44346
       44347
       44348
       44349
       44351
       44352
       44355
       44356
       44817
       44818
       44819
       44820
       44821
       44822
       44823
       44824
       44825
       44826
       44827
       44828
       44829
       44830
       44831
       44832
       44833
       44834
       44835
       44836
       44837
       44838
       44839
       44841
       44842
       44846
       45304
       45305
       45306
       45309
       45310
       45311
       45312
       45313
       45314
       45315
       45316
       45318
       45319
       45320
       45321
       45322
       45323
       45324
       45325
       45328
       45329
       45330
       45331
       45332
       45793
       45809
       45810
       45811
       45812
       45813
       45814
       45815
       45816
       45817
       45818
       45819
       45820
       45821
       45822
       45824
       45825
