         402
       23095
       23583
       23584
       24071
       24072
       24073
       24074
       24075
       24555
       24556
       24557
       24558
       24559
       24560
       25039
       25040
       25041
       25042
       25043
       25044
       25045
       25046
       25050
       25051
       25052
       25522
       25523
       25524
       25525
       25526
       25527
       25528
       25529
       25530
       25531
       25532
       25534
       25535
       25536
       25537
       25548
       26008
       26009
       26010
       26011
       26012
       26013
       26014
       26015
       26016
       26017
       26018
       26019
       26020
       26021
       26022
       26023
       26032
       26033
       26497
       26498
       26499
       26500
       26501
       26502
       26503
       26504
       26505
       26506
       26507
       26508
       26509
       26510
       26511
       26518
       26520
       26521
       26522
       26985
       26986
       26987
       26988
       26989
       26990
       26991
       26992
       26993
       26994
       26995
       26996
       26997
       26998
       26999
       27005
       27006
       27007
       27008
       27473
       27474
       27475
       27476
       27477
       27478
       27479
       27480
       27481
       27482
       27483
       27484
       27485
       27486
       27487
       27488
       27489
       27490
       27493
       27494
       27495
       27497
       27498
       27499
       27962
       27963
       27964
       27965
       27966
       27967
       27968
       27969
       27970
       27971
       27972
       27973
       27974
       27975
       27976
       27977
       27978
       27979
       27983
       27984
       27986
       27987
       27988
       28450
       28451
       28452
       28453
       28454
       28455
       28456
       28457
       28458
       28459
       28460
       28461
       28462
       28463
       28464
       28465
       28466
       28467
       28468
       28469
       28472
       28473
       28474
       28475
       28476
       28477
       28939
       28940
       28941
       28942
       28943
       28944
       28945
       28946
       28947
       28948
       28949
       28950
       28951
       28952
       28953
       28954
       28955
       28956
       28957
       28958
       28962
       28963
       28964
       28965
       28966
       28967
       29428
       29429
       29430
       29431
       29432
       29433
       29434
       29435
       29436
       29437
       29438
       29439
       29440
       29441
       29442
       29443
       29444
       29446
       29447
       29451
       29452
       29453
       29454
       29455
       29456
       29916
       29917
       29918
       29919
       29920
       29921
       29922
       29923
       29924
       29925
       29926
       29927
       29928
       29929
       29930
       29931
       29932
       29933
       29934
       29935
       29936
       29939
       29940
       29941
       29942
       29943
       29944
       30405
       30406
       30407
       30408
       30409
       30410
       30411
       30412
       30413
       30414
       30415
       30416
       30417
       30418
       30419
       30420
       30421
       30422
       30423
       30424
       30425
       30426
       30427
       30428
       30429
       30430
       30432
       30433
       30893
       30894
       30895
       30896
       30897
       30898
       30899
       30900
       30901
       30902
       30903
       30904
       30905
       30906
       30907
       30908
       30909
       30910
       30911
       30912
       30913
       30914
       30915
       30919
       31382
       31383
       31384
       31385
       31386
       31387
       31388
       31389
       31390
       31391
       31392
       31393
       31394
       31395
       31396
       31397
       31398
       31399
       31400
       31401
       31402
       31403
       31404
       31408
       31873
       31874
       31875
       31876
       31877
       31878
       31879
       31880
       31881
       31882
       31883
       31884
       31885
       31886
       31887
       31888
       31889
       31890
       31891
       31892
       31893
       32365
       32366
       32367
       32368
       32369
       32370
       32371
       32372
       32373
       32374
       32375
       32376
       32377
       32378
       32379
       32380
       32381
       32382
       32857
       32858
       32859
       32860
       32861
       32862
       32863
       32864
       32865
       32866
       32867
       32868
       32869
       32870
       33349
       33350
       33351
       33352
       33353
       33354
       33355
       33356
       33357
       33358
       33359
       33841
       33842
       33843
       33844
       33845
       33846
       33847
       33848
       34333
       34334
       34335
       34336
       34337
       34825
