         126
      214653
      214654
      215141
      215142
      215143
      215146
      215623
      215629
      215630
      215631
      215632
      216113
      216117
      216118
      216119
      216120
      216121
      216122
      216123
      216124
      216602
      216604
      216605
      216606
      216607
      216608
      216609
      216610
      216622
      216625
      217090
      217091
      217092
      217093
      217094
      217095
      217096
      217097
      217098
      217099
      217579
      217580
      217581
      217582
      217583
      217584
      217585
      217586
      217587
      217588
      218068
      218069
      218070
      218071
      218072
      218073
      218074
      218075
      218076
      218077
      218078
      218079
      218556
      218558
      218559
      218560
      218561
      218562
      218563
      218564
      218565
      218566
      218569
      219042
      219045
      219047
      219048
      219049
      219050
      219051
      219052
      219053
      219054
      219055
      219056
      219531
      219534
      219537
      219538
      219539
      219540
      219541
      219542
      219543
      219544
      219545
      219546
      219549
      220020
      220030
      220031
      220032
      220033
      220034
      220035
      220050
      220502
      220520
      220521
      220522
      220523
      220524
      220999
      221012
      221013
      221501
      221502
      221978
      221981
      221991
      222470
      222480
      222959
      222969
      223448
      223458
