          45
       64845
       65337
       65338
       65340
       65828
       65830
       65832
       66312
       66316
       66802
       66815
       67292
       67297
       67299
       67308
       67782
       67783
       67788
       67789
       67790
       67796
       68266
       68267
       68280
       68285
       68751
       68753
       68765
       69239
       69261
       70247
       70730
       70733
       71711
       71715
       71716
       72681
       72693
       74146
       75142
       75621
       75624
       76600
       77580
       78074
