         126
      156778
      158717
      159198
      159214
      159229
      160196
      160197
      160678
      160694
      161155
      161157
      161158
      161165
      161192
      161650
      161652
      161682
      162136
      162139
      162162
      162625
      162627
      162629
      162657
      163110
      163139
      163145
      163600
      163627
      163630
      163637
      164087
      164124
      164131
      164579
      164608
      164610
      165108
      165584
      166077
      166078
      166085
      166567
      166574
      167056
      167543
      168039
      168527
      169980
      169992
      170488
      170944
      170967
      170968
      170977
      171454
      171952
      171954
      171955
      171956
      172428
      172429
      172441
      172444
      172445
      172916
      172917
      172918
      172933
      172934
      173401
      173402
      173403
      173404
      173405
      173421
      173422
      173424
      173887
      173888
      173889
      173910
      173911
      174373
      174374
      174398
      174399
      174400
      174401
      174404
      174888
      174889
      174890
      174891
      174892
      174893
      174894
      175376
      175377
      175378
      175382
      175383
      175384
      175385
      175853
      175854
      175865
      175866
      175867
      175871
      175872
      175875
      176338
      176341
      176355
      176365
      176823
      176826
      176851
      176852
      177309
      177310
      177311
      177331
      177795
      177796
