         180
      197880
      198370
      198371
      198372
      198373
      198860
      198861
      198862
      198863
      198864
      198865
      198866
      199349
      199350
      199351
      199352
      199353
      199354
      199355
      199356
      199357
      199358
      199359
      199839
      199840
      199841
      199842
      199843
      199844
      199845
      199846
      199847
      199848
      199849
      199850
      200328
      200329
      200330
      200331
      200332
      200333
      200334
      200335
      200336
      200337
      200338
      200339
      200340
      200341
      200818
      200819
      200820
      200821
      200822
      200823
      200824
      200825
      200826
      200827
      200828
      200829
      200830
      201307
      201308
      201309
      201310
      201311
      201312
      201313
      201314
      201315
      201316
      201317
      201318
      201319
      201797
      201798
      201799
      201800
      201801
      201802
      201803
      201804
      201805
      201806
      201807
      201808
      202286
      202287
      202288
      202289
      202290
      202291
      202292
      202293
      202294
      202295
      202296
      202297
      202775
      202776
      202777
      202778
      202779
      202780
      202781
      202782
      202783
      202784
      202785
      202786
      203265
      203266
      203267
      203268
      203269
      203270
      203271
      203272
      203273
      203274
      203275
      203754
      203755
      203756
      203757
      203758
      203759
      203760
      203761
      203762
      203763
      203764
      204243
      204244
      204245
      204246
      204247
      204248
      204250
      204251
      204253
      204254
      204733
      204734
      204735
      204736
      204737
      204738
      204739
      204740
      204741
      204742
      205221
      205222
      205223
      205226
      205227
      205228
      205229
      205711
      205712
      205714
      205715
      205716
      205718
      205719
      205720
      205721
      206201
      206202
      206203
      206204
      206205
      206206
      206207
      206208
      206694
      206696
      206697
