         112
       59049
       60512
       60999
       61004
       61493
       61975
       61978
       61980
       61982
       62469
       62471
       62957
       62958
       62960
       63445
       63446
       63448
       63934
       63935
       63936
       63937
       63938
       64423
       64424
       64425
       64426
       64427
       64914
       64915
       64916
       64917
       65403
       65404
       65406
       65892
       65893
       65895
       66381
       66384
       66870
       66873
       67359
       67848
       68336
       48790
       52209
       53186
       54163
       55140
       56117
       57094
       65896
       66385
       66874
       67370
       67853
       67859
       68342
       68347
       68348
       68832
       68836
       68837
       68838
       69322
       69323
       69324
       69325
       69326
       69327
       69812
       69813
       69814
       69815
       69827
       70302
       70303
       70304
       70791
       70792
       70793
       70800
       71281
       71282
       71286
       71287
       71288
       71289
       71770
       71771
       71775
       71778
       72259
       72260
       72261
       72263
       72264
       72749
       72750
       72751
       72752
       73238
       73239
       73240
       73241
       73727
       73728
       74217
       74706
       75193
       76176
       76665
