         208
      151086
      151091
      151575
      151580
      152069
      152558
      153043
      153045
      153047
      153531
      153532
      153533
      153534
      153535
      153536
      153539
      153542
      153543
      153545
      154020
      154021
      154022
      154023
      154024
      154025
      154026
      154027
      154028
      154029
      154031
      154510
      154511
      154512
      154513
      154514
      154515
      154516
      154517
      154518
      154519
      154520
      154521
      154522
      154523
      154999
      155000
      155001
      155002
      155003
      155004
      155005
      155006
      155007
      155008
      155009
      155010
      155488
      155489
      155490
      155491
      155492
      155493
      155494
      155495
      155496
      155497
      155498
      155499
      155977
      155978
      155979
      155980
      155981
      155982
      155983
      155984
      155985
      155986
      155987
      156466
      156467
      156468
      156469
      156470
      156471
      156472
      156473
      156474
      156475
      156476
      156954
      156955
      156956
      156957
      156958
      156959
      156960
      156961
      156962
      156963
      156964
      157443
      157444
      157445
      157446
      157447
      157448
      157449
      157450
      157451
      157452
      157453
      157932
      157933
      157934
      157935
      157936
      157937
      157938
      157939
      157940
      157941
      157942
      158421
      158422
      158423
      158424
      158425
      158426
      158427
      158428
      158429
      158430
      158431
      158910
      158911
      158912
      158913
      158914
      158915
      158916
      158917
      158918
      158919
      158920
      159399
      159400
      159401
      159402
      159403
      159404
      159405
      159406
      159407
      159408
      159888
      159889
      159890
      159891
      159892
      159893
      159894
      159895
      159896
      159897
      160377
      160378
      160379
      160380
      160381
      160382
      160383
      160384
      160385
      160866
      160867
      160868
      160869
      160870
      160871
      160872
      160874
      161355
      161356
      161357
      161358
      161359
      161361
      161363
      161846
      161847
      161848
      161849
      161850
      161851
      162335
      162336
      162337
      162338
      162340
      162826
      163313
      163314
      163315
      163802
      163803
      164291
      165270
