          42
      160657
      161627
      162127
      162598
      163101
      163587
      163592
      164075
      164082
      164569
      165543
      166035
      166522
      166523
      167008
      167009
      167010
      167497
      167498
      167499
      167986
      168953
      168954
      168955
      168956
      168957
      170439
      170927
      171413
      171415
      172376
      172380
      172383
      173366
      174343
      174833
      174834
      175805
      176292
      176293
      176780
      176801
