         162
       48800
       49289
       49778
       50267
       50756
       50760
       50761
       50762
       50766
       50767
       51246
       51247
       51248
       51249
       51250
       51251
       51254
       51255
       51256
       51738
       51739
       51740
       51741
       51742
       51743
       51744
       51746
       51747
       51748
       52227
       52228
       52229
       52230
       52231
       52232
       52233
       52234
       52235
       52236
       52237
       52238
       52239
       52716
       52717
       52718
       52719
       52720
       52721
       52722
       52723
       52724
       52725
       52726
       52727
       52728
       52729
       52730
       52732
       52733
       53204
       53205
       53206
       53207
       53208
       53209
       53210
       53211
       53212
       53213
       53214
       53215
       53216
       53217
       53218
       53219
       53220
       53221
       53693
       53694
       53695
       53696
       53697
       53698
       53699
       53700
       53701
       53702
       53703
       53704
       53705
       53706
       53707
       53708
       53709
       53710
       54183
       54184
       54185
       54186
       54187
       54188
       54189
       54190
       54191
       54192
       54193
       54194
       54195
       54196
       54197
       54198
       54672
       54673
       54674
       54675
       54676
       54677
       54678
       54679
       54680
       54681
       54682
       54683
       54684
       54685
       54686
       54687
       55161
       55162
       55163
       55164
       55165
       55166
       55167
       55168
       55169
       55170
       55171
       55172
       55173
       55174
       55175
       55176
       55650
       55651
       55652
       55653
       55654
       55655
       55656
       55657
       55659
       56141
       56142
       56143
       56144
       56145
       56146
       56150
       56632
       56639
       56640
