         247
      122958
      122959
      122960
      122961
      123445
      123446
      123447
      123448
      123449
      123450
      123451
      123452
      123453
      123934
      123935
      123936
      123937
      123938
      123939
      123940
      123941
      123942
      124420
      124421
      124422
      124423
      124424
      124425
      124427
      124428
      124429
      124430
      124431
      124894
      124906
      124907
      124908
      124909
      124910
      124911
      124912
      124913
      124914
      124915
      124916
      124917
      124918
      124919
      124920
      125393
      125394
      125395
      125396
      125397
      125398
      125399
      125400
      125401
      125402
      125403
      125404
      125405
      125406
      125407
      125408
      125409
      125872
      125881
      125882
      125883
      125884
      125885
      125886
      125887
      125888
      125889
      125890
      125891
      125892
      125893
      125894
      125895
      125898
      126369
      126370
      126371
      126372
      126373
      126374
      126375
      126376
      126377
      126378
      126379
      126380
      126381
      126382
      126383
      126384
      126385
      126386
      126388
      126856
      126857
      126858
      126859
      126860
      126861
      126862
      126863
      126864
      126865
      126866
      126867
      126868
      126869
      126870
      126871
      126872
      126873
      126874
      126875
      127343
      127344
      127345
      127346
      127347
      127348
      127349
      127350
      127351
      127352
      127353
      127354
      127355
      127356
      127357
      127358
      127359
      127360
      127361
      127362
      127363
      127364
      127835
      127836
      127837
      127838
      127839
      127840
      127841
      127842
      127843
      127844
      127845
      127846
      127847
      127848
      127849
      127850
      128322
      128323
      128324
      128325
      128326
      128327
      128328
      128329
      128330
      128331
      128332
      128333
      128334
      128335
      128336
      128337
      128338
      128346
      128348
      128349
      128351
      128814
      128815
      128816
      128817
      128818
      128819
      128820
      128821
      128822
      128823
      128824
      128825
      128826
      128835
      128840
      129304
      129305
      129306
      129307
      129308
      129309
      129310
      129311
      129312
      129313
      129314
      129323
      129324
      129791
      129792
      129793
      129794
      129795
      129796
      129797
      129798
      129802
      129803
      129804
      129810
      129811
      129812
      129813
      129814
      130283
      130284
      130285
      130286
      130287
      130291
      130299
      130300
      130301
      130773
      130774
      130775
      130786
      130787
      130788
      131274
      131275
      131763
      132251
      132739
      133227
      133245
