          57
       55806
       57765
       60212
       61185
       64123
       65602
       65603
       66089
       66090
       66579
       67063
       67064
       67065
       67533
       67549
       67553
       68036
       68039
       68040
       68524
       68528
       69011
       69014
       69015
       69483
       69498
       69503
       69512
       69986
       69990
       69997
       70473
       70474
       70478
       70484
       70501
       70961
       70965
       70966
       71449
       71453
       71463
       71940
       71957
       72425
       72438
       72912
       72916
       73887
       74379
       74867
       74880
       75357
       75842
       76330
       76351
       77329
