         184
      192148
      192635
      192638
      193124
      193127
      193613
      193616
      194104
      194105
      194593
      194594
      195078
      195082
      195083
      195084
      195566
      195567
      195570
      195571
      195573
      195574
      196055
      196056
      196059
      196060
      196062
      196063
      196544
      196545
      196546
      196547
      196548
      196549
      196550
      196551
      196552
      196553
      197033
      197034
      197035
      197036
      197037
      197038
      197039
      197040
      197041
      197042
      197522
      197523
      197524
      197525
      197526
      197527
      197528
      197529
      197530
      197531
      198010
      198011
      198012
      198013
      198014
      198015
      198016
      198017
      198018
      198019
      198020
      198500
      198501
      198502
      198503
      198504
      198505
      198506
      198507
      198508
      198509
      198989
      198990
      198991
      198992
      198993
      198994
      198995
      198996
      198997
      198998
      199480
      199481
      199482
      199483
      199484
      199485
      199486
      199487
      199488
      199961
      199969
      199970
      199971
      199972
      199973
      199974
      199975
      199976
      199977
      200458
      200459
      200460
      200461
      200462
      200463
      200464
      200465
      200466
      200947
      200948
      200949
      200950
      200951
      200952
      200953
      200954
      201436
      201437
      201438
      201439
      201440
      201441
      201442
      201443
      201445
      201925
      201926
      201927
      201928
      201929
      201930
      201931
      201932
      201934
      202414
      202415
      202416
      202417
      202418
      202419
      202420
      202421
      202423
      202424
      202903
      202904
      202905
      202906
      202907
      202908
      202909
      202910
      203392
      203393
      203394
      203395
      203396
      203397
      203398
      203399
      203881
      203882
      203883
      203884
      203885
      203886
      203887
      203888
      203891
      204369
      204371
      204374
      204375
      204378
      204381
      204864
