         216
      122402
      122885
      122887
      122888
      122889
      122890
      122891
      123373
      123374
      123378
      123379
      123860
      123861
      123863
      123864
      123865
      123866
      123867
      123868
      123869
      124348
      124349
      124350
      124351
      124352
      124353
      124354
      124355
      124356
      124357
      124358
      124359
      124837
      124838
      124839
      124840
      124841
      124842
      124843
      124844
      124848
      125326
      125327
      125328
      125329
      125330
      125332
      125333
      125334
      125335
      125336
      125337
      125815
      125816
      125817
      125818
      125819
      125820
      125821
      125822
      125823
      125824
      125825
      125826
      125827
      126304
      126305
      126306
      126307
      126308
      126309
      126310
      126311
      126312
      126313
      126314
      126315
      126316
      126793
      126794
      126795
      126796
      126797
      126798
      126799
      126800
      126801
      126802
      126803
      126804
      126805
      127282
      127283
      127284
      127285
      127286
      127287
      127288
      127289
      127290
      127291
      127292
      127293
      127294
      127295
      127771
      127772
      127773
      127774
      127775
      127776
      127777
      127778
      127779
      127780
      127781
      127782
      127783
      127784
      128260
      128261
      128262
      128263
      128264
      128265
      128266
      128267
      128268
      128269
      128270
      128271
      128272
      128273
      128274
      128749
      128750
      128751
      128752
      128753
      128754
      128755
      128756
      128757
      128758
      128759
      128760
      128761
      128762
      128763
      129238
      129239
      129240
      129241
      129242
      129243
      129244
      129245
      129246
      129247
      129248
      129249
      129250
      129251
      129252
      129253
      129728
      129729
      129730
      129731
      129732
      129733
      129734
      129735
      129736
      129737
      129738
      129739
      129740
      129741
      129742
      130218
      130219
      130220
      130221
      130222
      130223
      130224
      130225
      130226
      130227
      130228
      130229
      130230
      130709
      130710
      130711
      130712
      130713
      130714
      130715
      130716
      130717
      130718
      130719
      131201
      131202
      131203
      131204
      131205
      131206
      131207
      131692
      131693
      131694
      131695
      131696
