          46
      188258
      189218
      189222
      189706
      189708
      189717
      190193
      190195
      190214
      190684
      191172
      191663
      191664
      191668
      191683
      192157
      192171
      192172
      192643
      192653
      192658
      193131
      193132
      193147
      193151
      193618
      193619
      193621
      193625
      193628
      193636
      193639
      194110
      194111
      194599
      194600
      194606
      194607
      195088
      195089
      195099
      195582
      196065
      196068
      196074
      197043
