         611
       15224
       15711
       15712
       15713
       15714
       15715
       16198
       16199
       16200
       16201
       16202
       16203
       16204
       16205
       16206
       16685
       16686
       16687
       16688
       16689
       16690
       16691
       16692
       16693
       16694
       16695
       16696
       17172
       17173
       17174
       17175
       17176
       17177
       17178
       17179
       17180
       17181
       17182
       17183
       17184
       17185
       17659
       17660
       17661
       17662
       17663
       17664
       17665
       17666
       17667
       17668
       17669
       17670
       17671
       17672
       17673
       17674
       17675
       18146
       18147
       18148
       18149
       18150
       18151
       18152
       18153
       18154
       18155
       18156
       18157
       18158
       18159
       18160
       18161
       18162
       18163
       18164
       18165
       18634
       18635
       18636
       18637
       18638
       18639
       18640
       18641
       18642
       18643
       18644
       18645
       18646
       18647
       18648
       18649
       18650
       18651
       18652
       18653
       18654
       18655
       19121
       19122
       19123
       19124
       19125
       19126
       19127
       19128
       19129
       19130
       19131
       19132
       19133
       19134
       19135
       19136
       19137
       19138
       19139
       19140
       19141
       19142
       19143
       19144
       19609
       19610
       19611
       19612
       19613
       19614
       19615
       19616
       19617
       19618
       19619
       19620
       19621
       19622
       19623
       19624
       19625
       19626
       19627
       19628
       19629
       19630
       19631
       19632
       19633
       19634
       20097
       20098
       20099
       20100
       20101
       20102
       20103
       20104
       20105
       20106
       20107
       20108
       20109
       20110
       20111
       20112
       20113
       20114
       20115
       20116
       20117
       20118
       20119
       20120
       20121
       20122
       20123
       20124
       20586
       20587
       20588
       20589
       20590
       20591
       20592
       20593
       20594
       20595
       20596
       20597
       20598
       20599
       20600
       20601
       20602
       20603
       20604
       20605
       20606
       20607
       20608
       20609
       20610
       20611
       20612
       20613
       20614
       21074
       21075
       21076
       21077
       21078
       21079
       21080
       21081
       21082
       21083
       21084
       21085
       21086
       21087
       21088
       21089
       21090
       21091
       21092
       21093
       21094
       21095
       21096
       21097
       21098
       21099
       21100
       21101
       21102
       21103
       21563
       21564
       21565
       21566
       21567
       21568
       21569
       21570
       21571
       21572
       21573
       21574
       21575
       21576
       21577
       21578
       21579
       21580
       21581
       21582
       21583
       21584
       21585
       21586
       21587
       21588
       21589
       21590
       21591
       21592
       21593
       22052
       22053
       22054
       22055
       22056
       22057
       22058
       22059
       22060
       22061
       22062
       22063
       22064
       22065
       22066
       22067
       22068
       22069
       22070
       22071
       22072
       22073
       22074
       22075
       22076
       22077
       22078
       22079
       22080
       22081
       22082
       22540
       22541
       22542
       22543
       22544
       22545
       22546
       22547
       22548
       22549
       22550
       22551
       22552
       22553
       22554
       22555
       22556
       22557
       22558
       22559
       22560
       22561
       22562
       22563
       22564
       22565
       22566
       22567
       22568
       22569
       23029
       23030
       23031
       23032
       23033
       23034
       23035
       23036
       23037
       23038
       23039
       23040
       23041
       23042
       23043
       23044
       23045
       23046
       23047
       23048
       23049
       23050
       23051
       23052
       23053
       23054
       23055
       23056
       23057
       23518
       23519
       23520
       23521
       23522
       23523
       23524
       23525
       23526
       23527
       23528
       23529
       23530
       23531
       23532
       23533
       23534
       23535
       23536
       23537
       23538
       23539
       23540
       23541
       23542
       23543
       23544
       23545
       24006
       24007
       24008
       24009
       24010
       24011
       24012
       24013
       24014
       24015
       24016
       24017
       24018
       24019
       24020
       24021
       24022
       24023
       24024
       24025
       24026
       24027
       24028
       24029
       24030
       24031
       24032
       24033
       24495
       24496
       24497
       24498
       24499
       24500
       24501
       24502
       24503
       24504
       24505
       24506
       24507
       24508
       24509
       24510
       24511
       24512
       24513
       24514
       24515
       24516
       24517
       24518
       24519
       24520
       24521
       24984
       24985
       24986
       24987
       24988
       24989
       24990
       24991
       24992
       24993
       24994
       24995
       24996
       24997
       24998
       24999
       25000
       25001
       25002
       25003
       25004
       25005
       25006
       25007
       25008
       25009
       25473
       25474
       25475
       25476
       25477
       25478
       25479
       25480
       25481
       25482
       25483
       25484
       25485
       25486
       25487
       25488
       25489
       25490
       25491
       25492
       25493
       25494
       25495
       25496
       25497
       25963
       25964
       25965
       25966
       25967
       25968
       25969
       25970
       25971
       25972
       25973
       25974
       25975
       25976
       25977
       25978
       25979
       25980
       25981
       25982
       25983
       25984
       25985
       26453
       26454
       26455
       26456
       26457
       26458
       26459
       26460
       26461
       26462
       26463
       26464
       26465
       26466
       26467
       26468
       26469
       26470
       26471
       26472
       26473
       26943
       26944
       26945
       26946
       26947
       26948
       26949
       26950
       26951
       26952
       26953
       26954
       26955
       26956
       26957
       26958
       26959
       26960
       26961
       27433
       27434
       27435
       27436
       27437
       27438
       27439
       27440
       27441
       27442
       27443
       27444
       27445
       27446
       27447
       27448
       27449
       27924
       27925
       27926
       27927
       27928
       27929
       27930
       27931
       27932
       27933
       27934
       27935
       27936
       27937
       28414
       28415
       28416
       28417
       28418
       28419
       28420
       28421
       28422
       28423
       28424
       28425
       28904
       28905
       28906
       28907
       28908
       28909
       28910
       28911
       28912
       29394
       29395
       29396
       29397
