         100
      105829
      107298
      108768
      109258
      109748
      109749
      109750
      111225
      112697
      113187
      114657
      115147
      116128
      116616
      116618
      116619
      117109
      117111
      117601
      117602
      118089
      118091
      118580
      119070
      120050
      120540
      121995
      122484
      122972
      122973
      123462
      125907
      128843
      132269
      119561
      119590
      120051
      120058
      120059
      120060
      120061
      120070
      120073
      120074
      120076
      120541
      120542
      120545
      120546
      120550
      120551
      120552
      120553
      120554
      120555
      113676
      114167
      116129
      116617
      116620
      117105
      117107
      117108
      117112
      117594
      117596
      117597
      117598
      117599
      117600
      118083
      118086
      118088
      118090
      118578
      118579
      118581
      119069
      119071
      119560
      120049
      120539
      123951
      126396
      127864
      130311
      131290
      133738
      120547
      120548
      120549
      120556
      120557
      120558
      120560
      121030
      121031
      121032
      121033
      121034
