         840
      220334
      220821
      220823
      220824
      220825
      220826
      220827
      221312
      221313
      221314
      221315
      221316
      221317
      221318
      221319
      221320
      221798
      221799
      221801
      221802
      221803
      221804
      221805
      221806
      221807
      221808
      221809
      221810
      221811
      221812
      221813
      222290
      222291
      222292
      222293
      222294
      222295
      222296
      222297
      222298
      222299
      222300
      222301
      222302
      222303
      222304
      222305
      222776
      222777
      222778
      222779
      222780
      222781
      222782
      222783
      222784
      222785
      222786
      222787
      222788
      222789
      222790
      222791
      222792
      222793
      222794
      222795
      222796
      222797
      222798
      222799
      223267
      223268
      223269
      223270
      223271
      223272
      223273
      223274
      223275
      223276
      223277
      223278
      223279
      223280
      223281
      223282
      223283
      223284
      223285
      223286
      223287
      223288
      223289
      223290
      223291
      223756
      223757
      223758
      223759
      223760
      223761
      223762
      223763
      223764
      223765
      223766
      223767
      223768
      223769
      223770
      223771
      223772
      223773
      223774
      223775
      223776
      223777
      223778
      223779
      223780
      223781
      223782
      223783
      224245
      224246
      224247
      224248
      224249
      224250
      224251
      224252
      224253
      224254
      224255
      224256
      224257
      224258
      224259
      224260
      224261
      224262
      224263
      224264
      224265
      224266
      224267
      224268
      224269
      224270
      224271
      224272
      224273
      224275
      224734
      224735
      224736
      224737
      224738
      224739
      224740
      224741
      224742
      224743
      224744
      224745
      224746
      224747
      224748
      224749
      224750
      224751
      224752
      224753
      224754
      224755
      224756
      224757
      224758
      224759
      224760
      224761
      224762
      224763
      224765
      224766
      225223
      225224
      225225
      225226
      225227
      225228
      225229
      225230
      225231
      225232
      225233
      225234
      225235
      225236
      225237
      225238
      225239
      225240
      225241
      225242
      225243
      225244
      225245
      225246
      225247
      225248
      225249
      225250
      225251
      225252
      225253
      225254
      225255
      225712
      225713
      225714
      225715
      225716
      225717
      225718
      225719
      225720
      225721
      225722
      225723
      225724
      225725
      225726
      225727
      225728
      225729
      225730
      225731
      225732
      225733
      225734
      225735
      225736
      225737
      225738
      225739
      225740
      225741
      225742
      225743
      225744
      225745
      226200
      226201
      226202
      226203
      226204
      226205
      226206
      226207
      226208
      226209
      226210
      226211
      226212
      226213
      226214
      226215
      226216
      226217
      226218
      226219
      226220
      226221
      226222
      226223
      226224
      226225
      226226
      226227
      226228
      226229
      226230
      226235
      226689
      226690
      226691
      226692
      226693
      226694
      226695
      226696
      226697
      226698
      226699
      226700
      226701
      226702
      226703
      226704
      226705
      226706
      226707
      226708
      226709
      226710
      226711
      226712
      226713
      226714
      226715
      226716
      226717
      226718
      226719
      226720
      226721
      226722
      226723
      226724
      226725
      226726
      227178
      227179
      227180
      227181
      227182
      227183
      227184
      227185
      227186
      227187
      227188
      227189
      227190
      227191
      227192
      227193
      227194
      227195
      227196
      227197
      227198
      227199
      227200
      227201
      227202
      227203
      227204
      227205
      227206
      227207
      227208
      227209
      227212
      227213
      227216
      227667
      227668
      227669
      227670
      227671
      227672
      227673
      227674
      227675
      227676
      227677
      227678
      227679
      227680
      227681
      227682
      227683
      227684
      227685
      227686
      227687
      227688
      227689
      227690
      227691
      227692
      227693
      227694
      227695
      227696
      227697
      227698
      227699
      227700
      227701
      227702
      227703
      227704
      227705
      227706
      228156
      228157
      228158
      228159
      228160
      228161
      228162
      228163
      228164
      228165
      228166
      228167
      228168
      228169
      228170
      228171
      228172
      228173
      228174
      228175
      228176
      228177
      228178
      228179
      228180
      228181
      228182
      228183
      228184
      228185
      228186
      228187
      228188
      228189
      228190
      228191
      228192
      228193
      228194
      228195
      228645
      228646
      228647
      228648
      228649
      228650
      228651
      228652
      228653
      228654
      228655
      228656
      228657
      228658
      228659
      228660
      228661
      228662
      228663
      228664
      228665
      228666
      228667
      228668
      228669
      228670
      228671
      228672
      228673
      228674
      228675
      228676
      228677
      228678
      228679
      228680
      228681
      228682
      228683
      228684
      228685
      228686
      229134
      229135
      229136
      229137
      229138
      229139
      229140
      229141
      229142
      229143
      229144
      229145
      229146
      229147
      229148
      229149
      229150
      229151
      229152
      229153
      229154
      229155
      229156
      229157
      229158
      229159
      229160
      229161
      229162
      229163
      229164
      229165
      229166
      229167
      229168
      229169
      229170
      229171
      229172
      229173
      229175
      229176
      229623
      229624
      229625
      229626
      229627
      229628
      229629
      229630
      229631
      229632
      229633
      229634
      229635
      229636
      229637
      229638
      229639
      229640
      229641
      229642
      229643
      229644
      229645
      229646
      229647
      229648
      229649
      229650
      229651
      229652
      229653
      229654
      229655
      229656
      229657
      229658
      229659
      229660
      229661
      229662
      229664
      229665
      230112
      230113
      230114
      230115
      230116
      230117
      230118
      230119
      230120
      230121
      230122
      230123
      230124
      230125
      230126
      230127
      230128
      230129
      230130
      230131
      230132
      230133
      230134
      230135
      230136
      230137
      230138
      230139
      230140
      230141
      230142
      230143
      230144
      230145
      230146
      230147
      230148
      230149
      230150
      230151
      230152
      230153
      230156
      230601
      230602
      230603
      230604
      230605
      230606
      230607
      230608
      230609
      230610
      230611
      230612
      230613
      230614
      230615
      230616
      230617
      230618
      230619
      230620
      230621
      230622
      230623
      230624
      230625
      230626
      230627
      230628
      230629
      230630
      230631
      230632
      230633
      230634
      230635
      230636
      230637
      230638
      230639
      230641
      230642
      230645
      230646
      231090
      231091
      231092
      231093
      231094
      231095
      231096
      231097
      231098
      231099
      231100
      231101
      231102
      231103
      231104
      231105
      231106
      231107
      231108
      231109
      231110
      231111
      231112
      231113
      231114
      231115
      231116
      231117
      231118
      231119
      231120
      231121
      231122
      231123
      231124
      231125
      231126
      231127
      231128
      231129
      231130
      231131
      231132
      231135
      231579
      231580
      231581
      231582
      231583
      231584
      231585
      231586
      231587
      231588
      231589
      231590
      231591
      231592
      231593
      231594
      231595
      231596
      231597
      231598
      231599
      231600
      231601
      231602
      231603
      231604
      231605
      231606
      231607
      231608
      231609
      231610
      231611
      231612
      231613
      231614
      231615
      231616
      231617
      231618
      231619
      231620
      231621
      231622
      231623
      231624
      231625
      231626
      232068
      232069
      232070
      232071
      232072
      232073
      232074
      232075
      232076
      232077
      232078
      232079
      232080
      232081
      232082
      232083
      232084
      232085
      232086
      232087
      232088
      232089
      232090
      232091
      232092
      232093
      232094
      232095
      232096
      232097
      232098
      232099
      232100
      232101
      232102
      232103
      232104
      232105
      232106
      232107
      232108
      232109
      232110
      232111
      232112
      232113
      232114
      232115
      232116
      232557
      232558
      232559
      232560
      232561
      232562
      232563
      232564
      232565
      232566
      232567
      232568
      232569
      232570
      232571
      232572
      232573
      232574
      232575
      232576
      232577
      232578
      232579
      232580
      232581
      232582
      232583
      232584
      232585
      232586
      232587
      232588
      232589
      232590
      232591
      232592
      232593
      232594
      232595
      232596
      232597
      232598
      232599
      232600
      232601
      232602
      232603
      232605
      232606
