         410
       72358
       72359
       72847
       72848
       72849
       72850
       72851
       72852
       72853
       72854
       72855
       72856
       73336
       73337
       73338
       73339
       73340
       73341
       73342
       73343
       73344
       73345
       73346
       73347
       73348
       73349
       73350
       73824
       73825
       73826
       73827
       73828
       73829
       73830
       73831
       73832
       73833
       73834
       73835
       73836
       73837
       73838
       74313
       74314
       74315
       74316
       74317
       74318
       74319
       74320
       74321
       74322
       74323
       74324
       74325
       74326
       74327
       74328
       74802
       74803
       74804
       74805
       74806
       74807
       74808
       74809
       74810
       74811
       74812
       74813
       74814
       74815
       74816
       74817
       75291
       75292
       75293
       75294
       75295
       75296
       75297
       75298
       75299
       75300
       75301
       75302
       75303
       75304
       75305
       75306
       75779
       75780
       75781
       75782
       75783
       75784
       75785
       75786
       75787
       75788
       75789
       75790
       75791
       75792
       75793
       75794
       75795
       76268
       76269
       76270
       76271
       76272
       76273
       76274
       76275
       76276
       76277
       76278
       76279
       76280
       76281
       76282
       76283
       76284
       76757
       76758
       76759
       76760
       76761
       76762
       76763
       76764
       76765
       76766
       76767
       76768
       76769
       76770
       76771
       76772
       76773
       77245
       77246
       77247
       77248
       77249
       77250
       77251
       77252
       77253
       77254
       77255
       77256
       77257
       77258
       77259
       77260
       77261
       77262
       77734
       77735
       77736
       77737
       77738
       77739
       77740
       77741
       77742
       77743
       77744
       77745
       77746
       77747
       77748
       77749
       77750
       77751
       78224
       78225
       78226
       78227
       78228
       78229
       78230
       78231
       78232
       78233
       78234
       78235
       78236
       78237
       78238
       78239
       78240
       78713
       78714
       78715
       78716
       78717
       78718
       78719
       78720
       78721
       78722
       78723
       78724
       78725
       78726
       78727
       78728
       78729
       79201
       79202
       79203
       79204
       79205
       79206
       79207
       79208
       79209
       79210
       79211
       79212
       79213
       79214
       79215
       79216
       79217
       79218
       79691
       79692
       79693
       79694
       79695
       79696
       79697
       79698
       79699
       79700
       79701
       79702
       79703
       79704
       79705
       79706
       79707
       80180
       80181
       80182
       80183
       80184
       80185
       80186
       80187
       80188
       80189
       80190
       80191
       80192
       80193
       80194
       80195
       80196
       80665
       80666
       80668
       80669
       80670
       80671
       80672
       80673
       80674
       80675
       80676
       80677
       80678
       80679
       80680
       80681
       80682
       80683
       80684
       80685
       81154
       81155
       81158
       81159
       81160
       81161
       81162
       81163
       81164
       81165
       81166
       81167
       81168
       81169
       81170
       81171
       81172
       81173
       81174
       81643
       81647
       81648
       81649
       81650
       81651
       81652
       81653
       81654
       81655
       81656
       81657
       81658
       81659
       81660
       81661
       81662
       81663
       82132
       82136
       82137
       82138
       82139
       82140
       82141
       82142
       82143
       82144
       82145
       82146
       82147
       82148
       82149
       82150
       82151
       82152
       82625
       82626
       82627
       82628
       82629
       82630
       82631
       82632
       82633
       82634
       82635
       82636
       82637
       82638
       82639
       82640
       82641
       83114
       83115
       83118
       83119
       83122
       83123
       83124
       83125
       83126
       83127
       83128
       83129
       83130
       83606
       83607
       83608
       83609
       83610
       83611
       83612
       83613
       83614
       83615
       83619
       84096
       84097
       84098
       84099
       84100
       84101
       84102
       84103
       84104
       84105
       84106
       84107
       84108
       84589
       84590
       84591
       84592
       84593
       84594
       84595
       84596
       84597
       85079
       85080
       85081
       85571
       85572
       85573
       85574
       86061
       86062
