          67
      168200
      168690
      169178
      169179
      169667
      169668
      170156
      170157
      170639
      170646
      170647
      171128
      171617
      171622
      172106
      172111
      172115
      172604
      173084
      173093
      173094
      173573
      173578
      173583
      174060
      174062
      174067
      174549
      174556
      175038
      175045
      175527
      175534
      176016
      176023
      176505
      176512
      176992
      176993
      176995
      176996
      176997
      177000
      177001
      177482
      177484
      177485
      177486
      177490
      177970
      177971
      177973
      177974
      177975
      177979
      177984
      178458
      178459
      178460
      178461
      178462
      178464
      178465
      178467
      178468
      178951
      178952
