          43
      200966
      201455
      201943
      201945
      202433
      202434
      202922
      203411
      203413
      203414
      203900
      203902
      203903
      204390
      204392
      204393
      204400
      204880
      204881
      204882
      205369
      205370
      205371
      205858
      205859
      206347
      206348
      206350
      206830
      206836
      206837
      207326
      207327
      207329
      207815
      208298
      208300
      208305
      208307
      208787
      209768
      209775
      211233
