          40
      103491
      103975
      104463
      104467
      104951
      104960
      105927
      105931
      105936
      106415
      106907
      107391
      107879
      108367
      108370
      108854
      108858
      109342
      109343
      109827
      109832
      110320
      110324
      110325
      110801
      110803
      110807
      110808
      110809
      111299
      111301
      111778
      112264
      112275
      112763
      113746
      114248
      114711
      115698
      116673
