          43
      119332
      120301
      120302
      120791
      121767
      122254
      122740
      123729
      123731
      124215
      124216
      124217
      124218
      124706
      124710
      124711
      124712
      124713
      124714
      124715
      124716
      125191
      125197
      125198
      125206
      125684
      126167
      126168
      126183
      126654
      126655
      126656
      126671
      127142
      127143
      127160
      127631
      127649
      128139
      128631
      128632
      129605
      130579
