          57
      194442
      194443
      194444
      194445
      194446
      194447
      194448
      194929
      194930
      194931
      194932
      194933
      194934
      194935
      194936
      194937
      194938
      195418
      195419
      195420
      195421
      195422
      195423
      195424
      195425
      195426
      195427
      195906
      195907
      195908
      195909
      195910
      195911
      195912
      195913
      195914
      195915
      195916
      196396
      196397
      196398
      196399
      196400
      196401
      196402
      196403
      196404
      196405
      196887
      196888
      196889
      196890
      196891
      196892
      197378
      197379
      197380
