          41
      105516
      105523
      106002
      106013
      106490
      106492
      107958
      107965
      108453
      108454
      108456
      108942
      108943
      108945
      109430
      109431
      109432
      109433
      109434
      109918
      109919
      109922
      109923
      110405
      110408
      110895
      110896
      110899
      111382
      111386
      111387
      111389
      111869
      111870
      111875
      111876
      112363
      112364
      112365
      112848
      112853
