          46
      122572
      126472
      126476
      126482
      127936
      128423
      128424
      128911
      129421
      129888
      129910
      130376
      130379
      130398
      130399
      130862
      130864
      131350
      131351
      131352
      131355
      131863
      132352
      132813
      132815
      132830
      133303
      133343
      133790
      134279
      134766
      135274
      135275
      135725
      135742
      135743
      135761
      135762
      136231
      136250
      136720
      136738
      136743
      137226
      137231
      138704
