         174
      205849
      206335
      207317
      208289
      208290
      208771
      208777
      208778
      208779
      209260
      209261
      209266
      209267
      209268
      209749
      209750
      209751
      209754
      209755
      209756
      209759
      209760
      209763
      210236
      210239
      210240
      210241
      210243
      210244
      210245
      210248
      210249
      210252
      210725
      210729
      210730
      210732
      210733
      210734
      210737
      210738
      210739
      210742
      211214
      211218
      211219
      211220
      211221
      211222
      211223
      211224
      211227
      211228
      211703
      211707
      211708
      211709
      211710
      211711
      211712
      211713
      211716
      211717
      212196
      212197
      212198
      212199
      212200
      212201
      212203
      212204
      212205
      212206
      212207
      212208
      212209
      212685
      212686
      212687
      212688
      212689
      212690
      212692
      212693
      212694
      212695
      212696
      212697
      212698
      213175
      213176
      213177
      213178
      213179
      213181
      213182
      213183
      213184
      213185
      213186
      213187
      213664
      213665
      213666
      213667
      213668
      213670
      213671
      213672
      213673
      213674
      213675
      213676
      213678
      214153
      214154
      214155
      214156
      214157
      214159
      214160
      214161
      214162
      214163
      214164
      214165
      214642
      214643
      214644
      214645
      214646
      214648
      214649
      214650
      214651
      214652
      215132
      215134
      215135
      215137
      215138
      215139
      215140
      215621
      215624
      215626
      215627
      215628
      216104
      216105
      216106
      216107
      216110
      216114
      216115
      216116
      216593
      216594
      216595
      216596
      216599
      216603
      216614
      217082
      217083
      217084
      217085
      217574
      218063
      218067
      218552
      218553
      218557
      220014
