         710
      127484
      127970
      127973
      128459
      128948
      128962
      128963
      129437
      129451
      129452
      129453
      129456
      129925
      129926
      129929
      129938
      129939
      129942
      129946
      130414
      130415
      130428
      130432
      130435
      130902
      130903
      130904
      130917
      130921
      130924
      131392
      131393
      131396
      131406
      131410
      131411
      131413
      131879
      131880
      131881
      131884
      131885
      131895
      131899
      131900
      131901
      131902
      132368
      132369
      132370
      132373
      132374
      132384
      132388
      132389
      132390
      132391
      132857
      132858
      132859
      132862
      132863
      132873
      132877
      132878
      132879
      132880
      133345
      133347
      133348
      133350
      133351
      133352
      133362
      133366
      133367
      133368
      133369
      133834
      133835
      133836
      133837
      133838
      133839
      133850
      133851
      133854
      133855
      133856
      133857
      134323
      134324
      134325
      134326
      134327
      134328
      134336
      134339
      134340
      134343
      134344
      134345
      134346
      134811
      134812
      134813
      134814
      134815
      134816
      134817
      134818
      134825
      134826
      134827
      134828
      134829
      134832
      134833
      134834
      134835
      135300
      135301
      135302
      135303
      135304
      135305
      135306
      135307
      135308
      135309
      135313
      135314
      135315
      135316
      135317
      135318
      135321
      135322
      135323
      135324
      135789
      135791
      135792
      135793
      135794
      135795
      135796
      135797
      135798
      135802
      135803
      135804
      135805
      135806
      135807
      135810
      135811
      135812
      135813
      136278
      136281
      136282
      136283
      136284
      136285
      136286
      136287
      136291
      136292
      136293
      136294
      136295
      136296
      136299
      136300
      136301
      136302
      136767
      136770
      136771
      136772
      136773
      136774
      136775
      136776
      136777
      136780
      136781
      136782
      136783
      136784
      136785
      136788
      136789
      136790
      136791
      137255
      137256
      137259
      137260
      137261
      137262
      137263
      137264
      137265
      137269
      137270
      137271
      137272
      137273
      137274
      137278
      137279
      137280
      137744
      137750
      137751
      137752
      137753
      137754
      137755
      137756
      137757
      137758
      137759
      137760
      137761
      137762
      137765
      137766
      137769
      138233
      138240
      138241
      138242
      138243
      138244
      138245
      138246
      138247
      138248
      138249
      138250
      138251
      138254
      138255
      138258
      138722
      138723
      138729
      138730
      138731
      138732
      138733
      138734
      138735
      138736
      138737
      138738
      138739
      138740
      138743
      138744
      138747
      139210
      139218
      139219
      139220
      139221
      139222
      139223
      139224
      139225
      139226
      139227
      139228
      139229
      139233
      139236
      139697
      139698
      139700
      139708
      139709
      139710
      139711
      139712
      139713
      139714
      139717
      139718
      139725
      140186
      140188
      140189
      140190
      140197
      140198
      140199
      140200
      140201
      140202
      140203
      140206
      140207
      140214
      140675
      140677
      142141
      142142
      142631
      143120
      143609
      144097
      141652
      141653
      143607
      144096
      144098
      144586
      147028
      148006
      139707
      139715
      139716
      139721
      139722
      140196
      140210
      140211
      140676
      140686
      140687
      140688
      140689
      140690
      140691
      140692
      140695
      140696
      140699
      140700
      140703
      141166
      141175
      141176
      141177
      141178
      141179
      141180
      141181
      141184
      141185
      141188
      141189
      141192
      141648
      141666
      141669
      141670
      141673
      141678
      142145
      142155
      142158
      142159
      142162
      142167
      142634
      142635
      142644
      142647
      142648
      142651
      142656
      143133
      143136
      143137
      143145
      129924
      130413
      131390
      132856
      133833
      134322
      134810
      136277
      137746
      137747
      137748
      137749
      138232
      138235
      138236
      138237
      138238
      138239
      138721
      138724
      138725
      138726
      138727
      138728
      139211
      139213
      139214
      139215
      139216
      139217
      139701
      139702
      139703
      139704
      139705
      139706
      140187
      140191
      140192
      140193
      140194
      140195
      121147
      121636
      123591
      124080
      124550
      124569
      125058
      126035
      126524
      126993
      127013
      127502
      127972
      127991
      128480
      128969
      129440
      129458
      129940
      129941
      129947
      130429
      130430
      130431
      130436
      130918
      130919
      130920
      130925
      131407
      131409
      131414
      131896
      131898
      131903
      132385
      132386
      132387
      132392
      132874
      132875
      132876
      132881
      133363
      133364
      133365
      133370
      133852
      133853
      133858
      134341
      134342
      134347
      134830
      134831
      134836
      135319
      135320
      135325
      135808
      135809
      135814
      136297
      136298
      136303
      136786
      136787
      137275
      137276
      137277
      137763
      137764
      137767
      137768
      138252
      138253
      138256
      138257
      138741
      138742
      138745
      138746
      139230
      139231
      139232
      139234
      139235
      139719
      139720
      139723
      139724
      140204
      140205
      140208
      140209
      140212
      140213
      140678
      140680
      140681
      140682
      140683
      141165
      141168
      141169
      141170
      141171
      141172
      141656
      141657
      141662
      141663
      141675
      141676
      141680
      141681
      142144
      142151
      142152
      142164
      142165
      142169
      142170
      142625
      142632
      142633
      142640
      142641
      142649
      142650
      142653
      142654
      142658
      142659
      143121
      143122
      143123
      143124
      143129
      143130
      143134
      143135
      143138
      143139
      143142
      143143
      143147
      143148
      143610
      143611
      143612
      143618
      143619
      143623
      143624
      143627
      143631
      143632
      143636
      144100
      144108
      144109
      144120
      144125
      144598
      144599
      144604
      144607
      144613
      145088
      145092
      145093
      145096
      145102
      145561
      145575
      145576
      145577
      145590
      146064
      146065
      146079
      146569
      147542
      140684
      140685
      140693
      140694
      140697
      140698
      140701
      140702
      141163
      141173
      141174
      141182
      141183
      141186
      141187
      141190
      141191
      141664
      141665
      141667
      141668
      141671
      141672
      141674
      141677
      141679
      142137
      142146
      142153
      142154
      142156
      142157
      142160
      142161
      142163
      142166
      142168
      142642
      142643
      142645
      142646
      142652
      142655
      142657
      143108
      143118
      143131
      143132
      143140
      143141
      143144
      143146
      143620
      143621
      143622
      143625
      143626
      143629
      143630
      143633
      143634
      143635
      144099
      144110
      144111
      144114
      144115
      144118
      144119
      144122
      144123
      144124
      144585
      144587
      144600
      144603
      144608
      144611
      144612
      145089
      145097
      145100
      145101
      145586
      146075
      146564
      146568
      147053
      147057
      147058
      147546
      147547
      148035
      148036
      148524
      148525
      148984
      149013
      149014
      149503
      149992
      150481
      150970
      151459
      151948
