          41
       56576
       57065
       57552
       59022
       59998
       60490
       60979
       61468
       61937
       61957
       62446
       62447
       62933
       62935
       63408
       63422
       64893
       65378
       65867
       65869
       66356
       66357
       66358
       66845
       66846
       66847
       67334
       67335
       67824
       68805
       70271
       70760
       71734
       72715
       73204
       73693
       74182
       76137
       78088
       78092
       80536
