         231
       82528
       83015
       83030
       83503
       84007
       84496
       84500
       84967
       84984
       84985
       84988
       84989
       85471
       85472
       85473
       85474
       85477
       85478
       85485
       85960
       85961
       85962
       85963
       85964
       85966
       85967
       85974
       86449
       86450
       86451
       86452
       86453
       86454
       86455
       86456
       86461
       86462
       86463
       86464
       86936
       86937
       86938
       86939
       86940
       86941
       86942
       86943
       86944
       86945
       86948
       87425
       87426
       87427
       87428
       87429
       87430
       87431
       87432
       87433
       87434
       87436
       87437
       87913
       87914
       87915
       87917
       87918
       87919
       87920
       87921
       87922
       87923
       87924
       87925
       87926
       88401
       88402
       88403
       88404
       88405
       88406
       88407
       88408
       88409
       88410
       88411
       88412
       88413
       88414
       88890
       88891
       88892
       88893
       88894
       88895
       88896
       88897
       88898
       88899
       88900
       88901
       89379
       89380
       89381
       89382
       89383
       89384
       89385
       89386
       89387
       89388
       89389
       89866
       89867
       89868
       89869
       89870
       89871
       89872
       89873
       89874
       89875
       89876
       89877
       89878
       90354
       90355
       90356
       90357
       90358
       90359
       90360
       90361
       90362
       90363
       90364
       90365
       90366
       90367
       90368
       90842
       90843
       90844
       90845
       90846
       90847
       90848
       90849
       90850
       90851
       90852
       90853
       90854
       91331
       91332
       91333
       91334
       91335
       91336
       91337
       91338
       91339
       91340
       91341
       91342
       91820
       91821
       91822
       91823
       91824
       91825
       91826
       91827
       91828
       91829
       91830
       91831
       92309
       92310
       92311
       92312
       92313
       92314
       92315
       92316
       92317
       92318
       92319
       92798
       92799
       92800
       92801
       92802
       92803
       92804
       92805
       92806
       92807
       93287
       93288
       93289
       93290
       93291
       93292
       93293
       93294
       93776
       93777
       93778
       93779
       93780
       93781
       93782
       93783
       94266
       94267
       94268
       94269
       94270
       94271
       94758
       94759
       95246
       95247
       95734
       95735
       96222
       96223
       96224
       96712
       96713
