          66
       62299
       62787
       62788
       65230
       67185
       67674
       68163
       68652
       69141
       69630
       70119
       70608
       71097
       71098
       71586
       71587
       72075
       72564
       73052
       73541
       74029
       74030
       74518
       74519
       75006
       75007
       75494
       75495
       75496
       75983
       75984
       75985
       76472
       76473
       76474
       76960
       76961
       76962
       76963
       77449
       77450
       77451
       77452
       77938
       77939
       77940
       77941
       78427
       78428
       78429
       78430
       78916
       78917
       78918
       79405
       79406
       79894
       79895
       80383
       80384
       80872
       81361
       81850
       82339
       82828
       84294
