          40
      192028
      192029
      192515
      192516
      192517
      192519
      193004
      193005
      193006
      193493
      193494
      193495
      193982
      193983
      193984
      193987
      193988
      194471
      194472
      194473
      194477
      194960
      194961
      194962
      194966
      195449
      195450
      195451
      195454
      195455
      195938
      195939
      195940
      195943
      195944
      195945
      196430
      196919
      196921
      197406
