         189
       59538
       60027
       60516
       60998
       61005
       61494
       61983
       62464
       62466
       62467
       62470
       62472
       62956
       62961
       63447
       63449
       63450
       63939
       64428
       64913
       65402
       65891
       67847
       72250
       73227
       73717
       75180
       78605
       80073
       59539
       60028
       60517
       61006
       61007
       61496
       61986
       62475
       62964
       63453
       63454
       63457
       63942
       63943
       63944
       63945
       63946
       64431
       64432
       64433
       64434
       64435
       64920
       64921
       64922
       64923
       64924
       65409
       65410
       65411
       65412
       65414
       65415
       65898
       65899
       65900
       65901
       65903
       65904
       65905
       66387
       66388
       66389
       66392
       66393
       66394
       66395
       66876
       66877
       66878
       66881
       66882
       66883
       66884
       67365
       67366
       67367
       67373
       67384
       67854
       67855
       67856
       67862
       67867
       68351
       68361
       68841
       69330
       69331
       69338
       58561
       59050
       61495
       61984
       61985
       62474
       62963
       63452
       63941
       64430
       64919
       65408
       65413
       65902
       66390
       66391
       66879
       66880
       67368
       67372
       67857
       67861
       68343
       68344
       68345
       68350
       68356
       68839
       68840
       68845
       68850
       69328
       69329
       69332
       69333
       69334
       69817
       69818
       69819
       69820
       69821
       69822
       69823
       69824
       69825
       69826
       70306
       70307
       70308
       70309
       70310
       70795
       70796
       70797
       70798
       71284
       71285
       71773
       71774
       57583
       62473
       62962
       63451
       63940
       64429
       64918
       65407
       65897
       66386
       66875
       67364
       67369
       67371
       67858
       67860
       68346
       68349
       68833
       68834
       68835
       69816
       70305
       70311
       70794
       70799
       71283
       71772
       72262
       74216
       74705
