          46
         158
         159
         640
        1126
        1615
        2105
        2106
        2592
        2593
        2594
        3079
        3564
        5540
        5541
        5542
        5552
        6027
        6028
        6043
        6044
        6514
        6515
        6534
        6999
        7000
        7025
        7486
        7487
        7975
        8462
        8487
        8974
        9436
        9460
        9461
        9471
        9472
        9946
        9947
        9948
        9949
        9950
       10431
       10432
       10433
       10916
