         101
       61331
       61332
       61333
       61344
       61815
       61816
       61828
       61829
       62302
       62303
       62791
       62792
       63279
       63280
       63767
       63768
       64256
       64745
       65234
       65723
       66213
       66703
       67192
       67193
       67218
       67682
       67704
       67705
       67706
       68172
       68185
       68661
       68662
       68673
       68674
       68675
       68676
       68678
       69150
       69151
       69166
       69650
       69651
       69652
       69653
       69654
       70129
       70130
       70139
       70140
       70617
       70618
       70619
       70620
       70625
       70626
       70627
       70628
       70629
       70630
       71106
       71107
       71108
       71113
       71114
       71119
       71120
       71121
       71122
       71123
       71595
       71596
       71597
       71617
       72084
       72085
       72086
       72106
       72573
       72574
       72575
       73062
       73063
       73064
       73551
       73552
       74040
       74041
       74530
       75018
       75019
       75507
       75508
       75996
       75997
       76485
       76486
       76975
       77464
       77953
       78442
