          49
      198042
      198526
      199012
      199014
      199501
      199990
      200472
      200480
      200484
      200961
      200969
      200973
      201458
      201459
      201460
      201462
      201465
      201938
      201940
      201948
      201951
      201953
      202427
      202437
      202440
      202442
      202914
      202926
      202928
      203408
      203416
      203419
      203421
      203422
      203424
      203895
      203897
      203908
      203910
      204382
      204385
      204394
      204396
      204871
      204874
      205366
      205855
      206339
      206344
