         160
      131228
      131229
      131717
      131718
      132205
      132206
      132207
      132694
      132695
      132696
      133183
      133184
      133185
      133671
      133672
      133673
      133674
      133675
      134160
      134161
      134162
      134163
      134164
      134649
      134650
      134651
      134652
      134653
      135138
      135139
      135140
      135141
      135142
      135627
      135628
      135629
      135630
      135631
      136115
      136116
      136117
      136118
      136119
      136604
      136605
      136606
      136608
      137093
      137094
      137095
      137583
      137584
      137585
      137586
      138072
      138073
      138074
      138075
      138561
      138562
      138563
      138564
      139050
      139051
      139052
      139053
      139538
      139539
      139540
      139541
      139542
      140027
      140028
      140029
      140030
      140031
      140516
      140517
      140518
      140519
      140520
      141005
      141006
      141007
      141008
      141009
      141493
      141494
      141495
      141496
      141497
      141982
      141983
      141984
      141985
      141986
      142471
      142472
      142473
      142474
      142475
      142960
      142961
      142962
      142963
      142964
      143449
      143450
      143451
      143452
      143453
      143938
      143939
      143940
      143941
      143942
      144427
      144428
      144429
      144430
      144431
      144916
      144917
      144918
      144919
      145406
      145407
      145408
      145409
      145895
      145896
      145897
      145898
      146384
      146385
      146386
      146387
      146873
      146874
      146875
      146876
      147363
      147364
      147365
      147852
      147853
      148341
      148342
      148830
      148831
      149317
      149318
      149321
      149806
      149807
      149810
      150296
      150299
      150783
      151272
