         171
       67417
       67905
       67906
       68393
       68394
       68881
       68882
       69369
       69370
       69856
       69857
       69858
       70344
       70345
       70346
       70833
       70834
       71321
       71322
       71323
       71324
       71325
       71326
       71809
       71810
       71811
       71812
       71813
       71814
       71815
       72296
       72297
       72298
       72299
       72300
       72301
       72302
       72303
       72785
       72786
       72787
       72788
       72789
       72790
       72791
       72792
       73274
       73275
       73276
       73277
       73278
       73279
       73280
       73762
       73763
       73764
       73765
       73766
       73767
       73768
       74249
       74250
       74251
       74252
       74253
       74254
       74255
       74256
       74738
       74739
       74740
       74741
       74742
       74743
       74744
       75226
       75227
       75228
       75229
       75230
       75231
       75232
       75233
       75234
       75715
       75716
       75717
       75718
       75719
       75720
       75721
       75722
       75723
       76203
       76204
       76205
       76206
       76207
       76208
       76209
       76210
       76211
       76212
       76213
       76691
       76692
       76693
       76694
       76695
       76696
       76697
       76698
       76699
       76700
       76701
       77180
       77181
       77182
       77183
       77184
       77185
       77186
       77187
       77188
       77189
       77190
       77669
       77670
       77671
       77672
       77673
       77674
       77675
       77676
       77677
       77678
       77685
       78158
       78159
       78160
       78161
       78162
       78163
       78164
       78165
       78166
       78167
       78651
       78652
       78653
       78654
       78655
       78656
       79138
       79139
       79140
       79141
       79142
       79143
       79627
       79628
       79629
       79630
       79631
       79632
       80116
       80120
       80121
       80610
       80613
       81100
