          58
       47815
       49280
       50257
       50262
       50751
       51234
       51240
       51722
       51723
       51724
       51730
       52211
       52212
       52213
       52219
       52700
       52701
       52702
       53188
       53189
       53190
       53677
       53678
       53679
       54166
       54167
       54168
       54169
       54654
       54655
       54656
       54657
       54658
       55142
       55145
       55146
       55147
       55148
       55630
       55631
       55632
       55636
       55637
       55638
       56119
       56120
       56121
       56125
       56126
       56127
       56610
       56611
       56615
       56616
       57096
       57099
       57585
       58565
