          56
       21808
       21813
       21818
       22298
       22300
       22310
       22785
       22794
       22801
       23277
       23768
       23770
       24754
       25732
       26693
       26695
       27187
       27199
       27678
       28655
       29149
       29153
       29639
       29640
       30136
       30615
       30622
       31105
       31590
       31595
       31596
       31597
       32078
       32080
       33554
       35007
       35009
       35026
       36482
       36483
       36968
       36979
       37949
       37950
       37953
       38435
       38917
       38924
       39895
       42818
       43330
       43819
       44309
       44795
       44798
       44799
