          59
       37532
       37993
       38974
       39469
       39486
       39955
       39956
       40463
       40932
       40934
       40935
       40939
       41422
       41424
       41425
       41428
       41440
       41918
       42409
       42417
       42897
       42898
       42899
       43382
       43383
       43394
       43872
       43873
       43876
       44358
       44361
       44362
       44365
       44848
       44850
       44854
       45341
       45346
       45829
       46802
       29717
       30694
       31671
       32159
       33136
       34113
       47790
       48278
       49260
       49746
       49748
       49749
       50236
       50721
       51211
       51212
       51215
       51216
       52681
