          86
        7456
        7457
        7936
        8920
        9882
        9892
       10382
       10861
       10869
       11353
       11356
       12322
       39730
       42652
       44603
       44610
       45110
       46069
       46572
         155
         156
        1125
        1614
        2103
        2591
        3071
        3072
        3077
        3558
        3561
        3562
        3563
        4044
        4532
        5020
        5508
        5996
        6975
        9924
       11384
       11871
       11872
       12845
       31447
       31932
       32427
       32903
       32904
       32905
       32906
       32910
       33387
       33391
       33392
       33872
       33874
       33875
       33876
       33877
       33879
       34358
       34360
       34361
       34362
       34363
       34364
       34365
       34850
       34851
       38760
       38761
       39245
       41702
       41703
       41704
       41707
       42189
       42192
       48029
       49010
       51438
       51451
       52416
       52904
       52905
       53394
