          67
       78755
       79730
       79743
       80225
       81192
       81193
       81194
       81202
       81680
       81699
       82169
       82179
       82183
       82185
       82656
       82657
       82658
       82670
       82673
       83145
       83633
       83634
       83645
       83650
       84133
       84135
       84136
       84139
       84622
       84624
       84625
       85111
       85114
       85116
       85599
       85603
       85604
       86087
       86576
       86577
       86578
       86581
       87060
       87064
       87065
       87068
       87069
       87549
       87553
       87557
       88036
       88041
       89013
       89505
       89992
       89994
       90481
       90967
       90971
       91460
       91948
       92923
       93412
       93414
       94878
       94879
       95367
