          96
        5128
        6598
        7578
        7579
        7580
        8070
        8558
         754
        1734
        1737
        2221
        2223
        3688
        3691
        5156
        6624
        7115
        7583
        8071
        8073
        8074
        8079
        8080
        8566
        8567
        8582
        8584
        9054
        9074
        9549
        9563
       10051
       11028
       11513
       14935
        2714
        3690
        4180
        4667
        5646
        5647
        6135
        6136
        6625
        6626
        6627
        7114
        7603
        8069
        8072
        8092
        8096
        8097
        8559
        8560
        8561
        8562
        8563
        8564
        8565
        8575
        8576
        9047
        9048
        9049
        9051
        9058
        9061
        9066
        9552
        9554
       10040
       10041
       10042
       10043
       10532
       10536
       10537
       11025
       11026
       11029
       11511
       11516
       11519
       12008
       13464
       13956
       13957
       14934
        5615
        6596
        7087
        7577
        8067
        8068
        8557
