         388
      224077
      224078
      224563
      224564
      224565
      224566
      224567
      224568
      224569
      224570
      224571
      225051
      225052
      225053
      225054
      225055
      225056
      225057
      225058
      225059
      225060
      225061
      225062
      225063
      225539
      225540
      225541
      225543
      225544
      225545
      225546
      225547
      225548
      225549
      225550
      225551
      225552
      226027
      226028
      226029
      226030
      226031
      226032
      226033
      226034
      226035
      226036
      226037
      226038
      226039
      226040
      226041
      226516
      226517
      226518
      226519
      226521
      226522
      226523
      226524
      226525
      226526
      226527
      226528
      226529
      226530
      227004
      227005
      227006
      227007
      227008
      227009
      227010
      227011
      227012
      227013
      227014
      227015
      227016
      227017
      227018
      227019
      227479
      227480
      227493
      227494
      227495
      227496
      227497
      227498
      227499
      227500
      227501
      227502
      227503
      227504
      227505
      227506
      227507
      227508
      227967
      227968
      227981
      227982
      227983
      227984
      227985
      227986
      227987
      227988
      227989
      227990
      227991
      227992
      227993
      227994
      227995
      227996
      227997
      228455
      228456
      228468
      228469
      228470
      228471
      228472
      228473
      228474
      228475
      228476
      228477
      228478
      228479
      228480
      228481
      228482
      228483
      228484
      228485
      228486
      228951
      228952
      228957
      228958
      228959
      228960
      228961
      228962
      228963
      228964
      228965
      228966
      228967
      228968
      228969
      228970
      228971
      228972
      228973
      228974
      228975
      229445
      229446
      229447
      229448
      229449
      229450
      229451
      229452
      229453
      229454
      229455
      229456
      229457
      229458
      229459
      229460
      229461
      229462
      229463
      229464
      229933
      229934
      229935
      229936
      229937
      229938
      229939
      229940
      229941
      229942
      229943
      229944
      229945
      229946
      229947
      229948
      229949
      229950
      229951
      229952
      229953
      230422
      230423
      230424
      230425
      230426
      230427
      230428
      230429
      230430
      230431
      230432
      230433
      230434
      230435
      230436
      230437
      230438
      230439
      230440
      230441
      230442
      230911
      230912
      230913
      230914
      230915
      230916
      230917
      230918
      230919
      230920
      230921
      230922
      230923
      230924
      230925
      230926
      230927
      230928
      230929
      230930
      230931
      231400
      231401
      231402
      231403
      231404
      231405
      231406
      231407
      231408
      231409
      231410
      231411
      231412
      231413
      231414
      231415
      231416
      231417
      231418
      231419
      231420
      231888
      231889
      231890
      231891
      231892
      231893
      231894
      231895
      231896
      231897
      231898
      231899
      231900
      231901
      231902
      231903
      231904
      231905
      231906
      231907
      231908
      231909
      232377
      232378
      232379
      232380
      232381
      232382
      232383
      232384
      232385
      232386
      232387
      232388
      232389
      232390
      232391
      232392
      232393
      232394
      232395
      232396
      232397
      232398
      225064
      225065
      225553
      225554
      225555
      225556
      226042
      226043
      226044
      226045
      226046
      226531
      226532
      226533
      226534
      226535
      226536
      227020
      227021
      227022
      227023
      227024
      227025
      227026
      227509
      227510
      227511
      227512
      227513
      227514
      227998
      227999
      228000
      228001
      228002
      228003
      228487
      228488
      228489
      228490
      228491
      228492
      228976
      228977
      228978
      228979
      228980
      228981
      229465
      229466
      229467
      229468
      229469
      229470
      229954
      229955
      229956
      229957
      229958
      229959
      230443
      230444
      230445
      230446
      230447
      230932
      230933
      230934
      230935
      230936
      231421
      231423
      231424
      231910
      231911
      231912
      232399
      232400
      232401
