         117
      218435
      218916
      218920
      218923
      219405
      219409
      219410
      219411
      219412
      219892
      219893
      219894
      219895
      219896
      219897
      219898
      219899
      220381
      220382
      220383
      220384
      220385
      220386
      220387
      220863
      220864
      220865
      220866
      220870
      220871
      220872
      220873
      220874
      221352
      221353
      221354
      221358
      221359
      221360
      221361
      221362
      221363
      221841
      221842
      221847
      221848
      221849
      221850
      221851
      222330
      222331
      222335
      222336
      222337
      222339
      222807
      222815
      222816
      222817
      222818
      222819
      222820
      222821
      222822
      222823
      222824
      222825
      222826
      223296
      223303
      223304
      223305
      223306
      223307
      223308
      223309
      223310
      223311
      223312
      223313
      223314
      223315
      223790
      223792
      223793
      223794
      223795
      223796
      223797
      223798
      223799
      223800
      223801
      223802
      223803
      224280
      224281
      224282
      224283
      224284
      224285
      224286
      224287
      224288
      224289
      224290
      224291
      224292
      224772
      224773
      224774
      224775
      224776
      224777
      224778
      224779
      225266
