          57
      120376
      120861
      121347
      121836
      122324
      123304
      123305
      126242
      126741
      127231
      127719
      128694
      129183
      130159
      130647
      131134
      131620
      132106
      132591
      133076
      135052
      135540
      136025
      136028
      136514
      137004
      137495
      137982
      137983
      137984
      138469
      138470
      138957
      138958
      138959
      139444
      139445
      139935
      139936
      140425
      141404
      141893
      142380
      142381
      142866
      142867
      143354
      143355
      143843
      144332
      144821
      145309
      146776
      147264
      140914
      142868
      143844
