         146
       10419
       10903
       11398
       11883
       11893
       11894
       12384
       12413
       12860
       12873
       12888
       13344
       13362
       13363
       13364
       13377
       13378
       13379
       13388
       13390
       13851
       13852
       13853
       13854
       13860
       13865
       13866
       13867
       13868
       13877
       13879
       14340
       14341
       14342
       14343
       14344
       14345
       14346
       14347
       14348
       14349
       14354
       14355
       14356
       14357
       14368
       14829
       14830
       14831
       14832
       14833
       14834
       14835
       14836
       14837
       14838
       14843
       14844
       14845
       15320
       15321
       15322
       15323
       15324
       15325
       15326
       15327
       15328
       15333
       15809
       15810
       15811
       15812
       15813
       15814
       15815
       15816
       15817
       15837
       16297
       16302
       16303
       16304
       16311
       16791
       16792
       16793
       17279
       17280
       17281
       17282
       17283
       17768
       17769
       17770
       17771
       17772
       18257
       18258
       18259
       18260
       18261
       18746
       18747
       18748
       18749
       18750
       19235
       19236
       19237
       19238
       19724
       19725
       19726
       19727
       20214
       20215
       20216
       20237
       20705
       20706
       20727
       21689
       21690
       21704
       22177
       22178
       22179
       22180
       22663
       22664
       22665
       22666
       22670
       22671
       22672
       22673
       22674
       22675
       22676
       22682
       23168
       23658
       23659
       23660
       29023
