          75
      110697
      113144
      113633
      114123
      114612
      115101
      115590
      115591
      115592
      116080
      116081
      116569
      117058
      117059
      117546
      117547
      117548
      118036
      118525
      118526
      119014
      119015
      119503
      119504
      119505
      119991
      119992
      119993
      119994
      120480
      120481
      120482
      120483
      120969
      120970
      120971
      121458
      121459
      121948
      122437
      122925
      122926
      123414
      123415
      123903
      123904
      124391
      124392
      124393
      124880
      124881
      124882
      125369
      125370
      125371
      125858
      125859
      125860
      125861
      125862
      125863
      126347
      126348
      126350
      126351
      126352
      126836
      126837
      127325
      127326
      127814
      127815
      128304
      128793
      129282
