          96
         323
         324
         325
         328
         330
         806
         808
         812
         818
        1295
        1297
        1301
        1785
        1786
        1790
        2272
        2274
        2275
        2279
        2761
        2763
        2767
        2768
        2773
        3251
        3252
        3255
        3256
        3257
        3261
        3740
        3744
        3745
        3750
        4227
        4229
        4233
        4234
        4238
        4715
        4722
        4723
        4727
        5204
        5211
        5212
        5216
        5692
        5700
        6178
        6189
        6193
        6666
        6667
        6668
        6682
        7154
        7155
        7156
        7157
        7158
        7170
        7642
        7643
        7644
        7645
        7646
        7655
        7659
        8131
        8133
        8134
        8135
        8144
        8148
        8621
        8632
        8633
        8635
        9110
        9121
        9122
        9123
        9124
        9599
        9610
        9611
        9612
       10088
       10099
       10100
       10577
       11066
       11555
       12044
       12533
