         361
       16570
       17059
       19013
       19014
       19502
       19503
       19991
       19992
       20478
       20479
       20480
       20481
       20482
       20967
       20968
       20969
       20970
       20971
       21444
       21445
       21456
       21457
       21458
       21459
       21934
       21945
       21946
       21947
       21948
       22422
       22434
       22435
       22436
       22437
       22922
       22923
       22924
       22925
       22926
       23402
       23411
       23412
       23413
       23414
       23415
       23891
       23900
       23901
       23902
       23903
       23904
       24390
       24391
       24392
       24393
       24879
       24880
       24881
       24882
       25366
       25367
       25368
       25369
       25370
       25371
       25855
       25856
       25857
       25858
       25859
       25860
       26345
       26346
       26347
       26348
       26349
       26834
       26835
       26836
       26837
       26838
       27323
       27324
       27325
       27326
       27327
       27813
       27814
       28303
       29769
       30257
       30258
       30259
       30746
       30747
       30748
       31236
       31237
       31725
       37074
       37562
       37563
       37564
       38050
       38051
       38052
       38053
       38054
       38055
       38056
       38057
       38538
       38539
       38542
       38543
       38544
       38545
       38546
       38547
       38548
       39027
       39028
       39029
       39032
       39033
       39034
       39035
       39036
       39037
       39038
       39515
       39516
       39517
       39518
       39521
       39522
       39523
       39524
       39525
       39526
       39527
       39528
       40007
       40008
       40009
       40010
       40011
       40012
       40013
       40014
       40015
       40016
       40496
       40497
       40498
       40499
       40500
       40501
       40502
       40503
       40504
       40984
       40985
       40986
       40987
       40988
       40989
       40990
       40991
       40992
       40993
       41472
       41473
       41474
       41475
       41476
       41477
       41478
       41479
       41480
       41961
       41962
       41963
       41964
       41965
       41966
       41967
       41968
       41969
       42445
       42449
       42450
       42451
       42452
       42453
       42454
       42455
       42456
       42457
       42458
       42935
       42937
       42938
       42939
       42940
       42941
       42942
       42943
       42944
       42945
       42946
       42947
       42951
       43426
       43427
       43428
       43429
       43430
       43431
       43432
       43433
       43434
       43435
       43436
       43440
       43914
       43915
       43916
       43917
       43918
       43919
       43920
       43921
       44399
       44403
       44404
       44405
       44406
       44407
       44408
       44409
       44410
       44887
       44888
       44892
       44893
       44894
       44895
       44896
       44897
       44898
       44899
       44916
       44917
       45376
       45377
       45381
       45382
       45383
       45384
       45385
       45386
       45387
       45388
       45406
       45869
       45870
       45871
       45872
       45873
       45874
       45875
       45876
       45877
       46357
       46358
       46359
       46360
       46361
       46362
       46363
       46364
       46365
       46366
       46845
       46846
       46847
       46848
       46849
       46850
       46851
       46852
       46853
       46854
       46855
       47334
       47335
       47336
       47337
       47338
       47339
       47340
       47341
       47342
       47343
       47344
       47823
       47824
       47825
       47826
       47827
       47828
       47829
       47830
       47831
       48312
       48313
       48314
       48315
       48316
       48317
       48318
       48319
       48801
       48802
       48803
       48804
       48805
       48806
       48807
       49290
       49291
       49292
       49293
       49294
       49295
       49779
       49780
       49781
       49782
       49783
       50268
       50269
       50270
       50758
       51754
       47822
       48320
       48808
       49296
       49784
       50271
       50272
       50273
       50757
       50759
       51252
       55660
       55661
       55662
       56151
