         241
      161253
      161254
      161255
      161256
      161257
      161258
      161259
      161260
      161261
      161262
      161263
      161264
      161265
      161266
      161267
      161268
      161269
      161270
      161271
      161742
      161743
      161744
      161745
      161746
      161747
      161748
      161749
      161750
      161751
      161752
      161753
      161754
      161755
      161756
      161757
      161758
      161759
      161760
      161761
      162231
      162232
      162233
      162234
      162235
      162236
      162237
      162238
      162239
      162240
      162241
      162242
      162243
      162244
      162245
      162246
      162247
      162248
      162249
      162250
      162719
      162720
      162721
      162722
      162723
      162724
      162725
      162726
      162727
      162728
      162729
      162730
      162731
      162732
      162733
      162734
      162735
      162736
      162737
      162738
      162739
      162740
      163208
      163209
      163210
      163211
      163213
      163214
      163215
      163216
      163217
      163218
      163219
      163220
      163221
      163222
      163223
      163224
      163225
      163226
      163227
      163228
      163229
      163697
      163699
      163700
      163702
      163703
      163704
      163705
      163706
      163707
      163708
      163709
      163710
      163711
      163712
      163713
      163714
      163715
      163716
      163717
      163718
      164186
      164188
      164189
      164191
      164192
      164193
      164194
      164195
      164196
      164197
      164198
      164199
      164200
      164201
      164202
      164203
      164204
      164205
      164206
      164207
      164675
      164677
      164678
      164680
      164681
      164682
      164683
      164684
      164685
      164686
      164687
      164688
      164689
      164690
      164691
      164692
      164693
      164694
      164695
      165164
      165165
      165166
      165168
      165169
      165170
      165171
      165172
      165173
      165174
      165175
      165176
      165177
      165178
      165179
      165180
      165181
      165182
      165183
      165184
      165652
      165653
      165654
      165655
      165656
      165657
      165658
      165659
      165660
      165661
      165662
      165663
      165664
      165665
      165666
      165667
      165668
      165669
      165670
      165671
      165672
      166141
      166142
      166144
      166145
      166146
      166148
      166149
      166150
      166151
      166152
      166153
      166154
      166155
      166156
      166157
      166158
      166159
      166160
      166161
      166637
      166638
      166639
      166640
      166641
      166642
      166643
      166644
      166645
      166646
      166647
      166648
      166649
      167132
      167133
      167134
      167135
      167136
      167137
      167138
