          71
      206262
      206751
      207240
      207729
      208218
      208707
      209196
      209685
      209689
      209690
      210173
      210178
      210179
      210662
      210667
      210668
      210669
      211151
      211156
      211157
      211158
      211640
      211645
      211646
      211647
      211653
      212128
      212133
      212134
      212135
      212136
      212137
      212140
      212617
      212618
      212622
      212623
      212624
      212625
      212626
      212627
      212629
      213107
      213111
      213112
      213113
      213114
      213115
      213116
      213118
      213120
      213596
      213600
      213601
      213603
      213604
      213605
      213607
      213609
      214085
      214090
      214091
      214092
      214093
      214094
      214096
      214102
      214573
      214592
      215082
      215083
