          43
      193963
      193964
      193965
      193966
      193967
      193968
      194450
      194451
      194452
      194453
      194454
      194455
      194456
      194457
      194939
      194940
      194941
      194942
      194943
      194944
      194945
      194946
      195428
      195429
      195430
      195431
      195432
      195433
      195434
      195435
      195917
      195918
      195919
      195920
      195921
      195922
      195923
      195924
      196409
      196410
      196411
      196412
      196413
