          68
       55810
       56789
       57278
       57770
       58258
       58259
       58747
       59240
       59726
       59728
       60215
       60220
       60704
       60723
       61194
       61199
       61206
       61207
       61208
       61683
       61699
       61700
       61701
       61702
       63150
       63152
       63154
       63155
       63156
       63164
       63166
       63169
       63644
       63649
       63650
       63651
       64130
       64131
       64132
       64133
       64134
       64135
       64147
       64615
       64621
       65103
       65592
       66098
       66565
       66584
       67071
       68533
       69021
       69024
       70492
       70986
       70989
       71481
       72459
       72930
       73409
       73411
       73412
       73413
       73414
       73417
       73903
       73908
