         364
      109476
      109477
      109478
      109479
      109480
      109481
      109963
      109964
      109965
      109966
      109967
      109968
      109969
      109970
      109971
      109972
      110452
      110453
      110454
      110455
      110456
      110457
      110458
      110459
      110460
      110461
      110462
      110940
      110941
      110942
      110943
      110944
      110945
      110946
      110947
      110948
      110949
      110950
      110951
      110952
      110953
      111429
      111430
      111431
      111432
      111433
      111434
      111435
      111436
      111437
      111438
      111439
      111440
      111441
      111442
      111443
      111918
      111919
      111920
      111921
      111922
      111923
      111924
      111925
      111926
      111927
      111928
      111929
      111930
      111931
      111932
      111933
      112407
      112408
      112409
      112410
      112411
      112412
      112413
      112414
      112415
      112416
      112417
      112418
      112419
      112420
      112421
      112422
      112423
      112895
      112896
      112897
      112898
      112899
      112900
      112901
      112902
      112903
      112904
      112905
      112906
      112907
      112908
      112909
      112910
      112911
      112912
      112913
      112914
      113384
      113385
      113386
      113387
      113388
      113389
      113390
      113391
      113392
      113393
      113394
      113395
      113396
      113397
      113398
      113399
      113400
      113401
      113402
      113403
      113404
      113873
      113874
      113875
      113876
      113877
      113878
      113879
      113880
      113881
      113882
      113883
      113884
      113885
      113886
      113887
      113888
      113889
      113890
      113891
      113892
      113893
      114361
      114362
      114363
      114364
      114365
      114366
      114367
      114368
      114369
      114370
      114371
      114372
      114373
      114374
      114375
      114376
      114377
      114378
      114379
      114380
      114381
      114382
      114850
      114851
      114852
      114853
      114854
      114855
      114856
      114857
      114858
      114859
      114860
      114861
      114862
      114863
      114864
      114865
      114866
      114867
      114868
      114869
      114870
      114871
      115339
      115340
      115341
      115342
      115343
      115344
      115345
      115346
      115347
      115348
      115349
      115350
      115351
      115352
      115353
      115354
      115355
      115356
      115357
      115358
      115359
      115360
      115827
      115828
      115829
      115830
      115831
      115832
      115833
      115834
      115835
      115836
      115837
      115838
      115839
      115840
      115841
      115842
      115843
      115844
      115845
      115846
      115847
      116316
      116317
      116318
      116319
      116320
      116321
      116322
      116323
      116324
      116325
      116326
      116327
      116328
      116329
      116330
      116331
      116332
      116333
      116334
      116335
      116804
      116805
      116806
      116807
      116808
      116809
      116810
      116811
      116812
      116813
      116814
      116815
      116816
      116817
      116818
      116819
      116820
      116821
      116822
      116823
      117293
      117294
      117295
      117296
      117297
      117298
      117299
      117300
      117301
      117302
      117303
      117304
      117305
      117306
      117307
      117308
      117309
      117310
      117781
      117782
      117783
      117784
      117785
      117786
      117787
      117788
      117789
      117790
      117791
      117792
      117793
      117794
      117795
      117796
      117797
      117798
      118270
      118271
      118272
      118273
      118274
      118275
      118276
      118277
      118278
      118279
      118280
      118281
      118282
      118283
      118284
      118285
      118286
      118759
      118760
      118761
      118762
      118763
      118764
      118765
      118766
      118767
      118768
      118769
      118770
      118771
      118772
      118773
      118774
      119252
      119253
      119254
      119255
      119256
      119257
      119258
      119259
      119260
      119261
      119262
      119745
      119746
      119747
      119748
      119749
      119750
