          51
       80712
       81190
       81199
       82661
       82666
       83150
       83642
       83643
       84126
       84131
       84142
       85096
       85104
       85108
       85589
       85590
       85591
       86079
       86080
       86561
       86565
       86569
       87053
       87057
       87071
       87538
       88034
       88515
       88522
       89004
       89005
       89493
       89499
       89509
       89981
       89988
       89997
       89998
       90485
       90973
       91465
       91466
       91943
       92432
       92921
       93904
       96831
       96835
       97812
       98789
       99766
