         133
         167
         169
         672
         673
        1668
        2161
        3114
        3115
        3116
        3117
        3118
        3596
        3597
        3598
        3599
        3600
        3601
        3602
        3603
        3604
        3605
        3612
        3613
        3614
        3615
        3618
        4080
        4081
        4082
        4083
        4084
        4085
        4086
        4092
        4093
        4094
        4095
        4096
        4098
        4099
        4100
        4101
        4102
        4103
        4104
        4105
        4106
        4110
        4111
        4561
        4562
        4563
        4564
        4565
        4566
        4567
        4568
        4569
        4570
        4571
        4572
        4573
        4574
        4578
        4579
        4580
        4581
        4582
        4585
        4586
        4587
        4588
        4589
        4590
        4591
        4592
        4594
        4595
        4596
        4597
        4598
        4599
        4600
        4601
        4602
        5065
        5066
        5067
        5068
        5069
        5083
        5084
        5085
        5086
        5087
        5088
        5091
        5092
        5093
        5094
        5557
        5582
        5583
        5584
        6047
        6537
        6563
        7027
        7516
        8005
        8006
        8007
        8008
        8010
        8011
        8494
        8495
        8496
        8498
        8499
        8508
        8509
        8979
        8980
        8981
        8982
        8983
        8998
        9488
        9489
        9490
        9491
        9492
