         135
       71610
       72097
       72584
       73069
       73072
       73557
       73558
       73560
       74045
       74046
       74047
       74048
       74534
       74535
       74536
       74537
       75024
       75513
       76002
       76491
       77959
       78448
       78937
       79915
       80405
       80409
       80895
       80896
       87771
       91196
       92177
       92666
       92667
       93156
       62857
       65294
       66271
       67245
       67248
       67249
       67737
       68222
       68716
       69695
       70185
       70674
       71653
       72143
       72144
       72145
       72146
       72633
       72634
       72635
       73123
       73612
       74102
       74591
       74592
       75568
       76055
       76546
       77047
       77996
       78001
       78011
       78492
       78499
       78982
       79476
       79483
       79954
       80445
       80930
       80931
       80932
       80933
       82402
       82408
       84377
       87304
       90242
       93157
       93646
       93647
       93648
      101451
      102432
      102922
      103413
      103901
      103905
      104398
      104879
      104890
      105343
      105865
      106322
      106812
      107302
      107303
      107304
      108284
      109264
       94626
       95116
       95119
       95605
       96590
      100012
      100014
      100025
      102947
      103436
      104409
      105390
      105391
      105872
       71618
       72108
       72125
       72596
       72597
       72613
       73590
       74066
       75059
       76035
       76513
       77983
       78475
       94629
       96591
       98054
       98545
