          42
       72397
       72407
       75334
       75822
       76310
       77285
       77286
       78270
       79726
       80708
       80710
       81197
       81198
       81201
       81686
       82173
       82175
       82660
       82662
       83151
       83155
       83641
       83653
       84120
       84132
       84612
       85107
       85109
       85585
       85593
       86076
       86094
       86564
       86573
       87058
       88047
       88531
       89500
       89999
       90489
       90966
       90977
