          97
      165854
      166336
      167279
      167313
      167768
      167802
      168779
      168780
      169234
      169269
      169722
      169723
      169758
      169759
      170209
      170210
      170211
      170212
      170247
      170248
      170698
      170700
      170726
      170737
      171186
      171187
      171189
      171226
      171673
      171674
      171675
      171676
      171677
      171678
      171715
      172162
      172163
      172164
      172165
      172166
      172167
      172204
      172652
      172653
      172654
      172655
      172692
      173142
      173181
      173632
      173670
      173671
      174114
      174158
      174159
      174160
      174608
      174609
      174647
      174648
      174649
      175088
      175090
      175097
      175137
      175138
      175147
      175578
      175624
      175627
      175635
      176073
      176074
      176110
      176595
      176603
      176605
      177064
      177090
      177551
      177576
      177581
      178020
      178027
      178061
      178063
      178064
      178528
      178531
      178555
      179003
      179016
      179505
      179507
      179994
      179995
      180957
