         104
         345
         346
         347
         833
         834
         857
        1322
        1323
        1330
        1811
        1812
        1813
        2300
        2301
        2307
        2789
        2790
        2811
        3277
        3278
        3279
        3765
        3766
        3767
        3773
        3788
        4248
        4254
        4255
        4256
        4742
        4743
        4750
        4770
        5231
        5232
        5721
        5735
        6210
        6216
        6223
        6224
        6230
        6698
        6712
        6713
        6714
        6717
        6718
        7187
        7200
        7201
        7202
        7203
        7205
        7206
        7682
        7688
        7689
        7690
        7691
        7693
        7694
        8179
        8180
        8182
        8651
        8652
        8659
        8665
        8666
        8669
        8670
        8671
        9140
        9141
        9142
        9154
        9155
        9156
        9157
        9158
        9630
        9643
        9645
        9646
       10119
       10125
       10133
       10134
       10135
       10608
       10622
       10624
       11109
       11113
       11601
       12090
       12575
       13064
       13540
       14029
       14041
       15990
