          73
       64125
       64610
       65097
       66072
       66086
       66559
       67060
       67535
       67547
       68022
       68034
       68035
       68042
       68510
       68522
       68530
       68998
       69009
       69018
       69505
       69973
       69984
       69993
       69995
       70461
       70480
       70481
       70482
       70948
       70969
       70974
       71447
       71456
       71457
       71465
       71943
       71946
       72411
       72422
       72430
       72900
       72901
       72902
       72910
       72919
       72932
       73389
       73405
       73875
       73878
       73885
       73893
       73898
       73899
       74366
       74367
       74382
       74383
       74868
       74869
       74881
       75344
       75832
       77297
       77786
       77787
       78306
       79739
       80259
       81725
       83191
       84657
       87589
