          53
      165469
      165960
      165961
      166450
      166451
      166452
      166453
      166942
      166943
      166944
      167912
      168400
      168401
      168403
      168404
      168406
      168407
      168408
      168409
      168412
      168413
      168414
      168415
      168416
      168893
      168894
      168895
      168896
      168897
      168898
      168899
      168900
      168901
      168902
      168903
      168904
      168905
      168914
      169389
      169390
      169391
      169392
      169395
      169882
      169883
      169885
      170373
      170374
      170375
      170376
      170377
      170867
      170868
