          44
       61431
       61922
       62413
       63862
       63874
       64839
       65814
       65815
       65816
       66302
       66305
       66330
       66791
       66793
       66794
       67767
       68745
       68746
       69246
       69249
       69731
       70710
       71197
       71692
       72173
       72670
       72671
       72676
       73152
       73157
       73162
       73646
       73648
       73653
       74130
       74136
       74137
       74138
       74620
       74625
       75113
       75600
       75615
       76091
