         123
      117014
      117015
      117016
      117502
      117503
      117504
      117505
      117506
      117507
      117989
      117990
      117991
      117992
      117993
      117995
      117996
      117997
      117998
      117999
      118000
      118477
      118478
      118479
      118480
      118481
      118482
      118483
      118484
      118485
      118486
      118487
      118488
      118489
      118490
      118491
      118964
      118965
      118966
      118967
      118968
      118969
      118970
      118971
      118972
      118973
      118974
      118975
      118976
      118977
      118978
      118979
      118981
      118982
      118983
      119452
      119453
      119454
      119455
      119456
      119457
      119458
      119459
      119460
      119462
      119463
      119464
      119465
      119466
      119467
      119469
      119470
      119471
      119943
      119944
      119945
      119946
      119947
      119948
      119949
      119950
      119951
      119952
      119953
      119956
      119958
      119959
      119960
      120434
      120435
      120436
      120437
      120438
      120439
      120440
      120441
      120444
      120445
      120446
      120925
      120926
      120927
      120928
      120929
      120930
      120931
      120932
      120933
      120934
      121415
      121416
      121417
      121418
      121419
      121420
      121421
      121906
      121908
      121909
      121914
      122395
      122397
      122398
      122399
