          41
       61819
       61822
       61825
       62306
       62794
       63770
       65237
       65726
       66705
       67195
       67199
       67200
       67208
       67209
       67212
       67213
       67214
       67215
       67216
       67217
       67685
       67686
       67687
       67688
       67689
       67690
       67694
       68180
       68181
       71609
       72580
       72583
       73068
       73071
       73556
       73559
       74044
       74533
       75022
       75023
       75512
