          44
        7057
        7059
        7547
        9042
        9985
        9993
        9996
       10004
       10026
       10477
       10484
       10496
       10976
       10982
       10988
       11480
       11481
       11960
       11971
       11976
       12450
       12468
       12940
       12941
       13919
       14408
       14409
       10519
       10526
       11013
       11017
       11497
       11498
       11506
       11984
       11985
       11986
       11987
       11988
       11999
       12474
       12475
       13452
       13943
