          47
      196082
      196564
      197056
      197064
      197543
      198022
      198044
      198524
      198529
      199002
      199004
      199011
      199491
      199492
      199496
      199499
      199979
      199996
      200468
      200470
      200474
      200481
      200486
      200959
      200960
      200963
      200964
      200975
      201453
      201936
      201939
      201942
      202428
      202431
      202438
      202443
      202920
      202921
      203404
      203405
      203409
      203893
      203898
      203906
      204873
      204878
      205361
