         165
      227370
      227371
      227376
      227377
      227378
      227379
      227380
      227381
      227382
      227383
      227384
      227864
      227865
      227866
      227867
      227868
      227869
      227870
      227871
      227872
      227873
      228352
      228353
      228354
      228355
      228356
      228357
      228358
      228359
      228360
      228361
      228362
      228840
      228841
      228842
      228843
      228844
      228845
      228846
      228847
      228848
      228849
      228850
      228851
      228852
      229327
      229328
      229329
      229330
      229331
      229332
      229333
      229334
      229335
      229336
      229337
      229338
      229339
      229340
      229341
      229816
      229817
      229818
      229819
      229820
      229821
      229822
      229823
      229824
      229825
      229826
      229827
      229828
      229829
      229830
      230304
      230305
      230306
      230307
      230308
      230309
      230310
      230311
      230312
      230313
      230314
      230315
      230316
      230317
      230318
      230319
      230793
      230794
      230795
      230796
      230797
      230798
      230799
      230800
      230801
      230802
      230803
      230804
      230805
      230806
      230807
      230808
      231282
      231283
      231284
      231285
      231286
      231287
      231288
      231289
      231290
      231291
      231292
      231293
      231294
      231295
      231296
      231297
      231771
      231772
      231773
      231776
      231777
      231778
      231779
      231780
      231781
      231782
      231783
      231784
      231785
      231786
      232260
      232261
      232262
      232265
      232266
      232267
      232268
      232269
      232270
      232271
      232272
      232273
      232274
      232275
      232749
      232750
      232751
      232754
      232755
      232756
      232757
      232758
      232759
      232760
      232761
      232762
      232763
      232764
