         268
      161534
      162504
      162511
      163482
      163487
      163972
      164466
      164960
      164962
      164971
      164972
      165450
      165944
      165945
      165948
      165950
      166416
      166439
      167398
      167399
      167880
      167889
      167890
      167891
      167894
      167895
      167896
      168369
      168375
      168376
      168377
      168380
      168381
      168386
      168387
      168388
      168390
      168864
      168865
      168868
      168869
      168870
      168871
      168872
      168879
      168880
      168881
      168883
      169355
      169356
      169357
      169358
      169368
      169369
      169370
      169839
      169840
      169844
      169845
      169846
      169857
      169858
      169859
      170320
      170327
      170328
      170332
      170333
      170334
      170335
      170346
      170347
      170348
      170349
      170814
      170815
      170816
      170817
      170820
      170821
      170822
      170823
      170824
      170825
      170826
      170827
      170828
      170829
      170832
      170833
      170835
      170836
      170837
      170838
      171299
      171302
      171303
      171304
      171305
      171306
      171307
      171308
      171309
      171310
      171311
      171312
      171313
      171314
      171315
      171316
      171317
      171318
      171321
      171322
      171323
      171324
      171325
      171326
      171327
      171789
      171791
      171792
      171793
      171794
      171795
      171796
      171797
      171798
      171799
      171800
      171801
      171802
      171803
      171804
      171805
      171810
      171811
      171812
      171813
      172280
      172281
      172282
      172283
      172284
      172285
      172286
      172287
      172288
      172289
      172290
      172291
      172292
      172293
      172297
      172298
      172299
      172300
      172301
      172302
      172769
      172770
      172771
      172772
      172773
      172774
      172775
      172776
      172788
      172789
      172790
      173258
      173259
      173260
      173261
      173262
      173263
      173264
      173265
      173266
      173267
      173268
      173269
      173747
      173748
      173749
      173750
      173751
      173752
      173753
      173754
      173755
      173756
      173757
      173758
      173759
      173760
      174236
      174237
      174238
      174239
      174240
      174241
      174242
      174243
      174244
      174245
      174246
      174247
      174248
      174725
      174726
      174727
      174728
      174729
      174730
      174731
      174732
      174733
      174734
      174735
      174736
      174737
      174738
      175215
      175216
      175217
      175218
      175219
      175220
      175221
      175222
      175223
      175224
      175225
      175226
      175227
      175704
      175705
      175706
      175707
      175708
      175709
      175710
      175711
      175712
      175713
      175714
      175715
      176193
      176194
      176195
      176196
      176197
      176198
      176199
      176200
      176201
      176202
      176686
      176687
      176691
      176692
      177172
      177173
      177178
      177179
      177180
      178157
