         251
       17548
       18037
       18524
       18525
       18526
       19012
       19492
       19500
       19501
       19980
       19981
       19988
       19989
       19990
       20468
       20469
       20477
       20957
       20958
       20966
       21446
       21447
       21455
       21460
       21935
       21936
       21944
       22421
       22423
       22424
       22425
       22426
       22432
       22433
       22909
       22910
       22911
       22912
       22913
       22914
       22915
       22916
       22921
       23397
       23399
       23400
       23401
       23403
       23404
       23405
       23409
       23410
       23885
       23887
       23892
       23893
       23896
       23897
       23898
       23899
       24378
       24379
       24380
       24381
       24382
       24383
       24384
       24385
       24386
       24387
       24388
       24389
       24862
       24867
       24868
       24869
       24870
       24871
       24872
       24873
       24874
       24875
       24876
       24877
       24878
       25356
       25357
       25358
       25359
       25360
       25361
       25362
       25363
       25364
       25365
       25839
       25844
       25845
       25846
       25847
       25848
       25849
       25850
       25851
       25852
       25853
       25854
       26327
       26332
       26334
       26335
       26336
       26337
       26338
       26339
       26340
       26341
       26342
       26343
       26344
       26815
       26821
       26823
       26824
       26825
       26826
       26827
       26828
       26829
       26830
       26832
       26833
       27304
       27311
       27312
       27313
       27314
       27315
       27316
       27317
       27318
       27319
       27320
       27321
       27322
       27793
       27794
       27801
       27802
       27803
       27804
       27805
       27806
       27807
       27808
       27809
       27810
       27811
       27812
       27815
       27816
       28295
       28296
       28297
       28299
       28300
       28302
       28304
       28782
       28783
       28784
       28785
       28786
       28788
       28789
       28791
       28793
       29270
       29271
       29272
       29273
       29274
       29275
       29277
       29278
       29280
       29759
       29761
       29762
       29763
       29764
       29766
       29767
       29768
       30234
       30247
       30251
       30252
       30253
       30255
       30256
       30736
       30740
       30741
       30744
       30745
       31224
       31228
       31229
       31233
       31234
       31713
       31717
       31718
       31722
       31723
       31726
       32201
       32205
       32207
       32213
       32690
       32693
       32694
       32696
       32700
       32701
       32702
       33179
       33182
       33183
       33185
       33189
       33190
       33191
       33667
       33671
       33678
       33679
       33680
       33681
       34160
       34167
       34168
       34170
       34648
       34656
       34657
       34659
       34660
       35148
