          74
       57158
       57644
       57645
       57658
       57659
       58133
       58134
       58136
       58143
       58626
       59123
       59599
       60088
       60576
       60577
       60584
       60585
       61065
       61071
       61072
       61073
       61074
       61075
       61076
       61553
       61560
       61561
       61562
       61563
       61564
       61565
       62051
       62052
       62530
       62535
       63024
       63509
       63510
       63511
       63512
       63514
       63515
       64001
       64003
       64004
       64005
       64490
       64491
       64492
       64493
       64494
       64979
       64980
       64981
       64982
       64983
       65467
       65468
       65469
       65470
       65471
       65472
       65956
       65957
       65958
       65959
       65960
       65961
       66446
       66447
       66448
       66936
       67425
       67913
