         348
      221379
      221867
      222355
      222356
      222844
      223332
      223821
      223822
      223834
      224310
      224311
      224312
      224323
      224799
      224800
      224801
      224812
      225286
      225287
      225288
      225289
      225290
      225291
      225292
      225301
      225773
      225774
      225775
      225776
      225777
      225778
      225779
      225780
      225781
      225790
      226261
      226262
      226263
      226264
      226265
      226266
      226267
      226268
      226269
      226270
      226271
      226272
      226279
      226750
      226751
      226752
      226753
      226754
      226755
      226756
      226757
      226758
      226759
      226760
      226761
      226762
      226763
      226764
      226768
      227239
      227240
      227241
      227242
      227243
      227244
      227245
      227246
      227247
      227248
      227249
      227250
      227251
      227252
      227253
      227254
      227255
      227256
      227257
      227263
      227725
      227726
      227727
      227728
      227729
      227730
      227731
      227732
      227733
      227734
      227735
      227736
      227737
      227738
      227739
      227740
      227741
      227742
      227743
      227744
      227745
      227746
      228214
      228215
      228216
      228217
      228218
      228219
      228220
      228221
      228222
      228223
      228224
      228225
      228226
      228227
      228228
      228229
      228230
      228231
      228232
      228233
      228234
      228235
      228696
      228697
      228704
      228705
      228706
      228707
      228708
      228709
      228710
      228711
      228712
      228713
      228714
      228715
      228716
      228717
      228718
      228719
      228720
      228721
      228722
      228723
      228724
      229185
      229186
      229193
      229194
      229195
      229196
      229197
      229198
      229199
      229200
      229201
      229202
      229203
      229204
      229205
      229206
      229207
      229208
      229209
      229210
      229211
      229212
      229213
      229215
      229675
      229681
      229682
      229683
      229684
      229685
      229686
      229687
      229688
      229689
      229690
      229691
      229692
      229693
      229694
      229695
      229696
      229697
      229698
      229699
      229700
      229701
      229702
      229704
      230167
      230168
      230169
      230170
      230171
      230172
      230173
      230174
      230175
      230176
      230177
      230178
      230179
      230180
      230181
      230182
      230183
      230184
      230185
      230186
      230187
      230188
      230189
      230190
      230191
      230193
      230656
      230657
      230658
      230659
      230660
      230661
      230662
      230663
      230664
      230665
      230666
      230667
      230668
      230669
      230670
      230671
      230672
      230673
      230674
      230675
      230676
      230677
      230678
      230679
      230680
      230682
      231140
      231145
      231146
      231147
      231148
      231149
      231150
      231151
      231152
      231153
      231154
      231155
      231156
      231157
      231158
      231159
      231160
      231161
      231162
      231163
      231164
      231165
      231166
      231167
      231168
      231169
      231171
      231634
      231635
      231636
      231637
      231642
      231643
      231644
      231645
      231646
      231647
      231648
      231649
      231650
      231651
      231652
      231653
      231654
      231655
      231656
      231657
      231660
      231663
      232121
      232122
      232126
      232127
      232129
      232130
      232131
      232132
      232133
      232134
      232135
      232136
      232137
      232138
      232139
      232140
      232141
      232142
      232143
      232144
      232145
      232146
      232147
      232149
      232152
      232615
      232616
      232617
      232618
      232619
      232620
      232621
      232622
      232623
      232624
      232625
      232626
      232627
      232628
      232629
      232630
      232631
      232632
      232633
      232634
      232635
      232636
      232637
