         348
      207387
      207874
      207875
      207876
      207877
      208363
      208364
      208365
      208366
      208367
      208852
      208853
      208854
      208855
      208856
      208857
      208858
      209340
      209341
      209342
      209343
      209344
      209345
      209346
      209347
      209348
      209828
      209829
      209830
      209831
      209832
      209833
      209834
      209835
      209836
      209837
      209838
      209839
      209846
      210317
      210318
      210319
      210320
      210321
      210322
      210323
      210324
      210325
      210326
      210327
      210328
      210329
      210338
      210806
      210807
      210808
      210809
      210810
      210811
      210812
      210813
      210814
      210815
      210816
      210817
      210818
      210819
      211295
      211296
      211297
      211298
      211299
      211300
      211301
      211302
      211303
      211304
      211305
      211306
      211307
      211308
      211309
      211782
      211783
      211784
      211785
      211787
      211788
      211789
      211790
      211791
      211792
      211793
      211794
      211795
      211796
      211797
      211798
      211801
      212271
      212272
      212273
      212274
      212276
      212277
      212278
      212279
      212280
      212281
      212282
      212283
      212285
      212287
      212288
      212290
      212291
      212759
      212760
      212761
      212762
      212763
      212764
      212765
      212766
      212767
      212768
      212769
      212770
      212771
      212772
      212774
      212776
      212777
      213247
      213248
      213249
      213250
      213251
      213252
      213253
      213254
      213255
      213256
      213257
      213258
      213259
      213260
      213262
      213263
      213735
      213736
      213737
      213738
      213739
      213740
      213741
      213742
      213743
      213744
      213745
      213746
      213747
      213748
      213749
      213751
      214223
      214224
      214225
      214226
      214227
      214228
      214229
      214230
      214231
      214232
      214235
      214236
      214237
      214238
      214239
      214240
      214710
      214712
      214713
      214714
      214715
      214716
      214717
      214718
      214719
      214720
      214724
      214725
      214726
      214727
      214728
      215197
      215200
      215201
      215202
      215203
      215204
      215205
      215206
      215207
      215208
      215213
      215214
      215215
      215216
      215686
      215687
      215688
      215690
      215691
      215692
      215693
      215694
      215695
      215696
      215697
      215698
      215701
      215703
      215704
      215705
      216176
      216177
      216178
      216179
      216180
      216181
      216182
      216183
      216184
      216185
      216186
      216192
      216661
      216662
      216665
      216666
      216667
      216668
      216669
      216670
      216671
      216672
      216673
      216674
      216675
      216677
      216700
      217149
      217150
      217151
      217154
      217155
      217156
      217157
      217158
      217159
      217160
      217161
      217162
      217163
      217164
      217166
      217167
      217638
      217639
      217642
      217643
      217644
      217645
      217646
      217647
      217648
      217649
      217650
      217651
      217652
      217653
      217654
      217655
      217656
      217657
      218126
      218130
      218131
      218132
      218133
      218134
      218135
      218136
      218137
      218138
      218139
      218140
      218141
      218142
      218146
      218616
      218619
      218620
      218621
      218624
      218625
      218626
      218627
      218628
      218629
      218630
      218631
      218632
      218637
      219102
      219105
      219107
      219109
      219113
      219114
      219115
      219116
      219117
      219118
      219119
      219120
      219599
      219600
      219601
      219602
      219604
      220090
      220091
      220093
      220096
      220580
      220582
      220583
      220585
      221069
      221070
      221072
      221559
      222049
      223027
      223516
