         137
      160880
      161368
      161370
      161855
      161857
      161859
      162344
      162347
      162348
      162836
      162837
      163322
      163326
      163809
      163811
      163812
      163813
      163815
      164295
      164297
      164298
      164299
      164300
      164304
      164789
      164790
      164792
      164793
      165275
      165276
      165277
      165278
      165279
      165280
      165281
      165282
      165763
      165764
      165765
      165766
      165767
      165768
      165769
      165770
      165771
      166254
      166255
      166256
      166257
      166258
      166259
      166260
      166744
      166745
      166746
      166747
      166748
      166749
      167234
      167235
      167236
      167237
      167238
      167723
      167724
      167725
      167726
      167727
      168205
      168212
      168213
      168214
      168215
      168216
      168702
      168703
      168704
      168705
      169185
      169190
      169191
      169192
      169193
      169194
      169679
      169680
      169681
      169682
      169683
      170168
      170169
      170170
      170171
      170172
      170657
      170658
      170659
      170660
      170661
      171146
      171147
      171148
      171149
      171150
      171635
      171636
      171637
      171638
      171639
      172124
      172125
      172126
      172127
      172128
      172613
      172614
      172615
      172616
      172617
      173102
      173103
      173104
      173105
      173106
      173593
      173594
      174082
      174083
      174084
      174571
      174572
      175062
      175550
      175551
      176036
      176520
      176524
