         971
       33055
       34036
       34037
       34523
       35008
       35010
       35011
       35492
       35493
       35494
       35495
       35496
       35497
       35498
       35499
       35500
       35501
       35502
       35503
       35504
       35505
       35506
       35507
       35508
       35509
       35510
       35982
       35983
       35984
       35987
       35988
       35989
       35990
       35991
       35992
       35993
       35994
       35995
       35996
       35997
       35998
       35999
       36470
       36471
       36476
       36477
       36478
       36479
       36480
       36481
       36484
       36485
       36486
       36487
       36488
       36489
       36969
       36970
       36971
       36972
       36973
       36974
       36975
       36976
       36977
       36978
       37456
       37457
       37458
       37459
       37460
       37461
       37462
       37463
       37464
       37465
       37466
       37467
       37468
       37944
       37945
       37946
       37947
       37948
       37951
       37952
       38430
       38431
       38432
       38433
       38434
       38436
       38437
       38438
       38439
       38918
       38919
       38920
       38921
       38922
       38923
       39405
       39406
       39407
       39408
       39409
       39410
       39411
       39892
       39893
       39894
       39896
       39897
       39898
       40379
       40380
       40381
       40384
       40385
       40866
       40867
       40868
       40872
       41354
       41355
       41356
       41841
       41842
       41843
       41844
       42329
       42330
       42331
       42351
       42817
       42819
       42843
       42844
       43305
       43306
       43307
       43325
       43326
       43327
       43328
       43329
       43793
       43794
       43795
       43811
       43812
       43813
       43814
       43815
       43816
       43817
       43818
       43824
       43825
       43826
       43827
       43828
       43829
       43830
       44282
       44297
       44298
       44299
       44300
       44301
       44302
       44303
       44304
       44305
       44306
       44307
       44308
       44310
       44311
       44312
       44313
       44314
       44315
       44316
       44317
       44318
       44319
       44320
       44770
       44783
       44784
       44785
       44786
       44787
       44788
       44789
       44790
       44791
       44792
       44793
       44794
       44796
       44797
       45252
       45259
       45269
       45270
       45271
       45272
       45273
       45274
       45275
       45276
       45277
       45747
       45757
       45758
       45759
       45760
       45761
       45762
       45763
       46236
       46244
       46245
       46246
       46247
       46248
       49662
       49663
       49664
       49665
       49666
       49667
       49668
       49669
       49670
       49671
       49672
       49673
       49674
       50150
       50151
       50152
       50153
       50154
       50155
       50156
       50157
       50158
       50159
       50160
       50161
       50640
       50641
       50642
       50643
       50644
       50645
       50646
       50647
       50648
       50649
       51127
       51128
       51129
       51130
       51131
       51132
       51133
       51134
       51135
       51136
       51137
       51153
       51154
       51155
       51156
       51157
       51158
       51159
       51616
       51617
       51618
       51619
       51620
       51621
       51622
       51623
       51624
       51637
       51638
       51639
       51640
       51641
       51642
       51643
       51644
       51645
       51646
       51647
       52105
       52106
       52107
       52108
       52109
       52110
       52122
       52123
       52124
       52125
       52126
       52127
       52128
       52129
       52130
       52131
       52132
       52133
       52134
       52135
       52136
       52592
       52593
       52594
       52595
       52596
       52609
       52610
       52611
       52612
       52613
       52614
       52615
       52616
       52617
       52618
       52619
       52621
       52622
       52623
       52624
       53079
       53080
       53081
       53082
       53083
       53096
       53097
       53098
       53099
       53101
       53102
       53103
       53104
       53105
       53106
       53107
       53108
       53109
       53568
       53569
       53570
       53582
       53583
       53584
       53585
       53586
       53587
       53588
       53589
       53590
       53591
       53592
       53593
       53594
       53595
       53596
       53597
       53598
       54057
       54069
       54070
       54071
       54072
       54073
       54074
       54075
       54076
       54077
       54078
       54079
       54080
       54081
       54082
       54083
       54084
       54085
       54086
       54088
       54089
       54546
       54556
       54557
       54558
       54559
       54560
       54561
       54562
       54563
       54564
       54565
       54566
       54567
       54568
       54569
       54570
       54571
       54572
       54573
       54574
       54575
       54576
       54577
       54578
       54580
       54581
       55035
       55044
       55045
       55046
       55047
       55048
       55049
       55050
       55051
       55052
       55053
       55054
       55055
       55056
       55057
       55058
       55059
       55060
       55061
       55062
       55063
       55064
       55065
       55067
       55069
       55524
       55532
       55533
       55534
       55535
       55536
       55537
       55538
       55539
       55540
       55541
       55542
       55543
       55544
       55545
       55546
       55547
       55548
       55549
       55550
       55551
       55552
       55553
       55554
       55555
       55556
       55557
       55558
       56013
       56019
       56020
       56021
       56022
       56023
       56024
       56025
       56026
       56027
       56028
       56029
       56030
       56031
       56032
       56033
       56034
       56035
       56036
       56037
       56038
       56039
       56040
       56041
       56042
       56043
       56044
       56045
       56046
       56047
       56048
       56049
       56502
       56507
       56508
       56509
       56510
       56511
       56512
       56513
       56514
       56515
       56516
       56517
       56518
       56519
       56520
       56521
       56522
       56523
       56524
       56525
       56526
       56527
       56528
       56529
       56530
       56531
       56532
       56533
       56534
       56537
       56538
       56539
       56991
       56995
       56996
       56997
       56998
       56999
       57000
       57001
       57002
       57003
       57004
       57005
       57006
       57007
       57008
       57009
       57010
       57011
       57012
       57013
       57014
       57015
       57016
       57017
       57018
       57019
       57020
       57021
       57022
       57023
       57024
       57025
       57026
       57027
       57480
       57482
       57483
       57484
       57485
       57486
       57487
       57488
       57489
       57490
       57491
       57492
       57493
       57494
       57495
       57496
       57497
       57498
       57499
       57500
       57501
       57502
       57503
       57504
       57505
       57506
       57507
       57508
       57509
       57510
       57511
       57512
       57513
       57514
       57515
       57516
       57517
       57969
       57970
       57971
       57972
       57973
       57974
       57975
       57976
       57977
       57978
       57979
       57980
       57981
       57982
       57983
       57984
       57985
       57986
       57987
       57988
       57989
       57990
       57991
       57992
       57993
       57994
       57995
       57996
       57997
       57998
       57999
       58000
       58001
       58002
       58005
       58006
       58007
       58458
       58459
       58460
       58461
       58462
       58463
       58464
       58465
       58466
       58467
       58468
       58469
       58470
       58471
       58472
       58473
       58474
       58475
       58476
       58477
       58478
       58479
       58480
       58481
       58482
       58483
       58484
       58485
       58486
       58487
       58488
       58489
       58490
       58491
       58492
       58493
       58494
       58495
       58947
       58948
       58950
       58951
       58952
       58953
       58954
       58955
       58956
       58957
       58958
       58959
       58960
       58961
       58962
       58963
       58964
       58965
       58966
       58967
       58968
       58969
       58970
       58971
       58972
       58973
       58974
       58975
       58976
       58977
       58978
       58979
       58980
       58981
       58982
       58983
       58985
       59436
       59437
       59438
       59439
       59440
       59441
       59442
       59443
       59444
       59445
       59446
       59447
       59448
       59449
       59450
       59451
       59452
       59453
       59454
       59455
       59456
       59457
       59458
       59459
       59460
       59461
       59462
       59463
       59464
       59465
       59466
       59467
       59468
       59469
       59470
       59471
       59472
       59473
       59474
       59925
       59926
       59927
       59928
       59929
       59930
       59931
       59932
       59933
       59934
       59935
       59936
       59937
       59938
       59939
       59940
       59941
       59942
       59943
       59944
       59945
       59946
       59947
       59948
       59949
       59950
       59951
       59952
       59953
       59954
       59955
       59956
       59957
       59958
       59959
       59960
       59961
       59962
       59963
       60416
       60417
       60418
       60419
       60420
       60421
       60422
       60423
       60424
       60425
       60426
       60427
       60428
       60429
       60430
       60431
       60432
       60433
       60434
       60435
       60436
       60437
       60438
       60439
       60440
       60441
       60442
       60443
       60444
       60445
       60446
       60447
       60448
       60449
       60450
       60451
       60452
       60906
       60908
       60909
       60910
       60911
       60912
       60913
       60914
       60915
       60916
       60917
       60918
       60919
       60920
       60921
       60922
       60923
       60924
       60925
       60926
       60927
       60928
       60929
       60930
       60931
       60932
       60933
       61395
       61399
       61400
       61401
       61402
       61403
       61404
       61405
       61406
       61407
       61408
       61409
       61410
       61411
       61412
       61413
       61414
       61415
       61416
       61417
       61418
       61419
       61420
       61882
       61889
       61890
       61891
       61892
       61893
       61894
       61895
       61896
       61897
       61898
       61899
       61900
       61901
       61902
       61903
       61904
       61905
       61906
       62374
       62380
       62381
       62382
       62383
       62384
       62385
       62386
       62387
       62388
       62389
       62390
       62391
       62392
       62393
       62394
       62863
       62871
       62872
       62873
       62874
       62875
       62876
       62877
       62878
       62879
       62880
       62881
       62882
       63361
       63362
       63363
       63364
       63365
       63366
       63367
       63368
       63369
       63370
       63371
       63852
       63853
       63854
       63855
       63856
       63857
       63858
       63860
       63861
       64343
       64344
       64345
       64346
       64347
       64348
       64349
       64834
       64835
       64836
       64837
