          48
       27279
       27768
       28744
       29232
       29233
       29234
       29235
       29720
       29721
       29722
       29723
       29724
       30209
       30210
       30211
       30212
       30213
       30697
       30698
       30699
       30700
       30701
       30702
       31186
       31187
       31188
       31191
       31674
       31675
       31676
       31677
       31680
       32162
       32163
       32164
       32165
       32166
       32167
       32168
       32651
       32652
       32653
       32654
       32655
       32656
       33142
       33143
       33144
