          94
      216611
      216617
      217104
      217589
      218080
      218081
      218082
      218570
      218571
      219058
      219059
      219060
      219536
      219547
      219548
      220026
      220027
      220028
      220029
      220036
      220509
      220515
      220516
      220517
      220518
      220519
      220525
      220539
      221004
      221005
      221006
      221007
      221008
      221009
      221010
      221011
      221014
      221488
      221493
      221494
      221495
      221496
      221497
      221498
      221499
      221500
      221503
      221982
      221983
      221984
      221985
      221986
      221987
      221988
      221989
      221990
      221992
      222467
      222471
      222472
      222473
      222474
      222475
      222476
      222477
      222478
      222479
      222481
      222956
      222960
      222961
      222962
      222963
      222964
      222965
      222966
      222967
      222968
      222970
      223449
      223450
      223451
      223452
      223453
      223454
      223455
      223456
      223457
      223459
      223936
      223946
      223947
      224435
      225902
