          43
        2029
        2030
        2533
        3018
        3985
        4486
        4489
        4991
        5470
        5471
        5481
        5963
        5970
        6433
        6920
        7411
        7901
        7903
        9373
        9861
       10353
       10843
       11330
       11817
       11820
       12803
       13781
       13782
       13783
       13784
       13788
       14274
       14275
       14276
       14278
       14279
       14766
       15248
       15252
       15253
       15257
       15258
       15744
