          66
       11523
       12010
       12015
       12491
       12505
       12509
       12991
       12999
       13000
       13001
       13002
       13965
       14943
       14946
       14951
       15433
       16424
       16893
       16905
       16911
       17379
       17870
       17886
       18367
       18377
       19342
       19832
       19833
       19840
       20340
       20813
       20830
       21303
       21325
       21791
       22279
       22291
       22764
       23247
       24730
       25210
       26199
       27184
       27185
       27675
       28158
       28159
       28653
       29142
       30113
       31096
       31106
       31109
       31586
       32072
       32081
       32568
       34524
       35006
       35013
       36472
       36958
       36964
       36965
       36966
       38440
