         248
      167898
      169377
      169378
      169379
      169869
      169875
      170350
      170358
      170363
      170367
      170857
      170862
      171328
      171331
      171820
      171824
      172310
      172792
      172796
      172798
      172799
      172800
      172802
      173281
      173285
      173286
      173287
      173290
      173292
      173769
      173770
      173771
      173773
      173776
      173778
      174258
      174259
      174261
      174267
      174747
      174748
      174752
      174753
      174771
      175233
      175234
      175235
      175236
      175240
      175253
      175720
      175721
      175722
      175723
      175728
      175741
      175746
      176208
      176209
      176210
      176211
      176236
      176695
      176699
      177670
      177674
      178159
      178188
      178667
      179135
      179151
      179152
      179165
      179177
      179625
      179640
      179651
      180112
      180138
      180156
      181099
      181109
      181582
      181585
      181592
      181602
      182081
      182090
      184043
      184053
      184531
      185020
      185021
      185509
      185987
      185988
      186470
      186471
      186954
      187438
      170364
      170851
      170861
      172304
      172797
      172811
      173280
      173288
      173289
      173306
      173768
      173774
      173775
      173780
      174257
      174260
      174262
      174264
      174268
      174277
      174280
      174742
      174745
      174746
      174749
      174751
      174754
      174768
      175231
      175232
      175237
      175238
      175239
      175241
      175256
      175257
      175719
      175724
      175727
      175748
      176207
      176216
      176232
      176694
      176716
      176721
      176724
      177182
      177187
      177204
      177209
      177212
      177675
      177697
      177700
      178163
      178165
      178174
      178647
      178651
      178662
      178663
      178664
      178665
      178666
      178673
      178677
      179139
      179160
      179161
      179173
      179174
      179175
      179176
      179183
      179624
      179627
      179648
      179649
      179652
      179656
      179657
      179658
      179659
      179660
      179661
      179662
      179663
      179664
      179665
      180111
      180114
      180115
      180137
      180139
      180140
      180141
      180145
      180149
      180602
      180625
      180626
      180627
      180628
      180629
      180645
      181114
      181121
      181122
      181123
      181134
      181586
      181587
      181590
      181591
      181593
      181596
      181604
      181605
      181606
      181607
      181608
      181609
      181610
      181611
      181612
      181623
      182080
      182082
      182093
      182115
      182574
      182581
      182602
      183085
      183086
      183557
      183570
      184045
      184046
      184048
      184051
      184052
      184527
      184533
      184534
      185016
      185986
