         109
      149320
      149322
      149808
      149809
      149811
      150297
      150298
      150300
      150784
      150786
      150787
      150789
      151273
      151275
      151276
      151762
      151763
      151764
      151765
      151766
      152250
      152251
      152252
      152253
      152254
      152255
      152739
      152740
      152741
      152742
      152743
      152744
      153227
      153228
      153229
      153230
      153231
      153232
      153233
      153716
      153717
      153718
      153719
      153720
      153721
      153722
      154205
      154206
      154207
      154208
      154209
      154210
      154211
      154694
      154695
      154696
      154697
      154698
      154699
      154700
      154701
      155182
      155183
      155184
      155185
      155186
      155187
      155188
      155189
      155190
      155201
      155671
      155672
      155673
      155674
      155675
      155676
      155677
      155678
      155679
      156160
      156161
      156162
      156167
      156173
      156649
      156650
      156651
      157138
      157139
      157140
      157141
      157626
      157627
      157628
      157632
      157641
      157642
      158114
      158117
      158118
      158119
      158120
      158129
      158603
      158615
      159093
      159103
      159589
