        1511
      176490
      176977
      176978
      176979
      176984
      177466
      177954
      177955
      178434
      178936
      179420
      179426
      179427
      179428
      179902
      179903
      179908
      179909
      179915
      179917
      179918
      180395
      180398
      180404
      180405
      180407
      180408
      180881
      180884
      180894
      180895
      180896
      180897
      180898
      181370
      181373
      181383
      181384
      181385
      181386
      181387
      181859
      181861
      181862
      181872
      181873
      181874
      181875
      181876
      182348
      182362
      182363
      182364
      182365
      182366
      182854
      182855
      183326
      183343
      183344
      183832
      183833
      184321
      184322
      184329
      184794
      184812
      184813
      184814
      184815
      184818
      184819
      185283
      185300
      185301
      185302
      185303
      185304
      185307
      185308
      185772
      185789
      185790
      185791
      185792
      185793
      185797
      185798
      186261
      186279
      186280
      186281
      186287
      186769
      186770
      186771
      186776
      186777
      187258
      187259
      187260
      187261
      187265
      187266
      187279
      187747
      187748
      187749
      187750
      187754
      187755
      187756
      188236
      188237
      188238
      188239
      188244
      188245
      188726
      188727
      188728
      188729
      188732
      188733
      188734
      188735
      189215
      189216
      189217
      189223
      189224
      189236
      189704
      189705
      189712
      189713
      190194
      190201
      190202
      190206
      190683
      190690
      190691
      190692
      190693
      191173
      191175
      191179
      191182
      191662
      191674
      192151
      192152
      192160
      192650
      186768
      186772
      186775
      186790
      187267
      187760
      188243
      188246
      189221
      189228
      189707
      189711
      189714
      190200
      190203
      190204
      190682
      190695
      191174
      191185
      191661
      191665
      192154
      192155
      192161
      192642
      192652
      193139
      193622
      193624
      193629
      194108
      194113
      194114
      194597
      194602
      196067
      176000
      176496
      177468
      177473
      177962
      178443
      178444
      178451
      178940
      179425
      179429
      179430
      179914
      179916
      179919
      179920
      180403
      180409
      180410
      180412
      180413
      180414
      180893
      180899
      180900
      181382
      181388
      181389
      181871
      181877
      181878
      181883
      181896
      182360
      182361
      182367
      182368
      182371
      182372
      182385
      182849
      182850
      182851
      182852
      182853
      182856
      182857
      182858
      182859
      182860
      182861
      182862
      182863
      183339
      183340
      183341
      183342
      183345
      183346
      183347
      183348
      183349
      183350
      183351
      183352
      183364
      183828
      183829
      183830
      183831
      183834
      183835
      183836
      183837
      183838
      183839
      183840
      183841
      183842
      184317
      184318
      184319
      184320
      184323
      184324
      184325
      184326
      184327
      184328
      184330
      184331
      184807
      184808
      184809
      184810
      184820
      184832
      185297
      185298
      185299
      185309
      185310
      185786
      185787
      185796
      185799
      186275
      186276
      186278
      186282
      186283
      186284
      186285
      186286
      186288
      186289
      186764
      186765
      186773
      186774
      186778
      187254
      187257
      187262
      187264
      187268
      186736
      186742
      186743
      186744
      186745
      186746
      186747
      186754
      186755
      186756
      187226
      187227
      187228
      187229
      187230
      187231
      187232
      187233
      187234
      187235
      187244
      187245
      187246
      187718
      187719
      187720
      187721
      187722
      187723
      187733
      187734
      187735
      188208
      188209
      188210
      188211
      188222
      188223
      188224
      188697
      188709
      188710
      188711
      188712
      188713
      189198
      189199
      189200
      189201
      189202
      189687
      189688
      189689
      189690
      189691
      190175
      190176
      190177
      190664
      190665
      191152
      191153
      191639
      191641
      191642
      192126
      192127
      192128
      192130
      192131
      192618
      192619
      192620
      192621
      192626
      193107
      193108
      193109
      193110
      193115
      193598
      193604
      187263
      187751
      187752
      187753
      187757
      188240
      188241
      188242
      188725
      188731
      188736
      188738
      188739
      189214
      189219
      189220
      189225
      189703
      189709
      189710
      189715
      189726
      190196
      190198
      190685
      190687
      190689
      191176
      191178
      191666
      191667
      191672
      192150
      192153
      192156
      192645
      193133
      193134
      193135
      194107
      194603
      195086
      195090
      195091
      195575
      195581
      177451
      177452
      177467
      177940
      177942
      178427
      178432
      178922
      178929
      178932
      178933
      179411
      179418
      179888
      179901
      179906
      179907
      180390
      180391
      180397
      180399
      180878
      180880
      180885
      180887
      180888
      180892
      181369
      181374
      181376
      181377
      181381
      181845
      181858
      181863
      181865
      181866
      182347
      182351
      182352
      182355
      182833
      182836
      182839
      182840
      182841
      182844
      183322
      183325
      183328
      183330
      183333
      183338
      183811
      183819
      183822
      183827
      184304
      184308
      184316
      184791
      184792
      184793
      184796
      184797
      184798
      184799
      185279
      185280
      185281
      185282
      185285
      185286
      185287
      185288
      185296
      185767
      185768
      185769
      185770
      185771
      185774
      185775
      185776
      185777
      185785
      186255
      186256
      186257
      186258
      186259
      186260
      186263
      186264
      186265
      186266
      186267
      186748
      186749
      186752
      186753
      187236
      187237
      187238
      187241
      187242
      187243
      176489
      177941
      177956
      177957
      178429
      178445
      178446
      178452
      178921
      178928
      179406
      179410
      179421
      179422
      179431
      179900
      179910
      180378
      180392
      180877
      180879
      180886
      180891
      181366
      181367
      181368
      181375
      181380
      181855
      181864
      181869
      181870
      182334
      182344
      182353
      182354
      182358
      182359
      182823
      182832
      182834
      182842
      182843
      182847
      182848
      183312
      183321
      183323
      183329
      183331
      183332
      183334
      183336
      183337
      183801
      183810
      183812
      183814
      183817
      183818
      183820
      183821
      183823
      183825
      183826
      184290
      184300
      184301
      184303
      184306
      184307
      184309
      184310
      184311
      184312
      184314
      184315
      184780
      184786
      184787
      184788
      184789
      184790
      184800
      184801
      184802
      184803
      184804
      184805
      184806
      185269
      185275
      185276
      185277
      185278
      185289
      185290
      185291
      185292
      185293
      185294
      185295
      185758
      185764
      185765
      185766
      185778
      185779
      185780
      185781
      185782
      185783
      185784
      185788
      186247
      186253
      186254
      186268
      186269
      186270
      186271
      186272
      186273
      186274
      186277
      186757
      186758
      186759
      186760
      186761
      186762
      186763
      186766
      186767
      187247
      187248
      187249
      187250
      187251
      187252
      187253
      187255
      187256
      178941
      179921
      179922
      179923
      179924
      179925
      179926
      180411
      180415
      180416
      180422
      180423
      180424
      180426
      180427
      180901
      180902
      180903
      180904
      180905
      180906
      180907
      180914
      180916
      180917
      181390
      181391
      181392
      181393
      181394
      181395
      181396
      181403
      181406
      181407
      181411
      181879
      181880
      181881
      181882
      181884
      181885
      181886
      181892
      181895
      181900
      182369
      182370
      182373
      182374
      182375
      182376
      182381
      182382
      182386
      182864
      182865
      182866
      182871
      182874
      182875
      183353
      183354
      183355
      183356
      183357
      183358
      183360
      183361
      183363
      183365
      183843
      183844
      183845
      183846
      183847
      183849
      183850
      183853
      183854
      184332
      184333
      184334
      184335
      184336
      184337
      184339
      184340
      184342
      184343
      184816
      184817
      184821
      184822
      184823
      184824
      184825
      184829
      185305
      185306
      185311
      185312
      185313
      185314
      185318
      185321
      185794
      185795
      185800
      185801
      185802
      185803
      185807
      185811
      186290
      186291
      186292
      186297
      186300
      186301
      186779
      186780
      186781
      186782
      186786
      186789
      187269
      187270
      187271
      187272
      187275
      187225
      187716
      187717
      187724
      187725
      187726
      187732
      188212
      188213
      188214
      188221
      188696
      188698
      188699
      188700
      188701
      188708
      189186
      189197
      189680
      189681
      189682
      189683
      189686
      190169
      190170
      190171
      190172
      190174
      190659
      190660
      190661
      190662
      190663
      191148
      191149
      191150
      191151
      191636
      191637
      191638
      191640
      192125
      192129
      192615
      193104
      193105
      193592
      193593
      193594
      193595
      194081
      194082
      194083
      194084
      194570
      195059
      195548
      196037
      186750
      186751
      187239
      187240
      187714
      187715
      187727
      187728
      187729
      187730
      187731
      188206
      188207
      188215
      188216
      188217
      188218
      188219
      188220
      188695
      188702
      188703
      188704
      188705
      188706
      188707
      189184
      189185
      189187
      189188
      189189
      189190
      189191
      189192
      189193
      189194
      189195
      189196
      189674
      189675
      189676
      189677
      189678
      189679
      189684
      189685
      190164
      190165
      190166
      190167
      190168
      190173
      190654
      190655
      190656
      190657
      190658
      191143
      191144
      191145
      191146
      191147
      191632
      191633
      191634
      191635
      192123
      192124
      192612
      192613
      192614
      192616
      192617
      193101
      193102
      193103
      193106
      193590
      193591
      194080
      194569
      195058
      195547
      196036
      196526
      187736
      187737
      187738
      187739
      187740
      187741
      187742
      187743
      187746
      188225
      188226
      188227
      188228
      188229
      188230
      188231
      188232
      188233
      188235
      188714
      188715
      188716
      189203
      189204
      189205
      189692
      189693
      190178
      190179
      190180
      190181
      190182
      190192
      190666
      190667
      190668
      190669
      190670
      190671
      191154
      191155
      191156
      191157
      191158
      191159
      191160
      191643
      191644
      191647
      191648
      192132
      192137
      192622
      192627
      193111
      193116
      193599
      193605
      194093
      187744
      188717
      188718
      188719
      188720
      188721
      188724
      189206
      189207
      189208
      189209
      189210
      189694
      189695
      189696
      189697
      189698
      189699
      190183
      190184
      190672
      190673
      190681
      191161
      191645
      191646
      191649
      191650
      191660
      192133
      192134
      192135
      192136
      192138
      192139
      192623
      192628
      193112
      193117
      193600
      193606
      193617
      194088
      194094
      194095
      194582
      194583
      194584
      194596
      195071
      195072
      187758
      187769
      188247
      188730
      188743
      189227
      190199
      190688
      191171
      191177
      191189
      191676
      191679
      192165
      192166
      192639
      192651
      192655
      193128
      193140
      193144
      193146
      193623
      193630
      194112
      194119
      194601
      194608
      194614
      195589
      195598
      196069
      196566
      197055
      197544
      186783
      187761
      187762
      187764
      187765
      187773
      188250
      188251
      188254
      188741
      189226
      189230
      189232
      189719
      189722
      190207
      190208
      190219
      190697
      190703
      191183
      191187
      191198
      191677
      191688
      192657
      192666
      193155
      193632
      193634
      194123
      195100
      195101
      180376
      180377
      180867
      181356
      182333
      182350
      182822
      183310
      183311
      183799
      183800
      183815
      184289
      184777
      184778
      184779
      184795
      185267
      185268
      185284
      185757
      185773
      186246
      186262
      186735
      187190
      187205
      187224
      163787
      163788
      164276
      164277
      164294
      164765
      164766
      165254
      165255
      165743
      165744
      166232
      166239
      166245
      166248
      166720
      166728
      167209
      167223
      167226
      167698
      167712
      167714
      168187
      168676
      169165
      169173
      169181
      169654
      169670
      170143
      170154
      170160
      170632
      170642
      170643
      170649
      171131
      171132
      171619
      171620
      172108
      172597
      178966
      179447
      179448
      179449
      179450
      179455
      179927
      179928
      179929
      179930
      179931
      179932
      179933
      179934
      179935
      179936
      179937
      179938
      179939
      179941
      179942
      179943
      180417
      180418
      180419
      180420
      180421
      180425
      180428
      180429
      180430
      180431
      180432
      180908
      180909
      180910
      180911
      180912
      180913
      180915
      180918
      180919
      180920
      180922
      181397
      181398
      181399
      181400
      181401
      181402
      181404
      181405
      181408
      181410
      181412
      181887
      181888
      181889
      181890
      181891
      181893
      181894
      181897
      181899
      181901
      182377
      182378
      182379
      182380
      182383
      182384
      182388
      182389
      182390
      182867
      182868
      182869
      182870
      182872
      182873
      182876
      182878
      182879
      182880
      183359
      183362
      183368
      183848
      183851
      183852
      184338
      184341
      184344
      184347
      184826
      184827
      184828
      184833
      184837
      185315
      185316
      185317
      185322
      185326
      185804
      185805
      185806
      185808
      185810
      185815
      185816
      186293
      186294
      186295
      186296
      186304
      186305
      186784
      186785
      186794
      187273
      187274
      187276
      187278
      187284
      187713
      188202
      188203
      188204
      188205
      188692
      188693
      188694
      189181
      189182
      189183
      189671
      189672
      189673
      190151
      190160
      190161
      190162
      190163
      190649
      190650
      190651
      190652
      190653
      191138
      191139
      191140
      191141
      191142
      191613
      191627
      191628
      191629
      191630
      191631
      192109
      192116
      192117
      192118
      192119
      192120
      192121
      192122
      192597
      192598
      192605
      192606
      192607
      192608
      192609
      192610
      192611
      193085
      193087
      193094
      193095
      193096
      193097
      193098
      193099
      193100
      193572
      193576
      193585
      193586
      193587
      193588
      193589
      194058
      194065
      194077
      194078
      194079
      194552
      194566
      194567
      194568
      195055
      195056
      195057
      195540
      195541
      195544
      195545
      195546
      196029
      196030
      196034
      196035
      196519
      196520
      196521
      196523
      196524
      197009
      197010
      197012
      197013
      197499
      197988
      198477
      198479
      198968
      199457
      187680
      188170
      188182
      188671
      189149
      189160
      189167
      189656
      190128
      190145
      190618
      190619
      190620
      190624
      190625
      191109
      191110
      191115
      191600
      191601
      187763
      188253
      188740
      188742
      188748
      189231
      189720
      190205
      190209
      190210
      190216
      190694
      190699
      191678
      193143
      193635
      194122
      187759
      188248
      188263
      188737
      188746
      189229
      189237
      189716
      189718
      189721
      189730
      190220
      190698
      190705
      190709
      191186
      191188
      191190
      191673
      191675
      192164
      192177
      193145
      193633
      194611
