         203
      170722
      171708
      172185
      172195
      172197
      172668
      172690
      173161
      173179
      173648
      173650
      173666
      173667
      174123
      174135
      174142
      174154
      174155
      174612
      174613
      174614
      174615
      174616
      174617
      174623
      174628
      174629
      174631
      174642
      174643
      175101
      175102
      175103
      175104
      175105
      175106
      175107
      175108
      175109
      175110
      175111
      175112
      175116
      175117
      175118
      175119
      175120
      175129
      175130
      175131
      175590
      175591
      175592
      175593
      175594
      175595
      175596
      175597
      175598
      175603
      175604
      175605
      175606
      175607
      175608
      175617
      175618
      176079
      176080
      176081
      176082
      176083
      176084
      176085
      176086
      176092
      176093
      176094
      176095
      176096
      176105
      176106
      176107
      176120
      176568
      176569
      176570
      176571
      176572
      176573
      176574
      176579
      176580
      176581
      176582
      176583
      176584
      176585
      176589
      176590
      176591
      176592
      176593
      176594
      176607
      176608
      176609
      177059
      177060
      177061
      177062
      177068
      177069
      177070
      177071
      177072
      177073
      177078
      177079
      177080
      177081
      177082
      177089
      177094
      177095
      177550
      177556
      177557
      177558
      177559
      177560
      177561
      177562
      177567
      177568
      177569
      177570
      177571
      177579
      177580
      178045
      178046
      178047
      178048
      178049
      178050
      178055
      178056
      178057
      178058
      178066
      178067
      178527
      178532
      178533
      178534
      178535
      178536
      178537
      178538
      178543
      178544
      178545
      178546
      178553
      178554
      179015
      179020
      179024
      179025
      179026
      179027
      179031
      179032
      179033
      179034
      179040
      179041
      179042
      179508
      179516
      179519
      179520
      179521
      179522
      179529
      179996
      180006
      180007
      180008
      180009
      180010
      180011
      180017
      180497
      180498
      180499
      180504
      180990
      180992
      181480
      181967
      181968
