         219
          85
          86
          87
          88
          89
          90
          91
          92
          93
          94
          95
          96
          97
          98
          99
         100
         101
         574
         575
         576
         577
         578
         579
         580
         581
         582
         583
         584
         585
         586
         587
         588
         589
         590
        1066
        1067
        1068
        1069
        1070
        1071
        1072
        1073
        1074
        1075
        1076
        1077
        1078
        1079
        1553
        1554
        1555
        1556
        1557
        1558
        1559
        1560
        1561
        1562
        1563
        1564
        1565
        1566
        1567
        1568
        2041
        2042
        2043
        2044
        2045
        2046
        2047
        2048
        2049
        2050
        2051
        2052
        2053
        2054
        2055
        2056
        2057
        2530
        2531
        2532
        2534
        2535
        2536
        2537
        2538
        2539
        2540
        2541
        2542
        2543
        2544
        2545
        2546
        3020
        3021
        3022
        3023
        3024
        3025
        3026
        3027
        3028
        3029
        3030
        3031
        3032
        3033
        3034
        3035
        3509
        3510
        3511
        3512
        3513
        3514
        3515
        3516
        3517
        3518
        3519
        3520
        3521
        3522
        3523
        3524
        3997
        3998
        3999
        4001
        4002
        4003
        4004
        4005
        4006
        4007
        4008
        4009
        4010
        4011
        4012
        4013
        4487
        4488
        4490
        4491
        4492
        4493
        4494
        4495
        4496
        4497
        4498
        4499
        4500
        4501
        4502
        4976
        4977
        4978
        4979
        4980
        4981
        4982
        4983
        4984
        4985
        4986
        4987
        4988
        4989
        4990
        5468
        5469
        5472
        5473
        5474
        5475
        5476
        5477
        5478
        5479
        5480
        5959
        5960
        5961
        5964
        5965
        5966
        5967
        5968
        5969
        6449
        6450
        6451
        6452
        6453
        6454
        6455
        6456
        6457
        6458
        6459
        6940
        6941
        6942
        6943
        6944
        6945
        6946
        6947
        6948
        7432
        7433
        7434
        7435
