         330
      123679
      123680
      124164
      124165
      124166
      124167
      124168
      124169
      124650
      124651
      124652
      124653
      124654
      124655
      124656
      124657
      124658
      125136
      125137
      125138
      125139
      125140
      125141
      125142
      125143
      125144
      125145
      125146
      125147
      125623
      125624
      125625
      125626
      125627
      125628
      125629
      125630
      125631
      125632
      125633
      125634
      125635
      125636
      126110
      126111
      126112
      126113
      126114
      126115
      126116
      126117
      126118
      126119
      126120
      126121
      126122
      126123
      126124
      126125
      126597
      126598
      126599
      126600
      126601
      126602
      126603
      126604
      126605
      126606
      126607
      126608
      126609
      126610
      126611
      126612
      126613
      126614
      127086
      127087
      127088
      127089
      127090
      127091
      127092
      127093
      127094
      127095
      127096
      127097
      127098
      127099
      127100
      127101
      127102
      127103
      127575
      127576
      127577
      127578
      127579
      127580
      127581
      127582
      127583
      127584
      127585
      127586
      127587
      127588
      127589
      127590
      127591
      127592
      128063
      128064
      128065
      128066
      128067
      128068
      128069
      128070
      128071
      128072
      128073
      128074
      128075
      128076
      128077
      128078
      128079
      128080
      128081
      128082
      128552
      128553
      128554
      128555
      128556
      128557
      128558
      128559
      128560
      128561
      128562
      128563
      128564
      128565
      128566
      128567
      128568
      128569
      128570
      128571
      129041
      129042
      129043
      129044
      129045
      129046
      129047
      129048
      129049
      129050
      129051
      129052
      129053
      129054
      129055
      129056
      129057
      129058
      129059
      129060
      129530
      129531
      129532
      129533
      129534
      129535
      129536
      129537
      129538
      129539
      129540
      129541
      129542
      129543
      129544
      129545
      129546
      129547
      129548
      129549
      130019
      130020
      130021
      130022
      130023
      130024
      130025
      130026
      130027
      130028
      130029
      130030
      130031
      130032
      130033
      130034
      130035
      130036
      130037
      130038
      130508
      130509
      130510
      130511
      130512
      130513
      130514
      130515
      130516
      130517
      130518
      130519
      130520
      130521
      130522
      130523
      130524
      130525
      130526
      130527
      130997
      130998
      130999
      131000
      131001
      131002
      131003
      131004
      131005
      131006
      131007
      131008
      131009
      131010
      131011
      131012
      131013
      131014
      131015
      131016
      131487
      131488
      131489
      131490
      131491
      131492
      131493
      131494
      131495
      131496
      131497
      131498
      131499
      131500
      131501
      131502
      131503
      131504
      131505
      131506
      131976
      131977
      131978
      131979
      131980
      131981
      131982
      131983
      131984
      131985
      131986
      131987
      131988
      131989
      131990
      131991
      131992
      131993
      131994
      132466
      132467
      132468
      132469
      132470
      132471
      132472
      132473
      132474
      132475
      132476
      132477
      132478
      132479
      132480
      132481
      132956
      132957
      132958
      132959
      132960
      132961
      132962
      132963
      132964
      132965
      132966
      132967
      132968
      133446
      133447
      133448
      133449
      133450
      133451
      133452
      133453
      133454
