         148
      113101
      113102
      113103
      113104
      113589
      113590
      113591
      113592
      113593
      113594
      113595
      113596
      113597
      114078
      114079
      114080
      114081
      114082
      114083
      114084
      114085
      114086
      114087
      114088
      114089
      114090
      114091
      114092
      114093
      114094
      114095
      114567
      114568
      114569
      114570
      114571
      114572
      114573
      114574
      114575
      114576
      114577
      114578
      114579
      114580
      114581
      114582
      114583
      114584
      114585
      115057
      115058
      115059
      115060
      115061
      115062
      115063
      115064
      115065
      115066
      115067
      115068
      115069
      115070
      115071
      115072
      115073
      115074
      115547
      115548
      115549
      115550
      115551
      115552
      115553
      115554
      115555
      115556
      115557
      115558
      115559
      115560
      115561
      115562
      115563
      116036
      116037
      116038
      116039
      116040
      116041
      116042
      116043
      116044
      116045
      116046
      116047
      116048
      116049
      116050
      116051
      116052
      116526
      116527
      116528
      116529
      116530
      116531
      116532
      116533
      116534
      116535
      116536
      116537
      116538
      116539
      116540
      117017
      117018
      117019
      117020
      117021
      117022
      117023
      117024
      117025
      117026
      117027
      117028
      117029
      117508
      117509
      117510
      117511
      117512
      117513
      117514
      117515
      117516
      117517
      118001
      118002
      118003
      118006
      118492
      118493
      118494
      118495
