          85
         166
         664
         665
         666
         667
         668
         669
         670
         676
         677
        1131
        1621
        2114
        2601
        2602
        2618
        2619
        2620
        2622
        2623
        2624
        2625
        2626
        2627
        3090
        3091
        3092
        3093
        3094
        3101
        3102
        3103
        3104
        3105
        3106
        3107
        3108
        3119
        3120
        3121
        3122
        3581
        3586
        3587
        3588
        3589
        3590
        3591
        3592
        3593
        3594
        4054
        4066
        4067
        4068
        4073
        4074
        4075
        4076
        4077
        4078
        4554
        4555
        4556
        4557
        4576
        4577
        5071
        5074
        5075
        5076
        5077
        5078
        5079
        5527
        5528
        5529
        5559
        5574
        6016
        6017
        6048
        6538
        7028
        7519
