          61
       67695
       68179
       72092
       72093
       72096
       72104
       72579
       72581
       72582
       73067
       73070
       73555
       74043
       74532
       75021
       75510
       75511
       75999
       76000
       76001
       76488
       76489
       76490
       76977
       76978
       76979
       76980
       77466
       77467
       77468
       77469
       77955
       77956
       77958
       78444
       78445
       78447
       78933
       78934
       78936
       79422
       79423
       79425
       79911
       79912
       79913
       79914
       80400
       80401
       80404
       80411
       81383
       81384
       81385
       85293
       85294
       85780
       86268
       87246
       87736
       87737
