         180
       16784
       17763
       18741
       19721
       20209
       21679
       22168
       23149
       23150
       23633
       23638
       23639
       23640
       23645
       23646
       23647
       23648
       24127
       24128
       24129
       24130
       24131
       24132
       24133
       24134
       24135
       24136
       24137
       24138
       24139
       24140
       24141
       24614
       24615
       24616
       24617
       24618
       24619
       24620
       24621
       24622
       24623
       24624
       24625
       24626
       24627
       24628
       24629
       24630
       24631
       25104
       25105
       25106
       25107
       25108
       25109
       25110
       25111
       25112
       25113
       25114
       25115
       25116
       25117
       25118
       25119
       25120
       25589
       25590
       25591
       25592
       25593
       25594
       25595
       25596
       25601
       25602
       25603
       25604
       25605
       25606
       25607
       25608
       25609
       26082
       26083
       26084
       26085
       26086
       26087
       26088
       26089
       26090
       26091
       26092
       26093
       26094
       26095
       26096
       26097
       26098
       26571
       26572
       26573
       26574
       26575
       26576
       26577
       26578
       26579
       26580
       26581
       26582
       26583
       26584
       26585
       26586
       26587
       26588
       27059
       27060
       27061
       27062
       27063
       27064
       27065
       27066
       27067
       27068
       27069
       27070
       27071
       27072
       27073
       27074
       27075
       27076
       27077
       27549
       27550
       27551
       27552
       27553
       27554
       27555
       27556
       27557
       27558
       27559
       27560
       27561
       27562
       27563
       27564
       27565
       27566
       28038
       28039
       28040
       28041
       28042
       28043
       28044
       28047
       28048
       28522
       28527
       28528
       28529
       28530
       28532
       28533
       28534
       28535
       29013
       29016
       29017
       29018
       29019
       29500
