          41
       72245
       72734
       76647
       77136
       77625
       78114
       78117
       78603
       78606
       79092
       79094
       79581
       79583
       80070
       80071
       80072
       80559
       80560
       80561
       81048
       81049
       81050
       81537
       81538
       81539
       82026
       82027
       82515
       82516
       84472
       84961
       85450
       86916
       86917
       87405
       87406
       88858
       88871
       89834
       90826
       91782
