         488
      204560
      205047
      205048
      205049
      205535
      205537
      205538
      206022
      206025
      206026
      206028
      206510
      206511
      206512
      206513
      206514
      206516
      206517
      206997
      206998
      207000
      207004
      207005
      207485
      207486
      207488
      207489
      207491
      207492
      207493
      207495
      207973
      207975
      207976
      207977
      207978
      207979
      207980
      207981
      207982
      207983
      207984
      207985
      208461
      208462
      208465
      208466
      208467
      208468
      208469
      208470
      208471
      208472
      208473
      208474
      208948
      208949
      208950
      208951
      208952
      208953
      208954
      208955
      208956
      208957
      208958
      208959
      208960
      208961
      208962
      208963
      208964
      209436
      209437
      209438
      209439
      209440
      209441
      209442
      209443
      209444
      209445
      209446
      209447
      209448
      209449
      209450
      209451
      209452
      209453
      209924
      209925
      209926
      209927
      209928
      209929
      209930
      209931
      209932
      209933
      209934
      209935
      209936
      209937
      209938
      209939
      209940
      209941
      209942
      210411
      210412
      210413
      210414
      210415
      210416
      210417
      210418
      210419
      210420
      210421
      210422
      210423
      210424
      210425
      210426
      210427
      210428
      210429
      210430
      210431
      210900
      210901
      210902
      210904
      210905
      210906
      210907
      210908
      210909
      210910
      210911
      210912
      210913
      210914
      210915
      210916
      210917
      210918
      210919
      210920
      211388
      211389
      211392
      211393
      211394
      211395
      211396
      211397
      211398
      211399
      211400
      211401
      211402
      211403
      211404
      211405
      211406
      211407
      211408
      211409
      211876
      211877
      211878
      211879
      211880
      211881
      211882
      211883
      211884
      211885
      211886
      211887
      211888
      211889
      211890
      211891
      211892
      211893
      211894
      211895
      211896
      211897
      211898
      212365
      212366
      212367
      212368
      212369
      212370
      212371
      212372
      212373
      212374
      212375
      212376
      212377
      212378
      212379
      212380
      212381
      212382
      212383
      212384
      212385
      212386
      212387
      212853
      212854
      212855
      212856
      212857
      212858
      212859
      212860
      212861
      212862
      212863
      212864
      212865
      212866
      212867
      212868
      212869
      212870
      212871
      212872
      212873
      212874
      212875
      212876
      213342
      213343
      213344
      213345
      213346
      213347
      213348
      213349
      213350
      213351
      213352
      213353
      213354
      213355
      213356
      213357
      213358
      213359
      213360
      213361
      213362
      213363
      213364
      213365
      213831
      213832
      213833
      213834
      213835
      213836
      213837
      213838
      213839
      213840
      213841
      213842
      213843
      213844
      213845
      213846
      213847
      213848
      213849
      213850
      213851
      213852
      213853
      213854
      214320
      214321
      214322
      214323
      214324
      214326
      214327
      214328
      214329
      214330
      214331
      214332
      214333
      214334
      214335
      214336
      214337
      214338
      214339
      214340
      214341
      214342
      214343
      214807
      214808
      214809
      214810
      214811
      214812
      214813
      214815
      214816
      214817
      214818
      214819
      214820
      214821
      214822
      214823
      214824
      214825
      214826
      214827
      214828
      214829
      214830
      214831
      215294
      215296
      215297
      215298
      215299
      215300
      215301
      215302
      215303
      215304
      215305
      215306
      215307
      215308
      215309
      215310
      215311
      215312
      215313
      215314
      215315
      215316
      215317
      215318
      215319
      215320
      215783
      215784
      215785
      215786
      215787
      215788
      215789
      215790
      215791
      215792
      215793
      215794
      215795
      215796
      215797
      215798
      215799
      215800
      215801
      215802
      215803
      215804
      215805
      215806
      215807
      215808
      215809
      216272
      216273
      216274
      216275
      216276
      216277
      216278
      216279
      216280
      216281
      216282
      216283
      216284
      216285
      216286
      216287
      216288
      216289
      216290
      216291
      216292
      216293
      216294
      216295
      216296
      216297
      216298
      216761
      216762
      216763
      216764
      216765
      216766
      216767
      216768
      216769
      216770
      216771
      216772
      216773
      216774
      216775
      216776
      216777
      216778
      216779
      216780
      216781
      216782
      216783
      216784
      216785
      216786
      217261
      217262
      217263
      217264
      217265
      217266
      217267
      217268
      217269
      217270
      217271
      217272
      217273
      217274
      217275
      217753
      217754
      217755
      217756
      217757
      217758
      217759
      217760
      217761
      217762
      217763
      217764
      218246
      218247
      218248
      218249
      218250
      218251
      218252
      218253
      218737
      218738
      218739
      218740
      218741
      218742
      219228
      219229
      219230
      219231
      219720
      219721
