          96
      123268
      123269
      123282
      123283
      123284
      123285
      123286
      123762
      123768
      123769
      123770
      123771
      123772
      123773
      123774
      123775
      124247
      124258
      124259
      124260
      124261
      124262
      124263
      124748
      124749
      125237
      125238
      125239
      125240
      125728
      125729
      126214
      126215
      126216
      126702
      126703
      126714
      127191
      127192
      127200
      127677
      127679
      127680
      127681
      127682
      127687
      128162
      128165
      128166
      128167
      128168
      128169
      128170
      128171
      128172
      128173
      128174
      128649
      128650
      128651
      128652
      128653
      128654
      128655
      128656
      128657
      128658
      128659
      128660
      129137
      129138
      129139
      129140
      129141
      129142
      129143
      129144
      129145
      129146
      129147
      129148
      129632
      129633
      129634
      129635
      130120
      130121
      130122
      130123
      130124
      130125
      130610
      131098
      131099
      131100
      131587
