          72
        6585
        8059
        9043
        9507
       10486
       10487
       10488
       10489
       10490
       10491
       10494
       10978
       10979
       10980
       10983
       10984
       10985
       10986
       11469
       11470
       11471
       11475
       11476
       11477
       11478
       11961
       11962
       11965
       11966
       11967
       11968
       11970
       11975
       12442
       12452
       12453
       12456
       12458
       12459
       12460
       12461
       12462
       12463
       12464
       12465
       12467
       12943
       12944
       12945
       12946
       12947
       12948
       12949
       12950
       12951
       12960
       13425
       13431
       13432
       13433
       13434
       13435
       13436
       13921
       14410
       17329
       17330
       21272
       10027
       10520
       10524
       12478
