          72
       31933
       32424
       32425
       32908
       33389
       33878
       34885
       35388
       35858
       35878
       36353
       36354
       36367
       38764
       38765
       38784
       39246
       39278
       39768
       39769
       40246
       40247
       40248
       40249
       40250
       40251
       40252
       40257
       40258
       40269
       40270
       40728
       40729
       40730
       40731
       40732
       40733
       40734
       40735
       40736
       40737
       40738
       40743
       40744
       40745
       40757
       40758
       40759
       40760
       40761
       40762
       41213
       41218
       41219
       41220
       41244
       41246
       41247
       41248
       41249
       41253
       41736
       41737
       41742
       41744
       42235
       42674
       42723
       43211
       43648
       44135
       44181
