         647
       68536
       68537
       71474
       71475
       71476
       71477
       71967
       71968
       71969
       73420
       73421
       73422
       73423
       73910
       73911
       73912
       73913
       73914
       73915
       73916
       74392
       74393
       74394
       74395
       74396
       74397
       74398
       74399
       74400
       74401
       74402
       74403
       74404
       74405
       74406
       74407
       74408
       74409
       74884
       74885
       74886
       74887
       74888
       74889
       74890
       74891
       74892
       74893
       74894
       74895
       74896
       74897
       74898
       74899
       74900
       74901
       75374
       75375
       75376
       75377
       75378
       75379
       75380
       75381
       75382
       75383
       75384
       75385
       75386
       75387
       75388
       75389
       75390
       75391
       75392
       75863
       75864
       75865
       75866
       75867
       75868
       75869
       75870
       75871
       75872
       75873
       75874
       75875
       75876
       75877
       75878
       75879
       75880
       75881
       75882
       75883
       75884
       76353
       76354
       76355
       76356
       76357
       76358
       76359
       76360
       76361
       76362
       76363
       76364
       76365
       76366
       76367
       76368
       76369
       76370
       76373
       76374
       76375
       76842
       76843
       76844
       76845
       76846
       76847
       76848
       76849
       76850
       76851
       76852
       76853
       76854
       76855
       76856
       76857
       76858
       76859
       76860
       76861
       76862
       76863
       76864
       76865
       76866
       77331
       77332
       77333
       77334
       77335
       77336
       77337
       77338
       77339
       77340
       77341
       77342
       77343
       77344
       77345
       77346
       77347
       77348
       77349
       77350
       77351
       77352
       77353
       77354
       77355
       77356
       77357
       77358
       77819
       77820
       77821
       77822
       77823
       77824
       77825
       77826
       77827
       77828
       77829
       77830
       77831
       77832
       77833
       77834
       77835
       77836
       77837
       77838
       77839
       77840
       77841
       77842
       77843
       77844
       77845
       77846
       78308
       78309
       78310
       78311
       78312
       78313
       78314
       78315
       78316
       78317
       78318
       78319
       78320
       78321
       78322
       78323
       78324
       78325
       78326
       78327
       78328
       78329
       78330
       78331
       78332
       78333
       78334
       78335
       78336
       78337
       78338
       78339
       78796
       78797
       78798
       78799
       78800
       78801
       78802
       78803
       78804
       78805
       78806
       78807
       78808
       78809
       78810
       78811
       78812
       78813
       78814
       78815
       78816
       78817
       78818
       78819
       78820
       78821
       78822
       78823
       78824
       78825
       78826
       78827
       78828
       78829
       79285
       79286
       79287
       79288
       79289
       79290
       79291
       79292
       79293
       79294
       79295
       79296
       79297
       79298
       79299
       79300
       79301
       79302
       79303
       79304
       79305
       79306
       79307
       79308
       79309
       79310
       79311
       79312
       79313
       79314
       79315
       79316
       79317
       79318
       79319
       79773
       79774
       79775
       79776
       79777
       79778
       79779
       79780
       79781
       79782
       79783
       79784
       79785
       79786
       79787
       79788
       79789
       79790
       79791
       79792
       79793
       79794
       79795
       79796
       79797
       79798
       79799
       79800
       79801
       79802
       79803
       79804
       79805
       79806
       79807
       79808
       80261
       80262
       80263
       80264
       80265
       80266
       80267
       80268
       80269
       80270
       80271
       80272
       80273
       80274
       80275
       80276
       80277
       80278
       80279
       80280
       80281
       80282
       80283
       80284
       80285
       80286
       80287
       80288
       80289
       80290
       80291
       80292
       80293
       80294
       80295
       80296
       80297
       80750
       80751
       80752
       80753
       80754
       80755
       80756
       80757
       80758
       80759
       80760
       80761
       80762
       80763
       80764
       80765
       80766
       80767
       80768
       80769
       80770
       80771
       80772
       80773
       80774
       80775
       80776
       80777
       80778
       80779
       80780
       80781
       80782
       80783
       80784
       80785
       81239
       81240
       81241
       81242
       81243
       81244
       81245
       81246
       81247
       81248
       81249
       81250
       81251
       81252
       81253
       81254
       81255
       81256
       81257
       81258
       81259
       81260
       81261
       81262
       81263
       81264
       81265
       81266
       81267
       81268
       81269
       81270
       81271
       81272
       81273
       81274
       81728
       81729
       81730
       81731
       81732
       81733
       81734
       81735
       81736
       81737
       81738
       81739
       81740
       81741
       81742
       81743
       81744
       81745
       81746
       81747
       81748
       81749
       81750
       81751
       81752
       81753
       81754
       81755
       81756
       81757
       81758
       81759
       81760
       81761
       81762
       81763
       82217
       82218
       82219
       82220
       82221
       82222
       82223
       82224
       82225
       82226
       82227
       82228
       82229
       82230
       82231
       82232
       82233
       82234
       82235
       82236
       82237
       82238
       82239
       82240
       82241
       82242
       82243
       82244
       82245
       82246
       82247
       82248
       82249
       82250
       82251
       82706
       82707
       82708
       82709
       82710
       82711
       82712
       82713
       82714
       82715
       82716
       82717
       82718
       82719
       82720
       82721
       82722
       82723
       82724
       82725
       82726
       82727
       82728
       82729
       82730
       82731
       82732
       82733
       82734
       82735
       82736
       82737
       82738
       82739
       82740
       83194
       83195
       83196
       83197
       83198
       83199
       83200
       83201
       83202
       83203
       83204
       83205
       83206
       83207
       83208
       83209
       83210
       83211
       83212
       83213
       83214
       83215
       83216
       83217
       83218
       83219
       83220
       83221
       83222
       83223
       83224
       83225
       83226
       83227
       83228
       83690
       83691
       83692
       83693
       83694
       83695
       83696
       83697
       83698
       83699
       83700
       83701
       83702
       83703
       83704
       83705
       83706
       83707
       83708
       83709
       83710
       83711
       83712
       83713
       83714
       83715
       83717
       84189
       84190
       84191
       84192
       84193
       84194
       84195
       84196
       84197
       84198
       84199
       84200
       84201
       84202
       84203
       84204
       84205
       84206
       84685
       84686
       84687
       84688
       84689
       84690
       84691
       84692
       84693
       84694
       84696
       85180
       85181
       85182
       85183
       85185
