         221
      102244
      103214
      103215
      103216
      103217
      103218
      103219
      103220
      103221
      103222
      103223
      103224
      103225
      103226
      103701
      103702
      103703
      103704
      103705
      103706
      103707
      103708
      103709
      103710
      103713
      103714
      104188
      104189
      104190
      104191
      104192
      104193
      104194
      104195
      104196
      104197
      104198
      104199
      104202
      104203
      104678
      104679
      104680
      104681
      104682
      104683
      104684
      104685
      104686
      104687
      104688
      104689
      104690
      104691
      104692
      104693
      105169
      105170
      105171
      105172
      105173
      105174
      105175
      105176
      105177
      105178
      105179
      105180
      105181
      105182
      105183
      105185
      105186
      105187
      105190
      105191
      105192
      105193
      105659
      105660
      105661
      105662
      105663
      105664
      105665
      105666
      105667
      105668
      105669
      105670
      105671
      105672
      105673
      105674
      105676
      105677
      105679
      105681
      106149
      106150
      106151
      106152
      106153
      106154
      106155
      106156
      106157
      106158
      106159
      106160
      106161
      106162
      106163
      106164
      106165
      106166
      106167
      106168
      106170
      106171
      106639
      106640
      106641
      106642
      106643
      106644
      106645
      106646
      106647
      106648
      106649
      106650
      106651
      106652
      106653
      106654
      106658
      107129
      107130
      107131
      107132
      107133
      107134
      107135
      107136
      107137
      107138
      107139
      107140
      107141
      107142
      107143
      107144
      107145
      107146
      107619
      107620
      107621
      107622
      107623
      107624
      107625
      107626
      107627
      107628
      107630
      107631
      107633
      107634
      108109
      108110
      108111
      108112
      108113
      108114
      108115
      108116
      108117
      108118
      108119
      108120
      108121
      108599
      108600
      108601
      108602
      108603
      108604
      108605
      108606
      108607
      108608
      108609
      108610
      109089
      109090
      109091
      109092
      109093
      109094
      109095
      109096
      109097
      109098
      109579
      109580
      109581
      109582
      109583
      109584
      109585
      109586
      110069
      110070
      110073
      110074
      110559
      110560
      110561
      110562
      111049
