         503
       70417
       70418
       70419
       70420
       70421
       70422
       70423
       70906
       70907
       70908
       70909
       70910
       70911
       70912
       70913
       70914
       70915
       70916
       70917
       71395
       71396
       71397
       71398
       71399
       71400
       71401
       71402
       71403
       71404
       71405
       71406
       71407
       71408
       71409
       71414
       71884
       71885
       71886
       71887
       71888
       71889
       71890
       71891
       71892
       71893
       71894
       71895
       71896
       71897
       71898
       71899
       71900
       71901
       71903
       71904
       72373
       72374
       72375
       72376
       72377
       72378
       72379
       72380
       72381
       72382
       72383
       72384
       72385
       72386
       72387
       72388
       72389
       72391
       72392
       72393
       72862
       72863
       72864
       72865
       72866
       72867
       72868
       72869
       72870
       72871
       72872
       72873
       72874
       72875
       72876
       72877
       72878
       72879
       72880
       72881
       72882
       72883
       73351
       73352
       73353
       73354
       73355
       73356
       73357
       73358
       73359
       73360
       73361
       73362
       73363
       73364
       73365
       73366
       73367
       73368
       73369
       73370
       73371
       73372
       73373
       73840
       73841
       73842
       73843
       73844
       73845
       73846
       73847
       73848
       73849
       73850
       73851
       73852
       73853
       73854
       73855
       73857
       73858
       73859
       73861
       73864
       73866
       74329
       74330
       74331
       74332
       74333
       74334
       74335
       74336
       74337
       74338
       74339
       74340
       74341
       74342
       74343
       74344
       74346
       74347
       74348
       74349
       74350
       74351
       74354
       74355
       74818
       74819
       74820
       74821
       74822
       74823
       74824
       74825
       74826
       74827
       74828
       74829
       74830
       74831
       74832
       74833
       74834
       74835
       74836
       74837
       74839
       74841
       74842
       74843
       74844
       75307
       75308
       75309
       75310
       75311
       75312
       75313
       75314
       75315
       75316
       75317
       75318
       75319
       75320
       75321
       75322
       75323
       75324
       75325
       75326
       75327
       75328
       75330
       75331
       75332
       75796
       75797
       75798
       75799
       75800
       75801
       75802
       75803
       75804
       75805
       75806
       75807
       75808
       75809
       75810
       75811
       75812
       75814
       75815
       75816
       75817
       75819
       75820
       76285
       76286
       76287
       76288
       76289
       76290
       76291
       76292
       76293
       76294
       76295
       76296
       76297
       76298
       76299
       76300
       76301
       76303
       76305
       76308
       76774
       76775
       76776
       76777
       76778
       76779
       76780
       76781
       76782
       76783
       76784
       76785
       76786
       76787
       76788
       76789
       76790
       76792
       76794
       77263
       77264
       77265
       77266
       77267
       77268
       77269
       77270
       77271
       77272
       77273
       77274
       77275
       77276
       77277
       77278
       77279
       77280
       77281
       77282
       77283
       77752
       77753
       77754
       77755
       77756
       77757
       77758
       77759
       77760
       77761
       77762
       77763
       77764
       77765
       77766
       77767
       77769
       77770
       77771
       78241
       78242
       78243
       78244
       78245
       78246
       78247
       78248
       78249
       78250
       78251
       78252
       78253
       78254
       78255
       78256
       78258
       78730
       78731
       78732
       78733
       78734
       78735
       78736
       78737
       78738
       78739
       78740
       78741
       78742
       78743
       78744
       78745
       78747
       78748
       79219
       79220
       79221
       79222
       79223
       79224
       79225
       79226
       79227
       79228
       79229
       79230
       79231
       79232
       79233
       79234
       79235
       79708
       79709
       79710
       79711
       79712
       79713
       79714
       79715
       79716
       79717
       79718
       79719
       79720
       79721
       79722
       79723
       79724
       80197
       80198
       80199
       80200
       80201
       80202
       80203
       80204
       80205
       80206
       80207
       80208
       80209
       80210
       80211
       80212
       80686
       80687
       80688
       80689
       80690
       80691
       80692
       80693
       80694
       80695
       80696
       80697
       80698
       80699
       80700
       81175
       81176
       81177
       81178
       81179
       81180
       81181
       81182
       81183
       81184
       81185
       81186
       81187
       81188
       81664
       81665
       81666
       81667
       81668
       81669
       81670
       81671
       81672
       81673
       81674
       81675
       81676
       82153
       82154
       82155
       82156
       82157
       82158
       82159
       82160
       82161
       82162
       82163
       82164
       82165
       82642
       82643
       82644
       82645
       82646
       82647
       82648
       82649
       82650
       82651
       82652
       82653
       83131
       83132
       83133
       83134
       83135
       83136
       83137
       83138
       83139
       83140
       83141
       83620
       83621
       83622
       83623
       83624
       83625
       83626
       83627
       83629
       83630
       84109
       84110
       84111
       84112
       84113
       84114
       84115
       84116
       84118
       84604
       84605
       84606
