          50
         168
         170
         171
         175
         176
         185
         192
         193
         194
        3606
        3607
        3608
        3609
        3610
        3611
        3616
        3617
        4087
        4089
        4090
        4091
        4593
        5064
        5556
        6046
        8009
        8493
        8977
        8978
        8984
        8985
        8986
        8988
        8989
        8990
        8991
        8992
        8993
        8994
        8995
        8996
        8997
        9486
        9487
        9976
        9977
        9978
        9979
        9980
        9984
