          54
      114913
      115890
      117844
      118332
      118821
      119798
      120286
      129584
      132025
      133984
      134956
      135445
      135933
      135934
      135937
      136420
      136421
      136422
      136423
      136424
      136910
      136911
      136912
      137398
      137399
      137400
      137401
      137886
      137887
      137888
      137889
      138375
      138376
      138377
      138862
      138863
      138864
      138865
      138866
      139352
      139353
      139354
      139840
      139841
      139842
      139843
      140329
      140330
      140331
      140818
      141307
      141795
      141796
      140817
