         443
      216038
      216039
      216040
      216042
      216043
      216044
      216045
      216046
      216047
      216048
      216049
      216050
      216051
      216052
      216053
      216054
      216055
      216056
      216057
      216058
      216059
      216060
      216061
      216527
      216528
      216529
      216531
      216532
      216533
      216534
      216535
      216536
      216537
      216538
      216539
      216540
      216541
      216542
      216543
      216544
      216545
      216546
      216547
      216548
      217015
      217016
      217017
      217018
      217019
      217020
      217021
      217022
      217023
      217024
      217025
      217026
      217027
      217028
      217029
      217030
      217031
      217032
      217033
      217034
      217035
      217503
      217504
      217506
      217507
      217508
      217509
      217510
      217511
      217512
      217513
      217514
      217515
      217516
      217517
      217518
      217519
      217520
      217521
      217522
      217523
      217524
      217993
      217995
      217996
      217998
      217999
      218000
      218001
      218002
      218003
      218004
      218005
      218006
      218007
      218008
      218009
      218010
      218011
      218012
      218013
      218481
      218484
      218485
      218487
      218488
      218489
      218490
      218491
      218492
      218493
      218494
      218495
      218496
      218497
      218498
      218499
      218500
      218501
      218502
      218503
      218969
      218970
      218972
      218973
      218975
      218976
      218977
      218978
      218979
      218980
      218981
      218982
      218983
      218984
      218985
      218986
      218987
      218988
      218989
      218990
      218991
      218992
      219459
      219462
      219465
      219466
      219467
      219468
      219469
      219470
      219471
      219472
      219473
      219474
      219475
      219476
      219477
      219478
      219479
      219480
      219948
      219949
      219951
      219952
      219953
      219954
      219955
      219956
      219957
      219958
      219959
      219960
      219961
      219962
      219963
      219964
      219965
      219966
      219967
      219968
      219969
      220436
      220437
      220438
      220439
      220440
      220441
      220442
      220443
      220444
      220445
      220446
      220447
      220448
      220449
      220450
      220451
      220452
      220453
      220454
      220455
      220456
      220457
      220458
      220924
      220925
      220926
      220927
      220928
      220929
      220930
      220931
      220932
      220933
      220934
      220935
      220936
      220937
      220938
      220939
      220940
      220941
      220942
      220943
      220944
      220945
      220946
      220947
      221414
      221415
      221416
      221417
      221418
      221419
      221420
      221421
      221422
      221423
      221424
      221425
      221426
      221427
      221428
      221429
      221430
      221431
      221432
      221433
      221434
      221435
      221436
      221902
      221905
      221906
      221907
      221908
      221909
      221910
      221911
      221912
      221913
      221914
      221915
      221916
      221917
      221918
      221919
      221920
      221921
      221922
      221923
      221924
      221925
      222391
      222394
      222395
      222396
      222397
      222398
      222399
      222400
      222401
      222402
      222403
      222404
      222405
      222406
      222407
      222408
      222409
      222410
      222411
      222412
      222413
      222414
      222880
      222881
      222882
      222883
      222884
      222885
      222886
      222887
      222888
      222889
      222890
      222891
      222892
      222893
      222894
      222895
      222896
      222897
      222898
      222899
      222900
      222901
      222902
      222903
      223366
      223369
      223370
      223371
      223372
      223373
      223374
      223375
      223376
      223377
      223378
      223379
      223380
      223381
      223382
      223383
      223384
      223385
      223386
      223387
      223388
      223389
      223390
      223391
      223392
      223856
      223857
      223858
      223859
      223860
      223861
      223862
      223863
      223864
      223865
      223866
      223867
      223868
      223869
      223870
      223871
      223872
      223873
      223874
      223875
      223876
      223877
      223878
      223879
      223880
      223881
      223882
      224349
      224350
      224351
      224352
      224353
      224354
      224355
      224356
      224357
      224358
      224359
      224360
      224361
      224362
      224363
      224364
      224365
      224366
      224367
      224368
      224369
      224370
      224841
      224842
      224843
      224844
      224845
      224846
      224847
      224848
      224849
      224850
      224851
      224852
      224853
      224854
      224855
      224856
      224857
      224858
      225333
      225334
      225335
      225336
      225337
      225338
      225339
      225340
      225341
      225342
      225343
      225344
      225345
      225826
      225827
      225828
      225829
      225830
      226336
      226825
      227802
      227804
      228291
      229758
      229759
      230247
      230248
