          64
       28052
       29511
       31958
       31959
       31962
       31963
       31964
       31965
       31966
       31967
       31968
       31969
       31970
       31971
       31972
       31973
       31974
       31975
       32446
       32447
       32471
       32932
       32933
       32934
       32935
       32948
       32949
       32950
       32951
       32952
       32953
       32954
       32955
       33423
       33427
       33428
       33429
       33430
       33431
       33432
       33433
       33434
       33435
       33436
       33911
       33918
       33919
       34411
       34412
       35392
       35884
       36371
       36372
       36845
       36856
       39781
       39787
       39788
       40278
       40768
       40770
       41749
       43204
       43212
