          43
         349
         836
        1325
        1818
        2791
        3284
        3768
        4257
        4277
        4745
        5236
        5722
        6211
        7188
        9648
       10120
       10625
       11588
       11591
       12075
       12091
       12563
       12565
       12568
       13052
       13054
       13067
       13541
       13543
       14030
       14032
       14033
       14034
       14043
       14520
       14521
       14522
       14531
       15009
       15019
       15996
       16484
       17950
