         136
      171086
      172069
      172557
      173043
      173045
      173046
      173534
      173535
      174023
      174024
      174512
      174513
      175001
      175002
      175491
      175980
      176469
      177447
      178430
      178431
      178911
      178918
      178919
      178920
      178934
      179400
      179409
      179417
      179889
      179898
      179899
      179911
      180387
      180388
      180389
      180396
      180873
      180876
      181362
      181365
      181854
      181856
      181857
      182342
      182343
      182345
      182346
      182356
      182830
      182831
      182835
      182845
      182846
      183319
      183320
      183324
      183335
      183807
      183808
      183809
      183813
      183824
      184296
      184297
      184298
      184299
      184302
      184313
      184781
      184782
      184783
      184784
      184785
      185270
      185271
      185272
      185273
      185274
      185759
      186248
      186252
      186722
      186737
      186738
      186739
      186740
      186741
      187206
      187695
      188677
      190144
      191117
      191593
      192097
      192584
      193073
      193554
      193559
      193562
      194041
      194048
      194051
      194054
      194531
      194534
      194536
      194538
      194540
      194543
      194544
      194545
      195022
      195024
      195025
      195029
      195032
      195033
      195034
      195517
      195518
      195521
      195522
      195523
      196006
      196007
      196010
      196012
      196497
      196500
      197964
      197966
      198454
      198941
      198943
      199430
      199920
