          89
      217106
      217107
      217108
      217112
      217113
      217114
      217115
      217594
      217598
      217601
      217602
      217603
      217604
      218085
      218092
      218093
      218573
      218574
      218576
      218579
      218581
      218582
      219062
      219063
      219064
      219065
      219068
      219069
      219070
      219071
      219553
      219554
      219557
      219558
      220041
      220048
      220537
      221021
      221026
      221509
      221510
      221514
      221515
      221998
      221999
      222003
      222004
      222487
      222488
      222490
      222492
      222977
      222979
      222981
      223466
      223470
      223955
      223956
      223957
      223958
      223959
      224444
      224445
      224446
      224447
      224448
      224451
      224933
      224934
      224935
      224936
      224937
      224940
      225423
      225424
      225429
      225918
      226395
      226396
      226397
      226398
      226399
      226400
      226401
      226402
      226403
      226404
      226405
      226406
