         136
      155373
      155862
      157325
      157814
      158303
      158308
      158310
      158311
      158792
      158797
      158799
      158800
      159281
      159282
      159286
      159287
      159289
      159770
      159771
      159775
      159776
      160233
      160236
      160259
      160260
      160264
      160265
      160721
      160726
      160748
      160749
      160753
      160754
      161214
      161218
      161239
      161242
      161243
      161244
      161245
      161246
      161708
      161728
      161731
      161732
      161733
      161734
      161735
      162217
      162220
      162221
      162224
      162706
      162709
      162710
      162713
      163179
      163195
      163196
      163198
      163199
      163202
      163669
      163685
      163687
      163688
      163691
      164160
      164161
      164174
      164176
      164177
      164180
      164645
      164650
      164651
      164663
      164665
      164666
      164669
      165140
      165142
      165154
      165155
      165156
      165634
      165638
      165639
      165640
      165641
      165642
      165643
      165644
      165645
      166119
      166122
      166123
      166124
      166125
      166126
      166127
      166128
      166132
      166133
      166134
      166137
      166609
      166613
      166614
      166617
      166618
      166622
      166623
      166626
      167105
      167106
      167107
      167108
      167109
      167111
      167112
      167113
      167115
      167593
      167600
      167601
      167602
      167603
      168083
      168088
      168089
      168090
      168574
      168575
      168576
      176364
