         129
       58774
       61213
       62201
       62202
       62691
       62692
       62693
       62694
       62695
       62696
       62697
       63180
       63181
       63669
       64153
       64154
       64155
       64156
       64157
       64158
       64640
       64641
       64642
       64643
       65126
       65127
       65128
       65129
       65130
       65131
       65132
       65133
       65134
       65135
       65136
       65613
       65614
       65615
       65616
       65617
       65623
       65624
       65625
       65626
       65627
       66102
       66103
       66111
       66112
       66113
       66114
       66115
       66597
       66598
       66599
       66600
       67073
       67084
       67093
       67094
       67095
       67096
       67097
       67563
       67564
       67569
       67575
       67576
       67587
       68050
       68051
       68054
       68056
       68057
       68058
       68059
       68062
       68067
       68068
       68076
       68535
       68538
       68539
       68541
       68555
       68556
       69022
       69045
       69528
       70021
       70022
       70981
       70982
       70983
       70999
       71000
       71001
       71470
       71471
       71472
       71473
       71478
       71479
       71490
       71513
       71965
       71966
       71970
       71971
       71981
       72002
       72473
       72474
       72475
       72477
       72489
       72490
       72926
       72927
       72928
       72974
       72975
       73419
       73909
       75393
       76371
       76372
       76376
       76867
