          45
       17398
       17873
       18853
       19360
       19836
       19839
       19850
       19853
       20831
       20834
       21322
       21798
       21800
       21811
       22288
       22295
       22770
       22771
       22776
       22777
       22778
       22779
       22783
       22786
       23263
       23264
       23270
       23272
       23273
       23274
       23755
       23756
       23759
       23764
       24247
       24248
       24733
       25708
       26202
       26696
       29623
       29624
       29625
       29628
       30610
