         106
       24666
       24667
       25156
       25157
       25643
       25644
       25645
       25646
       26132
       26133
       26134
       26135
       26136
       26137
       26620
       26621
       26623
       26624
       26625
       26626
       26627
       27109
       27110
       27111
       27112
       27113
       27114
       27115
       27116
       27117
       27598
       27599
       27600
       27601
       27602
       27603
       27604
       27605
       27606
       28083
       28086
       28087
       28088
       28089
       28090
       28091
       28092
       28093
       28094
       28567
       28568
       28576
       28577
       28578
       28579
       28580
       28581
       28582
       28583
       28584
       28585
       28587
       29065
       29066
       29067
       29068
       29069
       29070
       29071
       29072
       29073
       29074
       29075
       29076
       29555
       29556
       29557
       29558
       29559
       29560
       29561
       29562
       29563
       29564
       29565
       30043
       30044
       30045
       30046
       30047
       30048
       30049
       30050
       30051
       30052
       30053
       30533
       30534
       30535
       30536
       30537
       30538
       30539
       30540
       30541
       30542
