          93
         300
         301
         302
         304
         305
         306
         789
         790
         791
         792
         794
         795
         796
        1278
        1279
        1280
        1283
        1284
        1285
        1766
        1767
        1768
        1769
        1772
        1773
        2255
        2256
        2257
        2261
        2743
        2744
        2745
        2746
        3232
        3233
        3234
        3235
        3720
        3721
        3722
        3723
        4209
        4210
        4211
        4212
        4214
        4699
        4700
        5188
        5189
        5675
        5676
        5677
        5678
        6163
        6164
        6165
        6166
        6653
        6654
        6655
        7141
        7142
        7143
        7630
        7631
        7632
        8121
        8610
        8611
        8612
        9099
        9100
        9101
        9102
        9588
        9589
        9590
        9591
       10078
       10079
       10080
       10569
       11058
       11547
       12036
       13011
       13013
       13497
       13498
       13500
       13501
       13985
