          43
      163910
      164397
      164398
      164888
      165863
      166837
      167321
      167323
      167324
      167809
      168299
      168787
      170252
      170740
      171229
      171235
      171236
      171718
      171719
      171720
      171721
      171722
      171723
      171724
      171725
      171726
      171727
      172212
      172213
      172214
      172215
      172216
      172699
      172702
      172703
      172705
      173205
      173683
      173684
      174168
      174169
      174170
      174182
