         232
      115869
      115870
      115871
      116349
      116350
      116351
      116352
      116353
      116354
      116355
      116356
      116357
      116358
      116359
      116360
      116832
      116833
      116834
      116835
      116836
      116837
      116838
      116839
      116840
      116841
      116842
      116843
      116844
      116845
      116846
      116847
      116848
      116849
      117321
      117322
      117323
      117324
      117325
      117326
      117327
      117328
      117329
      117330
      117331
      117332
      117333
      117334
      117335
      117336
      117337
      117338
      117810
      117811
      117812
      117813
      117814
      117815
      117816
      117817
      117818
      117819
      117820
      117821
      117822
      117823
      117824
      117825
      117826
      117827
      118300
      118301
      118302
      118303
      118304
      118305
      118306
      118307
      118308
      118309
      118310
      118311
      118312
      118313
      118314
      118315
      118316
      118789
      118790
      118791
      118792
      118793
      118794
      118795
      118796
      118797
      118798
      118799
      118800
      118801
      118802
      118803
      118804
      118805
      119278
      119279
      119280
      119281
      119282
      119283
      119284
      119285
      119286
      119287
      119288
      119289
      119290
      119291
      119292
      119293
      119294
      119767
      119768
      119769
      119770
      119771
      119772
      119773
      119774
      119775
      119776
      119777
      119778
      119779
      119780
      119781
      119782
      119783
      120256
      120257
      120258
      120259
      120260
      120261
      120262
      120263
      120264
      120265
      120266
      120267
      120268
      120269
      120270
      120271
      120272
      120745
      120746
      120747
      120748
      120749
      120750
      120751
      120752
      120753
      120754
      120755
      120756
      120757
      120758
      120759
      120760
      120761
      121235
      121236
      121237
      121238
      121239
      121240
      121241
      121242
      121243
      121244
      121245
      121246
      121247
      121248
      121249
      121250
      121724
      121725
      121726
      121727
      121728
      121729
      121730
      121731
      121732
      121733
      121734
      121735
      121736
      121737
      121738
      121739
      122213
      122214
      122215
      122216
      122217
      122218
      122219
      122220
      122221
      122222
      122223
      122224
      122225
      122226
      122227
      122228
      122702
      122703
      122704
      122705
      122706
      122707
      122708
      122709
      122710
      123191
      123192
      123193
      123194
