          40
      118372
      119339
      119822
      120308
      120797
      121288
      121289
      121791
      122769
      124233
      124722
      125213
      125710
      125711
      125712
      125713
      126189
      126193
      126194
      126195
      126196
      126199
      126200
      126678
      126681
      126682
      126683
      126688
      127176
      127663
      128151
      128642
      129614
      130595
      130605
      132069
      132557
      133531
      133533
      134021
