          96
      170839
      171816
      172311
      172317
      172781
      172782
      172791
      173279
      173764
      173765
      173766
      173767
      174251
      174252
      174253
      174254
      174255
      174256
      174263
      174741
      174743
      174744
      174750
      175230
      175242
      175717
      175718
      175725
      175726
      175729
      176206
      176212
      176215
      176700
      176701
      176702
      177188
      177190
      177191
      177669
      177676
      177677
      177678
      177679
      177685
      177686
      178155
      178156
      178158
      178164
      178166
      178173
      178175
      178638
      178643
      178652
      178654
      178661
      179143
      179618
      179619
      179623
      179628
      180110
      180113
      181100
      181108
      181567
      181568
      181569
      181570
      181581
      181595
      182040
      182043
      182072
      182073
      182074
      182075
      182079
      182524
      182559
      182560
      182561
      183049
      183513
      184003
      184025
      184522
      185474
      185489
      185490
      185503
      185985
      186953
      187437
