          67
      107936
      108425
      108914
      108915
      109403
      109404
      109893
      110381
      110870
      111357
      111359
      111846
      111848
      112334
      112335
      112823
      112824
      113817
      114290
      114306
      114793
      115281
      116244
      116732
      116733
      117221
      117222
      117236
      117710
      117725
      118687
      119664
      120645
      121130
      124064
      106010
      106494
      106503
      106505
      106983
      107471
      107474
      108448
      108451
      108457
      108937
      108939
      109425
      109426
      109427
      109913
      109914
      109915
      109924
      110402
      110409
      110412
      110891
      110901
      112845
      112846
      112850
      112854
      113339
      113340
      113818
      113827
