          65
      121983
      122473
      122474
      122475
      122965
      122978
      122979
      123455
      123468
      123945
      123956
      123958
      123959
      124437
      124438
      124445
      124449
      124450
      124451
      124452
      124924
      124926
      124927
      124932
      124934
      124937
      125413
      125415
      125416
      125421
      125423
      125901
      125902
      125905
      126390
      126391
      126394
      126400
      126879
      126881
      126883
      127365
      127370
      127371
      127372
      127854
      127855
      127861
      128343
      128344
      128350
      128833
      129322
      120081
      121052
      121536
      121538
      122022
      122023
      122507
      122508
      122992
      122993
      122994
      122995
