          71
      199936
      199941
      199942
      199943
      199945
      200417
      200418
      200419
      200426
      200427
      200429
      200430
      200906
      200915
      200916
      200917
      200918
      200919
      200920
      201398
      201399
      201400
      201401
      201404
      201405
      201406
      201407
      201408
      201409
      201410
      201412
      201887
      201888
      201889
      201890
      201891
      201894
      201895
      201896
      201897
      201899
      201901
      202375
      202376
      202383
      202384
      202385
      202386
      202389
      202390
      202391
      202864
      202873
      202878
      202880
      203362
      203367
      203851
      204331
      204819
      204820
      205319
      205320
      205325
      205808
      207278
      208253
      208743
      209233
      209235
      209722
