         104
      199313
      199314
      199801
      199802
      199803
      199804
      200288
      200289
      200290
      200291
      200292
      200293
      200294
      200777
      200778
      200779
      200780
      200781
      200782
      200783
      201266
      201267
      201268
      201269
      201270
      201271
      201272
      201755
      201756
      201757
      201758
      201759
      201760
      201761
      202244
      202245
      202246
      202247
      202248
      202249
      202250
      202733
      202734
      202735
      202736
      202737
      202738
      202739
      203222
      203223
      203224
      203225
      203226
      203227
      203228
      203711
      203712
      203713
      203714
      203715
      203716
      203717
      204199
      204200
      204201
      204202
      204203
      204204
      204205
      204206
      204689
      204690
      204691
      204692
      204693
      204694
      204695
      205177
      205180
      205181
      205182
      205183
      205184
      205668
      205669
      205670
      205671
      205672
      205673
      206157
      206158
      206159
      206160
      206161
      206162
      206646
      206647
      206648
      206649
      206650
      206651
      207135
      207136
      207137
