          97
       61817
       62305
       62793
       63769
       64257
       64746
       65235
       65724
       66214
       66704
       67683
       67697
       67698
       68173
       68183
       68184
       68663
       68664
       68665
       68666
       68667
       68671
       68672
       68677
       69152
       69153
       69154
       69155
       69156
       69157
       69158
       69159
       69160
       69161
       69162
       69163
       69164
       69165
       69639
       69640
       69641
       69642
       69643
       69644
       69645
       69646
       69647
       69648
       69649
       70128
       70131
       70132
       70133
       70134
       70135
       70136
       70137
       70138
       70621
       70622
       70623
       70624
       71109
       71110
       71111
       71112
       71115
       71116
       71117
       71118
       71598
       71599
       71600
       71601
       71602
       71603
       71604
       71605
       71606
       71607
       72087
       72088
       72089
       72105
       72107
       72576
       72577
       73065
       73553
       73554
       74042
       74531
       75020
       75509
       75998
       76487
       76976
