         421
      118758
      119246
      119247
      119248
      119249
      119250
      119251
      119734
      119735
      119736
      119737
      119738
      119739
      119740
      119741
      119742
      119743
      119744
      120222
      120223
      120224
      120225
      120226
      120227
      120228
      120229
      120230
      120231
      120232
      120233
      120234
      120235
      120236
      120237
      120238
      120711
      120712
      120713
      120714
      120715
      120716
      120717
      120718
      120719
      120720
      120721
      120722
      120723
      120724
      120725
      120726
      120727
      121199
      121200
      121201
      121202
      121203
      121204
      121205
      121206
      121207
      121208
      121209
      121210
      121211
      121212
      121213
      121214
      121215
      121216
      121688
      121689
      121690
      121691
      121692
      121693
      121694
      121695
      121696
      121697
      121698
      121699
      121700
      121701
      121702
      121703
      121704
      121705
      122177
      122178
      122179
      122180
      122181
      122182
      122183
      122184
      122185
      122186
      122187
      122188
      122189
      122190
      122191
      122192
      122193
      122194
      122665
      122666
      122667
      122668
      122669
      122670
      122671
      122672
      122673
      122674
      122675
      122676
      122677
      122678
      122679
      122680
      122681
      122682
      122683
      123154
      123155
      123156
      123157
      123158
      123159
      123160
      123161
      123162
      123163
      123164
      123165
      123166
      123167
      123168
      123169
      123170
      123171
      123172
      123642
      123643
      123644
      123645
      123646
      123647
      123648
      123649
      123650
      123651
      123652
      123653
      123654
      123655
      123656
      123657
      123658
      123659
      123660
      123661
      124131
      124132
      124133
      124134
      124135
      124136
      124137
      124138
      124139
      124140
      124141
      124142
      124143
      124144
      124145
      124146
      124147
      124148
      124149
      124150
      124621
      124622
      124623
      124624
      124625
      124626
      124627
      124628
      124629
      124630
      124631
      124632
      124633
      124634
      124635
      124636
      124637
      124638
      124639
      125110
      125111
      125112
      125113
      125114
      125115
      125116
      125117
      125118
      125119
      125120
      125121
      125122
      125123
      125124
      125125
      125126
      125127
      125128
      125599
      125600
      125601
      125602
      125603
      125604
      125605
      125606
      125607
      125608
      125609
      125610
      125611
      125612
      125613
      125614
      125615
      125616
      125617
      126089
      126090
      126091
      126092
      126093
      126094
      126095
      126096
      126097
      126098
      126099
      126100
      126101
      126102
      126103
      126104
      126105
      126106
      126107
      126578
      126579
      126580
      126581
      126582
      126583
      126584
      126585
      126586
      126587
      126588
      126589
      126590
      126591
      126592
      126593
      126594
      126595
      126596
      127068
      127069
      127070
      127071
      127072
      127073
      127074
      127075
      127076
      127077
      127078
      127079
      127080
      127081
      127082
      127083
      127084
      127085
      127557
      127558
      127559
      127560
      127561
      127562
      127563
      127564
      127565
      127566
      127567
      127568
      127569
      127570
      127571
      127572
      127573
      127574
      128047
      128048
      128049
      128050
      128051
      128052
      128053
      128054
      128055
      128056
      128057
      128058
      128059
      128060
      128061
      128062
      128536
      128537
      128538
      128539
      128540
      128541
      128542
      128543
      128544
      128545
      128546
      128547
      128548
      128549
      128550
      128551
      129026
      129027
      129028
      129029
      129030
      129031
      129032
      129033
      129034
      129035
      129036
      129037
      129038
      129039
      129040
      129516
      129517
      129518
      129519
      129520
      129521
      129522
      129523
      129524
      129525
      129526
      129527
      129528
      129529
      130005
      130006
      130007
      130008
      130009
      130010
      130011
      130012
      130013
      130014
      130015
      130016
      130017
      130018
      130495
      130496
      130497
      130498
      130499
      130500
      130501
      130502
      130503
      130504
      130505
      130506
      130507
      130984
      130985
      130986
      130987
      130988
      130989
      130990
      130991
      130992
      130993
      130994
      130995
      130996
      131474
      131475
      131476
      131477
      131478
