          51
       12659
       13148
       13637
       14123
       14124
       14610
       14611
       14612
       14613
       14615
       15099
       15100
       15101
       15102
       15103
       15588
       15589
       15591
       15592
       16077
       16080
       17055
       18032
       18515
       18521
       19004
       19009
       19491
       19493
       19497
       19986
       19993
       20474
       20475
       20955
       20963
       20964
       21448
       21449
       21450
       21451
       21452
       21453
       21939
       21940
       21941
       21949
       22420
       22429
       22918
       24373
