          79
      162941
      164407
      164408
      164410
      166840
      166854
      167344
      168304
      168305
      168793
      168794
      169282
      169287
      169288
      169289
      169295
      169296
      169297
      169771
      169772
      169775
      169778
      169785
      170262
      170755
      170758
      170761
      171248
      171249
      171732
      171738
      172226
      172227
      172710
      172715
      173199
      173200
      173201
      173202
      173687
      173688
      174176
      174177
      176129
      176132
      179044
      180507
      180995
      184431
      184925
      185406
      185408
      185412
      185891
      185897
      186374
      186375
      186384
      186385
      186386
      186387
      186859
      186873
      186874
      186875
      187347
      189779
      190271
      190762
      191253
      191254
      191255
      191736
      192222
      192231
      197105
      197594
      187854
      188343
