          43
      200736
      203645
      204134
      204135
      204136
      204142
      204623
      204625
      204626
      205112
      205113
      205114
      205118
      205125
      205603
      206093
      206583
      206584
      207075
      207076
      207567
      208547
      209037
      209526
      210502
      210503
      212945
      214893
      216355
      217329
      217816
      218303
      218790
      219278
      219766
      221718
      222206
      222693
      223180
      198300
      199277
      199766
      201227
