         328
      197596
      199063
      199064
      199551
      199553
      199560
      199561
      200054
      200057
      200526
      200531
      200539
      200542
      200543
      201014
      201020
      201028
      201029
      201030
      201034
      201507
      201514
      201515
      201516
      201517
      201519
      201520
      201996
      201998
      202003
      202004
      202005
      202006
      202008
      202482
      202483
      202487
      202492
      202493
      202494
      202496
      202497
      202500
      202969
      202970
      202971
      202972
      202980
      202981
      202982
      202983
      202985
      203459
      203462
      203463
      203467
      203468
      203469
      203470
      203471
      203472
      203473
      203475
      203951
      203952
      203953
      203956
      203957
      203958
      203959
      203960
      203961
      203963
      204440
      204441
      204442
      204444
      204445
      204446
      204447
      204448
      204449
      204450
      204451
      204452
      204454
      204922
      204928
      204929
      204930
      204931
      204933
      204934
      204935
      204936
      204937
      204938
      204939
      204940
      204941
      204942
      205411
      205412
      205417
      205418
      205419
      205420
      205421
      205422
      205423
      205424
      205425
      205426
      205427
      205428
      205429
      205430
      205900
      205901
      205905
      205906
      205907
      205908
      205909
      205910
      205911
      205912
      205913
      205914
      205915
      205916
      205917
      205918
      205919
      206387
      206390
      206394
      206395
      206396
      206397
      206398
      206399
      206400
      206401
      206402
      206403
      206404
      206405
      206406
      206407
      206875
      206876
      206879
      206882
      206883
      206884
      206885
      206886
      206887
      206888
      206889
      206890
      206891
      206892
      206893
      206894
      206895
      206896
      207363
      207364
      207371
      207372
      207373
      207374
      207375
      207376
      207377
      207378
      207379
      207380
      207381
      207382
      207383
      207384
      207385
      207852
      207854
      207855
      207859
      207860
      207861
      207862
      207863
      207864
      207865
      207866
      207867
      207870
      207871
      208341
      208343
      208344
      208348
      208349
      208350
      208351
      208352
      208353
      208354
      208355
      208356
      208359
      208360
      208829
      208831
      208832
      208837
      208838
      208839
      208840
      208841
      208842
      208843
      208844
      209318
      209320
      209325
      209326
      209327
      209328
      209329
      209330
      209331
      209332
      209333
      209809
      209813
      209814
      209815
      209816
      209817
      209818
      209819
      209820
      209821
      209822
      210295
      210298
      210302
      210304
      210305
      210306
      210307
      210308
      210309
      210310
      210311
      210784
      210785
      210790
      210793
      210794
      210795
      210796
      210797
      210798
      210799
      210800
      211273
      211275
      211277
      211278
      211279
      211282
      211283
      211284
      211285
      211286
      211287
      211288
      211289
      211763
      211765
      211766
      211767
      211768
      211770
      211773
      211774
      211775
      211776
      211777
      212252
      212253
      212254
      212255
      212256
      212257
      212259
      212260
      212261
      212262
      212742
      212743
      212744
      212749
      212750
      212754
      212755
      213232
      213233
      213242
      213707
      213731
      213732
      213733
      214195
      215168
      215169
      215170
      215198
      215199
      215656
      216143
      216172
      217637
      219589
      220077
