          95
       99409
       99410
       99411
       99412
       99413
       99414
       99415
       99416
       99417
       99418
       99419
       99420
       99898
       99899
       99900
       99901
       99902
       99903
       99904
       99905
       99906
       99907
       99908
       99909
       99910
      100386
      100387
      100388
      100389
      100390
      100391
      100392
      100393
      100394
      100395
      100396
      100397
      100398
      100399
      100400
      100875
      100876
      100877
      100878
      100879
      100880
      100881
      100882
      100883
      100884
      100885
      100886
      100887
      100888
      100889
      100890
      101366
      101367
      101368
      101369
      101370
      101371
      101372
      101373
      101374
      101375
      101376
      101377
      101378
      101379
      101380
      101381
      101857
      101858
      101859
      101860
      101861
      101862
      101863
      101864
      101865
      101866
      101867
      101868
      101869
      101870
      102349
      102350
      102351
      102352
      102353
      102354
      102355
      102356
      102357
