        1232
       62200
       62218
       62219
       62220
       62221
       62222
       62223
       62698
       62699
       62700
       62701
       62702
       62703
       62704
       62705
       62706
       62707
       62708
       62709
       62710
       62711
       62712
       62713
       62714
       62715
       63182
       63183
       63184
       63185
       63186
       63187
       63188
       63189
       63190
       63191
       63192
       63193
       63194
       63195
       63196
       63197
       63198
       63199
       63200
       63201
       63202
       63203
       63204
       63670
       63671
       63672
       63673
       63674
       63675
       63676
       63677
       63678
       63679
       63680
       63681
       63682
       63683
       63684
       63685
       63686
       63687
       63688
       63689
       63690
       63691
       63692
       63693
       64159
       64160
       64161
       64162
       64163
       64164
       64165
       64166
       64167
       64168
       64169
       64170
       64171
       64172
       64173
       64174
       64175
       64176
       64177
       64178
       64179
       64180
       64181
       64182
       64644
       64645
       64646
       64647
       64648
       64649
       64650
       64651
       64652
       64653
       64654
       64655
       64656
       64657
       64658
       64659
       64660
       64661
       64662
       64663
       64664
       64665
       64666
       64667
       64668
       64669
       64670
       64671
       65137
       65138
       65139
       65140
       65141
       65142
       65143
       65144
       65145
       65146
       65147
       65148
       65149
       65150
       65151
       65152
       65153
       65154
       65155
       65156
       65157
       65158
       65159
       65160
       65628
       65629
       65630
       65631
       65632
       65633
       65634
       65635
       65636
       65637
       65638
       65639
       65640
       65641
       65642
       65643
       65644
       65645
       65646
       65647
       65648
       65649
       66116
       66117
       66118
       66119
       66120
       66121
       66122
       66123
       66124
       66125
       66126
       66127
       66128
       66129
       66130
       66131
       66132
       66133
       66134
       66135
       66136
       66137
       66138
       66601
       66602
       66603
       66604
       66605
       66606
       66607
       66608
       66609
       66610
       66611
       66612
       66613
       66614
       66615
       66616
       66617
       66618
       66619
       66620
       66621
       66622
       66623
       66624
       66625
       66626
       66627
       67085
       67086
       67087
       67088
       67089
       67090
       67091
       67092
       67098
       67099
       67100
       67101
       67102
       67103
       67104
       67105
       67106
       67107
       67108
       67109
       67110
       67111
       67112
       67113
       67114
       67115
       67116
       67570
       67571
       67572
       67573
       67574
       67577
       67578
       67579
       67580
       67581
       67582
       67583
       67584
       67585
       67586
       67588
       67589
       67590
       67591
       67592
       67593
       67594
       67595
       67596
       67597
       67598
       67599
       67600
       67601
       67602
       67603
       67604
       67605
       68055
       68069
       68070
       68071
       68072
       68073
       68074
       68075
       68077
       68078
       68079
       68080
       68081
       68082
       68083
       68084
       68085
       68086
       68087
       68088
       68089
       68090
       68091
       68092
       68093
       68094
       68557
       68558
       68559
       68560
       68561
       68562
       68563
       68564
       68565
       68566
       68567
       68568
       68569
       68570
       68571
       68572
       68573
       68574
       68575
       68576
       68577
       68578
       68579
       68580
       68581
       68582
       68583
       69040
       69041
       69042
       69043
       69044
       69046
       69047
       69048
       69049
       69050
       69051
       69052
       69053
       69054
       69055
       69056
       69057
       69058
       69059
       69060
       69061
       69062
       69063
       69064
       69065
       69066
       69067
       69068
       69069
       69070
       69071
       69072
       69529
       69530
       69531
       69532
       69533
       69534
       69535
       69536
       69537
       69538
       69539
       69540
       69541
       69542
       69543
       69544
       69545
       69546
       69547
       69548
       69549
       69550
       69551
       69552
       69553
       69554
       69555
       69556
       69557
       69558
       69559
       69560
       69561
       70018
       70019
       70020
       70023
       70024
       70025
       70026
       70027
       70028
       70029
       70030
       70031
       70032
       70033
       70034
       70035
       70036
       70037
       70038
       70039
       70040
       70041
       70042
       70043
       70044
       70045
       70046
       70047
       70508
       70509
       70510
       70511
       70512
       70513
       70514
       70515
       70516
       70517
       70518
       70519
       70520
       70521
       70522
       70523
       70524
       70525
       70526
       70527
       70528
       70529
       70530
       70531
       70532
       70533
       70534
       70535
       70536
       71002
       71003
       71004
       71005
       71006
       71007
       71008
       71009
       71010
       71011
       71012
       71013
       71014
       71015
       71016
       71017
       71018
       71019
       71020
       71021
       71022
       71023
       71024
       71025
       71491
       71492
       71493
       71494
       71495
       71496
       71497
       71498
       71499
       71500
       71501
       71502
       71503
       71504
       71505
       71506
       71507
       71508
       71509
       71510
       71511
       71512
       71982
       71983
       71984
       71985
       71986
       71987
       71988
       71989
       71990
       71991
       71992
       71993
       71994
       71995
       71996
       71997
       71998
       71999
       72000
       72001
       72476
       72478
       72479
       72480
       72481
       72482
       72483
       72484
       72485
       72486
       72487
       72488
       75417
       75906
       57841
       57842
       58326
       58327
       58330
       58331
       58332
       58333
       58336
       58337
       58338
       58339
       58816
       58817
       58818
       58819
       58820
       58821
       58822
       58823
       58824
       58825
       58826
       58827
       59300
       59301
       59302
       59303
       59304
       59305
       59306
       59307
       59308
       59309
       59310
       59311
       59312
       59782
       59783
       59784
       59785
       59786
       59787
       59788
       59789
       59790
       59791
       59792
       59793
       59794
       60296
       60297
       60778
       60779
       60780
       60781
       60782
       60783
       60784
       60785
       60786
       61262
       61263
       61264
       61267
       61268
       61269
       61274
       61275
       61747
       61748
       61749
       61750
       61751
       61752
       61757
       61758
       61759
       61760
       61761
       61762
       61763
       61764
       62240
       62241
       62242
       62243
       62244
       62245
       62246
       62247
       62248
       62249
       62250
       62251
       62252
       62253
       62716
       62717
       62718
       62719
       62720
       62721
       62722
       62723
       62724
       62725
       62726
       62727
       62728
       62729
       62730
       62731
       62732
       62733
       62734
       62735
       62736
       62737
       62738
       62739
       62740
       62741
       62742
       62743
       63205
       63206
       63207
       63208
       63209
       63210
       63211
       63212
       63213
       63214
       63215
       63216
       63217
       63218
       63219
       63220
       63221
       63222
       63223
       63224
       63225
       63226
       63227
       63228
       63229
       63230
       63231
       63232
       63694
       63695
       63696
       63697
       63698
       63699
       63700
       63701
       63702
       63703
       63704
       63705
       63706
       63707
       63708
       63709
       63710
       63711
       63712
       63713
       63714
       63715
       63716
       63717
       63718
       63719
       63720
       63721
       64183
       64184
       64185
       64186
       64187
       64188
       64189
       64190
       64191
       64192
       64193
       64194
       64195
       64196
       64197
       64198
       64199
       64200
       64201
       64202
       64203
       64204
       64205
       64206
       64207
       64208
       64209
       64210
       64672
       64673
       64674
       64675
       64676
       64677
       64678
       64679
       64680
       64681
       64682
       64683
       64684
       64685
       64686
       64687
       64688
       64689
       64690
       64691
       64692
       64693
       64694
       64695
       64696
       64697
       64698
       64699
       65161
       65162
       65163
       65164
       65165
       65166
       65167
       65168
       65169
       65170
       65171
       65172
       65173
       65174
       65175
       65176
       65177
       65178
       65179
       65180
       65181
       65182
       65183
       65184
       65185
       65186
       65187
       65188
       65650
       65651
       65652
       65653
       65654
       65655
       65656
       65657
       65658
       65659
       65660
       65661
       65662
       65663
       65664
       65665
       65666
       65667
       65668
       65669
       65670
       65671
       65672
       65673
       65674
       65675
       65676
       65677
       66139
       66140
       66141
       66142
       66143
       66144
       66145
       66146
       66147
       66148
       66149
       66150
       66151
       66152
       66153
       66154
       66155
       66156
       66157
       66158
       66159
       66160
       66161
       66162
       66163
       66164
       66165
       66166
       66628
       66629
       66630
       66631
       66632
       66633
       66634
       66635
       66636
       66637
       66638
       66639
       66640
       66641
       66642
       66643
       66644
       66645
       66646
       66647
       66648
       66649
       66650
       66651
       66652
       66653
       66654
       66655
       67117
       67118
       67119
       67120
       67121
       67122
       67123
       67124
       67125
       67126
       67127
       67128
       67129
       67130
       67131
       67132
       67133
       67134
       67135
       67136
       67137
       67138
       67139
       67140
       67141
       67142
       67143
       67144
       67609
       67610
       67611
       67612
       67613
       67614
       67615
       67616
       67617
       67618
       67619
       67620
       67621
       67622
       67623
       67624
       67625
       67626
       67627
       67628
       67629
       67630
       67631
       67632
       67633
       68095
       68096
       68097
       68098
       68100
       68101
       68102
       68103
       68104
       68105
       68106
       68107
       68108
       68109
       68110
       68111
       68112
       68113
       68114
       68115
       68116
       68117
       68118
       68119
       68120
       68121
       68584
       68585
       68586
       68587
       68589
       68590
       68591
       68592
       68593
       68594
       68595
       68596
       68597
       68598
       68599
       68600
       68601
       68602
       68603
       68604
       68605
       68606
       68607
       68608
       68609
       68610
       69073
       69074
       69075
       69076
       69077
       69078
       69079
       69080
       69081
       69082
       69083
       69084
       69085
       69086
       69087
       69088
       69089
       69090
       69091
       69092
       69093
       69094
       69095
       69096
       69097
       69098
       69099
       69562
       69563
       69564
       69565
       69566
       69567
       69568
       69569
       69570
       69571
       69572
       69573
       69574
       69575
       69576
       69577
       69578
       69579
       69580
       69581
       69582
       69583
       69584
       69585
       69586
       69587
       69588
       70056
       70057
       70058
       70059
       70060
       70061
       70062
       70063
       70064
       70065
       70066
       70067
       70068
       70069
       70070
       70071
       70072
       70073
       70074
       70075
       70076
       70544
       70545
       70546
       70547
       70548
       70549
       70550
       70551
       70552
       70553
       70554
       70555
       70556
       70557
       70558
       70559
       70560
       70561
       70562
       70563
       70564
       70565
       71033
       71039
       71040
       71041
       71042
       71043
       71044
       71045
       71046
       71047
       71048
       71049
       71050
       71051
       71052
       71053
       71528
       71529
       71530
       71531
       71532
       71533
       71534
       71535
       71536
       71537
       71538
       71539
       71540
       71541
       71542
       72017
       72018
       72019
       72020
       72021
       72022
       72023
       72024
       72025
       72026
       72027
       72028
       72029
       72030
       72506
       72507
       72508
       72509
       72510
       72511
       72512
       72513
       72514
       72515
       72516
       72517
       72518
       72519
       72997
       72998
       72999
       73000
       73001
       73002
       73003
       73004
       73005
       73006
       73007
       73486
       73487
       73488
       73489
       73490
       73491
       73492
       73493
       73494
       73495
       73496
       73975
       73976
       73977
       73978
       73979
       73980
       73981
       73982
       73983
       73984
       74462
       74463
       74464
       74465
       74466
       74467
       74468
       74469
       74470
       74471
       74472
       74950
       74951
       74953
       74954
       74955
       74956
       74957
       74958
       74959
       74960
       75440
       75441
       75442
       75443
       75444
       75445
       75446
       75447
       75448
       75926
       75927
       75929
       75930
       75932
       75933
       75934
       75935
       75936
       76415
       76416
       76417
       76418
       76419
       76420
       76421
       76422
       76423
       76424
       76907
       76908
       76909
       76910
       76911
       76912
