         135
       56568
       57054
       57055
       57056
       57057
       57058
       57540
       57541
       57542
       57543
       57544
       57545
       57546
       57547
       58027
       58028
       58029
       58030
       58031
       58032
       58033
       58034
       58035
       58036
       58037
       58515
       58516
       58519
       58520
       58521
       58522
       58523
       58524
       58525
       58526
       59005
       59006
       59007
       59008
       59009
       59010
       59011
       59012
       59013
       59014
       59015
       59495
       59496
       59497
       59498
       59499
       59501
       59502
       59504
       59505
       59972
       59984
       59986
       59988
       59989
       59990
       59991
       59992
       59993
       59994
       60463
       60464
       60476
       60478
       60480
       60481
       60483
       60951
       60952
       60954
       60964
       60965
       60966
       60967
       60968
       60969
       60970
       60972
       61439
       61441
       61442
       61443
       61445
       61446
       61455
       61456
       61457
       61458
       61460
       61461
       61927
       61928
       61930
       61931
       61932
       61933
       61934
       61936
       61945
       61948
       61949
       62417
       62418
       62419
       62422
       62424
       62434
       62905
       62906
       62907
       62908
       62909
       62912
       62913
       62914
       62915
       62916
       63395
       63399
       63400
       63403
       63885
       63886
       63887
       63888
       64375
       64860
       64864
       64865
       65836
