         206
      214296
      214297
      214784
      214785
      214786
      214787
      215272
      215273
      215274
      215275
      215276
      215277
      215759
      215760
      215761
      215762
      215763
      215764
      215765
      215766
      215767
      216248
      216249
      216250
      216251
      216252
      216253
      216254
      216255
      216256
      216736
      216737
      216738
      216739
      216740
      216741
      216742
      216743
      216744
      216745
      217225
      217226
      217227
      217228
      217229
      217230
      217231
      217232
      217233
      217234
      217714
      217715
      217716
      217717
      217718
      217719
      217720
      217721
      217722
      217723
      217724
      218203
      218204
      218205
      218206
      218207
      218208
      218209
      218210
      218211
      218212
      218691
      218692
      218693
      218694
      218695
      218696
      218697
      218698
      218699
      218700
      218701
      219180
      219181
      219182
      219183
      219184
      219185
      219186
      219187
      219188
      219189
      219190
      219669
      219670
      219671
      219672
      219673
      219674
      219675
      219676
      219677
      219678
      219679
      220159
      220160
      220161
      220162
      220163
      220164
      220165
      220166
      220167
      220648
      220649
      220650
      220651
      220652
      220653
      220654
      220655
      220656
      220657
      221136
      221137
      221138
      221139
      221140
      221141
      221142
      221143
      221145
      221146
      221624
      221625
      221626
      221627
      221628
      221630
      221631
      221632
      221633
      222112
      222113
      222114
      222115
      222116
      222117
      222118
      222119
      222120
      222121
      222122
      222600
      222602
      222603
      222604
      222606
      222607
      222608
      222609
      222610
      223088
      223089
      223091
      223093
      223094
      223095
      223098
      223575
      223576
      223577
      223578
      223580
      223581
      223583
      224062
      224063
      224064
      224065
      224067
      224068
      224070
      224071
      224551
      224552
      224553
      224554
      224555
      224557
      224559
      225040
      225045
      225046
      225047
      225048
      225530
      225531
      225532
      225533
      225534
      225536
      226023
      226024
      226025
      226513
