         267
      112191
      112681
      113151
      113170
      113171
      113176
      113177
      113640
      113661
      113662
      113667
      114130
      114131
      114134
      114156
      114620
      114624
      114625
      114627
      114644
      114645
      114646
      115110
      115116
      115117
      115130
      115131
      115132
      115133
      115134
      115135
      115599
      115600
      115606
      115607
      115617
      115618
      115619
      115620
      115621
      115622
      115623
      115624
      115625
      116089
      116090
      116096
      116097
      116106
      116107
      116108
      116109
      116110
      116111
      116112
      116113
      116114
      116115
      116116
      116117
      116579
      116580
      116585
      116586
      116587
      116597
      116598
      116599
      116600
      116601
      116602
      116603
      116604
      116605
      116606
      116607
      116608
      117068
      117069
      117070
      117074
      117075
      117076
      117088
      117089
      117090
      117091
      117092
      117093
      117094
      117095
      117096
      117097
      117557
      117558
      117559
      117560
      117563
      117564
      117565
      117577
      117578
      117579
      117580
      117581
      117582
      117583
      117584
      117585
      117586
      118045
      118050
      118051
      118052
      118053
      118054
      118058
      118059
      118060
      118061
      118062
      118063
      118064
      118065
      118066
      118067
      118068
      118069
      118070
      118071
      118072
      118073
      118075
      118076
      118080
      118535
      118539
      118540
      118541
      118542
      118543
      118547
      118548
      118549
      118550
      118551
      118552
      118553
      118554
      118555
      118556
      118557
      118558
      118559
      118560
      118561
      118562
      118564
      118565
      118569
      119024
      119027
      119028
      119029
      119030
      119031
      119032
      119036
      119037
      119038
      119039
      119040
      119041
      119042
      119043
      119044
      119045
      119046
      119047
      119048
      119049
      119050
      119051
      119054
      119058
      119062
      119514
      119515
      119516
      119517
      119518
      119519
      119520
      119521
      119525
      119526
      119527
      119528
      119529
      119530
      119531
      119532
      119533
      119534
      119535
      119536
      119537
      119538
      119539
      119540
      119543
      119547
      120003
      120004
      120005
      120006
      120007
      120008
      120009
      120010
      120014
      120015
      120016
      120017
      120018
      120019
      120020
      120021
      120022
      120028
      120029
      120035
      120036
      120494
      120495
      120496
      120497
      120498
      120499
      120503
      120504
      120505
      120507
      120508
      120524
      120525
      120983
      120984
      120985
      120986
      120987
      120988
      121011
      121013
      121472
      121473
      121474
      121475
      121476
      121477
      121500
      121961
      121963
      121964
      121965
      121989
      121991
