         232
      124703
      125201
      125202
      125203
      125204
      125676
      125677
      125686
      125687
      125688
      125689
      125690
      125691
      125692
      125693
      126171
      126172
      126173
      126174
      126175
      126176
      126177
      126179
      126180
      126181
      126658
      126659
      126660
      126661
      126662
      126663
      126664
      126665
      126666
      126667
      126668
      126669
      127145
      127146
      127147
      127148
      127153
      127154
      127155
      127156
      127158
      127633
      127634
      127635
      127636
      127637
      127638
      127639
      127640
      127641
      127642
      127643
      127644
      127645
      127647
      127648
      128120
      128121
      128122
      128123
      128124
      128125
      128126
      128127
      128128
      128129
      128130
      128131
      128132
      128133
      128134
      128135
      128136
      128137
      128141
      128142
      128608
      128609
      128610
      128611
      128612
      128613
      128614
      128615
      128618
      128619
      128620
      128621
      128622
      128623
      128624
      128625
      128626
      128628
      128629
      128630
      129097
      129098
      129100
      129101
      129102
      129103
      129104
      129105
      129106
      129107
      129108
      129109
      129110
      129111
      129112
      129113
      129114
      129115
      129116
      129117
      129586
      129587
      129588
      129589
      129590
      129591
      129592
      129593
      129595
      129596
      129597
      129598
      129599
      129600
      129601
      129602
      129603
      129604
      130075
      130076
      130077
      130078
      130079
      130080
      130081
      130082
      130083
      130087
      130088
      130089
      130090
      130091
      130564
      130565
      130566
      130567
      130568
      130569
      130570
      130571
      130572
      130573
      130574
      130577
      130578
      131053
      131054
      131055
      131056
      131057
      131058
      131059
      131060
      131061
      131062
      131064
      131065
      131542
      131543
      131544
      131545
      131546
      131547
      131548
      131549
      131552
      131553
      132031
      132032
      132033
      132034
      132035
      132036
      132037
      132038
      132039
      132040
      132520
      132521
      132522
      132523
      132524
      132525
      132526
      132527
      132528
      133009
      133010
      133011
      133012
      133013
      133014
      133015
      133016
      133498
      133500
      133501
      133503
      133504
      133988
      133990
      133991
      134476
      134477
      134478
      134480
      134965
      134967
      134968
      135455
      135943
