         149
      190754
      192220
      193685
      194662
      195639
      198572
      199549
      199552
      200022
      200036
      200039
      200525
      200527
      200528
      200530
      201013
      201015
      201016
      201017
      201019
      201031
      201504
      201505
      201506
      201508
      201509
      201976
      201991
      201992
      201993
      201994
      201995
      202479
      202480
      202481
      202484
      202485
      202968
      202973
      202974
      203456
      203457
      203458
      203460
      203461
      203477
      203945
      203946
      203947
      203948
      203949
      203950
      203962
      203966
      204422
      204433
      204434
      204435
      204436
      204437
      204438
      204439
      204912
      204921
      204923
      204924
      204925
      204926
      204927
      204943
      205410
      205413
      205414
      205415
      205416
      205431
      205898
      205899
      205902
      205903
      205904
      206386
      206388
      206389
      206391
      206392
      206393
      206408
      206877
      206878
      206880
      206881
      207365
      207366
      207367
      207368
      207369
      207370
      207850
      207853
      207856
      207857
      207858
      207868
      207869
      207872
      207873
      208342
      208345
      208346
      208347
      208357
      208358
      208361
      208830
      208833
      208834
      208835
      208836
      208845
      208846
      208847
      208848
      208849
      209319
      209321
      209323
      209324
      209334
      209807
      209808
      209810
      209812
      209823
      210296
      210297
      210299
      210301
      210312
      210786
      210787
      210788
      210789
      210801
      211290
      211764
      211778
      212731
      213244
