          59
       15377
       17322
       17827
       20748
       21728
       21730
       21731
       21737
       21738
       22219
       22705
       22711
       23680
       23693
       24169
       24170
       24173
       24180
       24183
       24672
       25146
       25160
       25626
       25627
       25628
       25630
       25631
       25633
       25649
       25656
       26121
       26122
       26618
       27103
       27105
       27583
       27585
       27586
       27588
       32469
       32470
       32479
       32486
       32487
       32488
       32489
       32490
       32500
       32961
       32962
       32963
       32970
       32971
       33456
       33457
       33458
       33459
       33460
       33474
