          86
       60879
       62346
       68706
       69193
       69194
       69195
       69681
       69682
       70169
       70170
       70656
       71144
       71146
       71619
       71633
       72121
       72122
       72610
       73087
       73102
       74075
       74564
       75053
       75542
       76525
       76528
       78477
       79948
       79949
       63830
       64318
       64806
       66270
       66756
       66757
       66758
       66759
       67246
       67247
       67732
       67735
       68218
       68219
       68220
       68221
       68223
       68226
       68707
       68715
       69205
       70184
       71163
       72142
       72632
       73122
       74101
       74590
       74593
       75090
       76048
       76544
       77536
       78503
       78504
       79981
       80470
       80959
       81425
       81918
       81937
       82407
       82892
       82906
       83382
       83396
       83872
       84362
       84378
       84852
       85342
       85833
       86324
       86814
       88283
       88773
       92689
