        3238
       20972
       25861
       31728
       32219
       32708
       33197
       33686
       34175
       34664
       35153
       35642
       36617
       38575
       39064
       39553
       41020
       41509
       43458
       46391
       46879
       46880
       46390
       47854
       47856
       48345
       48834
       49322
       49324
       49811
       49812
       49813
       50297
       50300
       50786
       51273
       51274
       51275
       51764
       52253
       52742
       53227
       53231
       53716
       53720
       54209
       54698
       55187
       55676
       55678
       55698
       56167
       56183
       56190
       56652
       56669
       56670
       57141
       57144
       57146
       57152
       57630
       57633
       57635
       57636
       57638
       57639
       58119
       58124
       58126
       58155
       58608
       58613
       59098
       59101
       59102
       81065
       81553
       81554
       82041
       82042
       82043
       82529
       82530
       82531
       82532
       83018
       83507
       83995
       84483
       84484
       84971
       84972
       84973
       85459
       85460
       85461
       85462
       85944
       85945
       85946
       85947
       85948
       85949
       85950
       85951
       86436
       86437
       86438
       86439
       86926
       87410
       87415
       87899
       87904
       88392
       88393
       88881
       88882
       89371
       89860
       90349
       90839
       91328
       91817
       92306
       92795
       93284
       93773
       47367
       47368
       48343
       48831
       48833
       48836
       50298
       50299
       50301
       50302
       50303
       50787
       50788
       50789
       50790
       51276
       51277
       51278
       51765
       51766
       52254
       52255
       52256
       52743
       52744
       52745
       53232
       53233
       53234
       53721
       53722
       53723
       54210
       54211
       54212
       54699
       54700
       54701
       55188
       55189
       55190
       55677
       56166
       56168
       56655
       56656
       56657
       56666
       56667
       57145
       57147
       57151
       57634
       57637
       58123
       58612
        2363
        3828
        9722
       10178
       10698
       10704
       11155
       12132
       12164
       13626
       13630
       14116
       14117
       14118
       15105
       16040
       16528
       17061
       18971
       19018
       19505
       19507
       19996
       20485
       20925
       20974
       21461
       21463
       21952
       22391
       22441
       22879
       22930
       23418
       23419
       23907
       23908
       24396
       24833
       24885
       25374
       25810
       25863
       26325
       26350
       26352
       26353
       26813
       26841
       27330
       27786
       27790
       27819
       28274
       28306
       28307
       28308
       28767
       28795
       28796
       28797
       29251
       29284
       29285
       29286
       29736
       29739
       29772
       29773
       29774
       30228
       30232
       30262
       30263
       30264
       30716
       30751
       30752
       31204
       31209
       31240
       31241
       31693
       31729
       31730
       31731
       32180
       32181
       32182
       32217
       32218
       32669
       32670
       32707
       33158
       33163
       33647
       33651
       33684
       34135
       34624
       34661
       34663
       35601
       35605
       36096
       36130
       36578
       36584
       36619
       37066
       37070
       37072
       37108
       37109
       37594
       37597
       37598
       38043
       38048
       38049
       38084
       38086
       38087
       38537
       38571
       38574
       39020
       39024
       39025
       39026
       39060
       39061
       39063
       39513
       39514
       39520
       39552
       40001
       40002
       40003
       40004
       40037
       40038
       40041
       40488
       40490
       40491
       40492
       40493
       40527
       40530
       40978
       40979
       40980
       40981
       40982
       41014
       41015
       41016
       41019
       41466
       41467
       41468
       41469
       41470
       41502
       41505
       41508
       41953
       41955
       41957
       41958
       41991
       41994
       41998
       42443
       42444
       42480
       42481
       42931
       42932
       42933
       42934
       42970
       43420
       43421
       43422
       43423
       43906
       43908
       43909
       43911
       43912
       43913
       43946
       43953
       44397
       44398
       44400
       44401
       44402
       44435
       44442
       44883
       44884
       44885
       44886
       44889
       44890
       44891
       44925
       45371
       45373
       45374
       45375
       45378
       45379
       45412
       45421
       45861
       45862
       45863
       45864
       45865
       45866
       45867
       45900
       45902
       45907
       46350
       46351
       46352
       46353
       46354
       46355
       46389
       46399
       46836
       46838
       46839
       46840
       46841
       46842
       46843
       46844
       46877
       46884
       46885
       46887
       46888
       84964
       85452
       85453
       85454
       85455
       85941
       85942
       85943
       86430
       86431
       86432
       86919
       86920
       86921
       87408
       87409
       87897
       87898
       88386
       88387
       88875
       88876
       89346
       89362
       89363
       89364
       89835
       89850
       89851
       89852
       89853
       90339
       90340
       90341
       90828
       90829
       90832
       91317
       91318
       91780
       91805
       91806
       91807
       92294
       92295
       92783
       92784
       93272
       93273
       93760
       93761
       94752
       95241
       95730
       96219
       96708
       97197
       97686
       98175
       98184
       98666
       98667
       98668
       98674
       99155
       99156
       99157
       99163
       99164
       99644
       99645
       99646
       99652
       99653
       99654
      100133
      100134
      100141
      100142
      100622
      100623
      100630
      100631
      102096
      102578
      102579
      102580
      102581
      102582
      102583
      102584
      102585
      103068
      103069
      103070
      103071
      103073
      103074
      103563
      104047
      104051
       93283
       93767
       93772
       94256
       94261
       94262
       94751
       95240
       95729
       96218
       96707
       97196
       97685
       98174
       47327
       47817
       48306
       48794
       48796
       49284
       49285
       49774
       50264
       51732
       52711
       53196
       53201
       53685
       54180
       47330
       48309
       48798
       49287
       49776
       50265
       52222
       52712
       53202
       54670
       55159
       47331
       47332
       47820
       51244
       51733
       47333
       47821
       48310
       48799
       49288
       49777
       50266
       51736
       52223
       52224
       52225
       52226
       52714
       53203
       48830
       49807
       47370
       47859
       48840
       51771
       52260
       55201
       49766
       51720
       52697
       53674
       54651
       55628
       56605
       57582
       58071
       58560
       60515
       48304
       50261
       50750
       51239
       51726
       51731
       52215
       52220
       52703
       52709
       53192
       53681
       53688
       53689
       54171
       54177
       54661
       54668
       55144
       55150
       55157
       55633
       55634
       55641
       56123
       56130
       57097
       57098
       57109
       57110
       57586
       57587
       57600
       57601
       58090
       58091
       58579
       58580
       59068
       59069
       59559
       60048
       47328
       47329
       47818
       47819
       48307
       48308
       48795
       48797
       49286
       49775
       50754
       51243
       53691
       46395
       47373
       47862
       47374
       47376
       47377
       47863
       48348
       48352
       66912
       66913
       67400
       67401
       67889
       67890
       68376
       68377
       68378
       68379
       68864
       68865
       68866
       68867
       69352
       69353
       69354
       69355
       69840
       69841
       69842
       69843
       69844
       70320
       70321
       70322
       70323
       70328
       70329
       70330
       70331
       70332
       70333
       70809
       70810
       70812
       70817
       70818
       70819
       70820
       70821
       70822
       71297
       71300
       71305
       71306
       71307
       71308
       71309
       71310
       71785
       71786
       71788
       71789
       71793
       71794
       71795
       71796
       71797
       71798
       71799
       72272
       72273
       72274
       72276
       72277
       72281
       72282
       72283
       72284
       72285
       72286
       72287
       72760
       72761
       72765
       72769
       72770
       72771
       72772
       72773
       72774
       72775
       72776
       73249
       73257
       73258
       73259
       73260
       73261
       73262
       73263
       73264
       73265
       73737
       73741
       73742
       73746
       73747
       73748
       73749
       73750
       73751
       73752
       73753
       73754
       74225
       74226
       74230
       74234
       74235
       74236
       74237
       74238
       74240
       74241
       74242
       74243
       74714
       74718
       74722
       74723
       74724
       74725
       74726
       74730
       74731
       74732
       75206
       75207
       75210
       75211
       75212
       75213
       75214
       75215
       75216
       75217
       75218
       75219
       75220
       75221
       75695
       75696
       75699
       75700
       75701
       75702
       75703
       75704
       75705
       75707
       75708
       75709
       76179
       76183
       76184
       76185
       76188
       76189
       76190
       76191
       76192
       76193
       76194
       76196
       76197
       76198
       76672
       76673
       76674
       76675
       76676
       76677
       76678
       76679
       76680
       76681
       76682
       76685
       76686
       76687
       77156
       77160
       77161
       77162
       77163
       77164
       77165
       77166
       77167
       77168
       77169
       77170
       77171
       77174
       77175
       77645
       77648
       77649
       77650
       77651
       77652
       77653
       77654
       77655
       77656
       77657
       77658
       77659
       77663
       78133
       78136
       78137
       78138
       78139
       78140
       78141
       78144
       78145
       78146
       78147
       78148
       78149
       78621
       78625
       78626
       78627
       78628
       78629
       78633
       78634
       78635
       78636
       78637
       78638
       78639
       78640
       79108
       79114
       79115
       79116
       79117
       79118
       79119
       79120
       79121
       79122
       79123
       79124
       79125
       79597
       79603
       79604
       79605
       79606
       79607
       79608
       79609
       79610
       79611
       79612
       79613
       79614
       80092
       80093
       80094
       80095
       80096
       80097
       80098
       80099
       80100
       80101
       80102
       80103
       80574
       80580
       80581
       80582
       80583
       80584
       80585
       80586
       80587
       80588
       80589
       80590
       80591
       81062
       81068
       81069
       81070
       81071
       81072
       81073
       81074
       81075
       81076
       81077
       81078
       81079
       81080
       81556
       81557
       81558
       81559
       81560
       81561
       81562
       81563
       81564
       81565
       81566
       81567
       81568
       81569
       82045
       82046
       82047
       82051
       82052
       82053
       82054
       82056
       82057
       82534
       82535
       82536
       82540
       82541
       82542
       82543
       82545
       82546
       83026
       83027
       83028
       83029
       83034
       83035
       83504
       83515
       83516
       83517
       83518
       83992
       84004
       84005
       84006
       84480
       84493
       84494
       84495
       84968
       84982
       84983
       86448
       79109
       79598
       80086
       80090
       80091
       80578
       80579
       81063
       81067
       81551
       81555
       82040
       82044
       82048
       82049
       82050
       82533
       82537
       82538
       82539
       83016
       83017
       83020
       83021
       83022
       83023
       83024
       83025
       83505
       83506
       83508
       83509
       83510
       83511
       83512
       83513
       83514
       83993
       83994
       83996
       83997
       83998
       83999
       84000
       84001
       84002
       84003
       84481
       84482
       84485
       84486
       84487
       84488
       84489
       84490
       84491
       84492
       84969
       84970
       84974
       84975
       84976
       84977
       84978
       84979
       84980
       84981
       85456
       85457
       85458
       85463
       85464
       85465
       85466
       85467
       85468
       85469
       85470
       85952
       85953
       85954
       85955
       85956
       85957
       85958
       85959
       86440
       86441
       86442
       86443
       86444
       86445
       86446
       86447
       86927
       86928
       86929
       86930
       86931
       86932
       86933
       86934
       86935
       87416
       87417
       87418
       87419
       87420
       87421
       87422
       87423
       87905
       87906
       87907
       87908
       87909
       87910
       87911
       88394
       88395
       88396
       88397
       88398
       88399
       88883
       88884
       88885
       88886
       88887
       88888
       89372
       89373
       89374
       89375
       89376
       89861
       89862
       89863
       90350
       90351
       90352
       90840
       91329
       91818
       92307
       92796
       93285
       93774
       97182
      101093
       93274
       93275
       93276
       93277
       93278
       93279
       93762
       93763
       93764
       93765
       93766
       93768
       94251
       94252
       94253
       94254
       94255
       94257
       94738
       94739
       94740
       94741
       94742
       94743
       94744
       94745
       94746
       95227
       95228
       95229
       95230
       95231
       95232
       95233
       95234
       95235
       95716
       95717
       95718
       95719
       95720
       95721
       95722
       95723
       95724
       96205
       96206
       96207
       96208
       96209
       96210
       96211
       96212
       96213
       96694
       96695
       96696
       96697
       96698
       96699
       96700
       96701
       96702
       97183
       97184
       97185
       97186
       97187
       97188
       97189
       97190
       97191
       97672
       97673
       97674
       97675
       97676
       97677
       97678
       97679
       97680
       98160
       98161
       98162
       98163
       98164
       98165
       98166
       98167
       98168
       98169
       98650
       98651
       98652
       98653
       98654
       98655
       98656
       98657
       98658
       99138
       99139
       99140
       99141
       99142
       99143
       99144
       99145
       99146
       99147
       99627
       99628
       99629
       99630
       99631
       99632
       99633
       99634
       99635
       99636
      100116
      100117
      100118
      100119
      100120
      100121
      100122
      100123
      100124
      100125
      100605
      100606
      100607
      100608
      100609
      100610
      100611
      100612
      100613
      100614
      101094
      101095
      101096
      101097
      101098
      101099
      101100
      101101
      101102
      101103
      101583
      101584
      101585
      101586
      101587
      101588
      101589
      101590
      101591
      101592
      102072
      102073
      102074
      102075
      102076
      102077
      102078
      102079
      102080
      102081
      102562
      102563
      102564
      102565
      102566
      102567
      102568
      102569
      102570
      103049
      103050
      103051
      103052
      103053
      103054
      103055
      103056
      103057
      103058
      103059
      103538
      103539
      103540
      103541
      103542
      103543
      103544
      103545
      103546
      103547
      103548
      104027
      104028
      104029
      104030
      104031
      104032
      104033
      104034
      104035
      104036
      104037
      104516
      104517
      104518
      104519
      104520
      104521
      104522
      104523
      104524
      104525
      104526
      105004
      105005
      105006
      105007
      105008
      105009
      105010
      105011
      105012
      105013
      105014
      105015
      105493
      105494
      105496
      105497
      105498
      105499
      105500
      105501
      105502
      105503
      105504
      105983
      105985
      105986
      105987
      105988
      105989
      105990
      105991
      105992
      105993
      106471
      106472
      106474
      106475
      106476
      106477
      106478
      106479
      106480
      106481
      106482
      106959
      106960
      106961
      106962
      106963
      106964
      106965
      106966
      106967
      106968
      106969
      106970
      106971
      107448
      107449
      107450
      107451
      107452
      107453
      107454
      107455
      107456
      107457
      107458
      107459
      107460
      107937
      107938
      107939
      107941
      107942
      107943
      107944
      107945
      107946
      107947
      107948
      107949
      108427
      108430
      108431
      108432
      108433
      108434
      108435
      108436
      108437
      108438
      108919
      108920
      108921
      108922
      108923
      108924
      108925
      108926
      108927
      109413
      109414
      109415
      109416
       94249
       94250
       97671
      102071
       53301
       57666
       58157
       58188
       58674
       58679
       58680
       59161
       59163
       59168
       59658
       61053
       61054
       61539
       61540
       61541
       61542
       61543
       62028
       62029
       62030
       62089
       62517
       62518
       62519
       63006
       63007
       63016
       67944
       69836
       69837
       69838
       69896
       71849
       72337
       72825
       73313
       73801
       73839
       74777
       77707
       78683
       79171
       79182
       79184
       79659
       79672
       79676
       80164
       80165
       80645
       80655
       80657
       81123
       81133
       81134
       81135
       81136
       81624
       81645
       81646
       82099
       82100
       82116
       82117
       82118
       82128
       82134
       82135
       82588
       83112
       83113
       83117
       83121
       83563
       83602
       83604
       83616
       83617
       83618
       84052
       84094
       84095
       84536
       84539
       84540
       84580
       84582
       84583
       84584
       84585
       84586
       84587
       84588
       85024
       85026
       85069
       85073
       85075
       85076
       85077
       85078
       85082
       85083
       85084
       85085
       85086
       85512
       85515
       85516
       85558
       85559
       85560
       85561
       85562
       85565
       85566
       85567
       85568
       85569
       85570
       86003
       86004
       86047
       86048
       86049
       86050
       86054
       86057
       86059
       86060
       86063
       86064
       86433
       86434
       86435
       86491
       86539
       86540
       86542
       86544
       86545
       86547
       86548
       86553
       86922
       86923
       86924
       86925
       86979
       86980
       87025
       87030
       87031
       87032
       87033
       87035
       87037
       87038
       87039
       87040
       87042
       87411
       87412
       87413
       87414
       87462
       87514
       87520
       87521
       87522
       87527
       87528
       87529
       87530
       87531
       87900
       87901
       87902
       87903
       87950
       87951
       87955
       87956
       88003
       88011
       88012
       88013
       88015
       88016
       88017
       88018
       88019
       88020
       88388
       88389
       88390
       88391
       88440
       88441
       88444
       88492
       88502
       88503
       88504
       88505
       88508
       88509
       88877
       88878
       88879
       88880
       88928
       88929
       88930
       88932
       88981
       88993
       88994
       88995
       88997
       88998
       89366
       89367
       89368
       89369
       89370
       89416
       89417
       89418
       89470
       89481
       89484
       89486
       89487
       89855
       89856
       89857
       89858
       89859
       89905
       89908
       89911
       89959
       89968
       89973
       89976
       90344
       90345
       90346
       90347
       90348
       90393
       90394
       90396
       90448
       90456
       90460
       90833
       90834
       90835
       90836
       90837
       90838
       90880
       90882
       91322
       91323
       91324
       91325
       91326
       91327
       91369
       91372
       91373
       91811
       91812
       91813
       91814
       91815
       91816
       91858
       91859
       91860
       91861
       91862
       92300
       92301
       92302
       92303
       92304
       92305
       92345
       92346
       92348
       92349
       92350
       92351
       92789
       92790
       92791
       92792
       92793
       92794
       92834
       92837
       92838
       92839
       92840
       93280
       93281
       93282
       93323
       93325
       93327
       93328
       93329
       93769
       93770
       93771
       93810
       93812
       93813
       93814
       93816
       93817
       89365
       89854
       90342
       90343
       90830
       90831
       91319
       91320
       91321
       91808
       91809
       91810
       92296
       92297
       92298
       92299
       92785
       92786
       92787
       92788
       57093
       59530
       59535
       59537
       60019
       60020
       60023
       60025
       60026
       60514
       61001
       61003
       61489
       61491
       61492
       61981
       62468
       64912
       65405
       65894
       66382
       66866
       66871
       67361
       67362
       67850
       67851
       68337
       68339
       68340
       68825
       68828
       68829
       69318
       69807
       70289
       70293
       70296
       70782
       70785
       71272
       71274
       71762
       71763
       72252
       72741
       73226
       73718
       74202
       74207
       74696
       19995
       25864
       27817
       31242
       32706
       33195
       33196
       33685
       35152
       35641
       36131
       36620
       37595
       38573
       38576
       39062
       39065
       39551
       39554
       40526
       41997
       42483
       42486
       42972
       42975
       43461
       43462
       43464
       43947
       43950
       43954
       44436
       44439
       44443
       44928
       44929
       44931
       44932
       45414
       45417
       45418
       45420
       45903
       45906
       45909
       45910
       46392
       46396
       46398
       46881
       93299
       93300
       93788
       93796
       94263
       94276
       94277
       94285
       94762
       94763
       94764
       94772
       94779
       95251
       95252
       95261
       95740
       95741
       95749
       96226
       96238
       96716
       96726
       97204
       97205
       97206
       97693
       98179
       98180
       98672
       98673
       98679
       99162
       99168
       99656
      100633
       94258
       94259
       94260
       94747
       94750
       95236
       95239
       95728
       96217
       96706
       98665
       94748
       94749
       95237
       95238
       95725
       95726
       95727
       96214
       96215
       96216
       96703
       96704
       96705
       97192
       97193
       97194
       97195
       97681
       97682
       97683
       97684
       98170
       98171
       98172
       98173
       98659
       98660
       98661
       98662
       98663
       98664
       99148
       99149
       99150
       99151
       99152
       99153
       99154
       99637
       99638
       99639
       99640
       99641
       99642
       99643
      100126
      100127
      100128
      100129
      100130
      100131
      100132
      100615
      100616
      100617
      100618
      100619
      100620
      100621
      101104
      101105
      101106
      101107
      101108
      101109
      101110
      101593
      101594
      101595
      101596
      101597
      101598
      101599
      102082
      102083
      102084
      102085
      102086
      102571
      102087
      102088
      102572
      102573
      102574
      102575
      102576
      102577
      103060
      103061
      103062
      103063
      103064
      103065
      103066
      103549
      103550
      103551
      103552
      103553
      103554
      103555
      104038
      104039
      104040
      104041
      104042
      104043
      104044
      104045
      104527
      104528
      104529
      104530
      104531
      104532
      104533
      105016
      105017
      105018
      105019
      105020
      105021
      105505
      105506
      105507
      105508
      105509
      105996
      105022
      105027
      105510
      105511
      105994
      105995
      105997
      105998
      105999
      106483
      106484
      106485
      106486
      106487
      106488
      106489
      106972
      106973
      106974
      106975
      106976
      106977
      106978
      107461
      107462
      107463
      107464
      107465
      107466
      107467
      107468
      107950
      107951
      107952
      107953
      107954
      107955
      107956
      107957
      108439
      108440
      108441
      108442
      108443
      108444
      108445
      108928
      108929
      108930
      108931
      108932
      108933
      109417
      109418
      109419
      109420
      109421
      109904
      109905
      109906
      109907
      109908
      109909
      110393
      110394
      110396
      110397
      110400
      110407
      110410
      110882
      110883
      110885
      110886
      110889
      111371
      111372
      111383
      111384
      111860
      111872
      111873
      112349
      112838
      112840
      113327
       96251
      101135
      103575
      104552
       98702
       99191
       99680
      100173
      100648
      101136
      101141
      101145
      101146
      101630
      101634
      102123
      104570
      105532
       94794
       94796
       95283
       95285
       95772
       96261
       96750
       97239
       97728
       98217
       98706
       95774
       94302
       94304
       96257
       96260
       97731
       98220
       95276
       95762
       95764
       96739
       96740
       97716
       98204
       99670
       94299
       94300
       95765
       98205
       98694
       94795
       95284
       96263
       68830
       69319
       69808
       69809
       70297
       70298
       70299
       70786
       70787
       70788
       70789
       71275
       71764
       72253
       72745
       73234
       73722
       74211
       76166
       74700
       75189
       75678
       76163
       76167
       76652
       76655
       77144
       77155
       77633
       77643
       78119
       78121
       78122
       78128
       78129
       78130
       78131
       78608
       78609
       78610
       78611
       78617
       78618
       78619
       79098
       79099
       79105
       79106
       79107
       79587
       79588
       79594
       79595
       80075
       80076
       80077
       80083
       80565
       80566
       80571
       80572
       81054
       81055
       81060
       81061
       81543
       81544
       81545
       81548
       81549
       81550
       82032
       82033
       82034
       82036
       82037
       82520
       82521
       82522
       82523
       82525
       82526
       83009
       83010
       83013
       83498
       83499
       83501
       83502
       83987
       83988
       83989
       83990
       84476
       84477
       84478
       67363
       67852
       68341
       69320
       69810
       70300
       70315
       70316
       70317
       70318
       70801
       70802
       71279
       71768
       72251
       72257
       72268
       72740
       72746
       72757
       72758
       73229
       73235
       73244
       73245
       73246
       73723
       73724
       73725
       73733
       74212
       74213
       74214
       74222
       74701
       74702
       74703
       74711
       75185
       75190
       75199
       75674
       75679
       75688
       76168
       76656
       76666
       77145
       77149
       77150
       77151
       77152
       77634
       77637
       77638
       77639
       77640
       77641
       77642
       78123
       78124
       78125
       78126
       78127
       78612
       78613
       78614
       78615
       78616
       79100
       79101
       79102
       79103
       79104
       79589
       79590
       79591
       79592
       79593
       80078
       80079
       80080
       80081
       80082
       80564
       80567
       80568
       80569
       80570
       81053
       81056
       81057
       81058
       81059
       81542
       81546
       81547
       82031
       82035
       82524
       83011
       83012
       83500
       86954
       86955
       86956
       86957
       87443
       87444
       87445
       87446
       87932
       87933
       87934
       87935
       87936
       88419
       88420
       88422
       88423
       88424
       88425
       88907
       88908
       88909
       88911
       88912
       88913
       88914
       89394
       89395
       89396
       89397
       89398
       89399
       89400
       89401
       89882
       89883
       89884
       89885
       89886
       89887
       89888
       89889
       90371
       90372
       90373
       90374
       90375
       90376
       90377
       90378
       90858
       90859
       90860
       90861
       90862
       90863
       90864
       90865
       91347
       91348
       91349
       91350
       91351
       91352
       91353
       91354
       91836
       91837
       91838
       91839
       91840
       91841
       91842
       91843
       92324
       92325
       92326
       92327
       92328
       92329
       92330
       92331
       92332
       92811
       92812
       92813
       92814
       92815
       92816
       92817
       92818
       92819
       93301
       93302
       93303
       93304
       93305
       93306
       93307
       93789
       93790
       93791
       93792
       93793
       93794
       93795
      108428
      108916
      109405
      109408
      109409
      109410
      109411
      109412
      109891
      109897
      109898
      109899
      109900
      109901
      109902
      109903
      110384
      110386
      110387
      110388
      110389
      110390
      110391
      110392
      110872
      110873
      110874
      110875
      110876
      110877
      110878
      110879
      110880
      110881
      111361
      111362
      111363
      111364
      111365
      111366
      111367
      111368
      111369
      111370
      111850
      111851
      111852
      111853
      111854
      111855
      111856
      111857
      111858
      111859
      112339
      112340
      112341
      112342
      112343
      112344
      112345
      112346
      112347
      112348
      112827
      112828
      112829
      112830
      112831
      112832
      112833
      112834
      112835
      112836
      112837
      113315
      113316
      113317
      113318
      113319
      113320
      113321
      113322
      113323
      113324
      113325
      113326
      113805
      113806
      113807
      113808
      113809
      113810
      113811
      113812
      113813
      113814
      113815
      113816
      114292
      114293
      114294
      114295
      114296
      114297
      114298
      114299
      114300
      114301
      114302
      114303
      114781
      114782
      114783
      114784
      114785
      114786
      114787
      114788
      114789
      114790
      114791
      115269
      115270
      115271
      115272
      115273
      115274
      115275
      115276
      115277
      115278
      115279
      115280
      115757
      115758
      115759
      115760
      115761
      115762
      115763
      115764
      115765
      115766
      115767
      115768
      116245
      116246
      116247
      116248
      116249
      116250
      116251
      116252
      116253
      116254
      116255
      116256
      116257
      116734
      116735
      116736
      116737
      116738
      116739
      116740
      116741
      116742
      116743
      116744
      116745
      116746
      117223
      117224
      117225
      117226
      117227
      117228
      117229
      117230
      117232
      117233
      117234
      117713
      117714
      117715
      117716
      117717
      117718
      117719
      117722
      117723
      118202
      118203
      118204
      118205
      118206
      118207
      118208
      118209
      118212
      118691
      118692
      118693
      118694
      118695
      118696
      118697
      118698
      118701
      119176
      119180
      119181
      119182
      119183
      119184
      119185
      119186
      119187
      119190
      119665
      119667
      119668
      119669
      119670
      119671
      119672
      119673
      119674
      119675
      119676
      119679
      120155
      120157
      120158
      120159
      120160
      120161
      120162
      120163
      120164
      120165
      120642
      120646
      120647
      120648
      120649
      120650
      120651
      120652
      120653
      120654
      121131
      121133
      121134
      121135
      121136
      121137
      121138
      121139
      121140
      121141
      121142
      121143
      121620
      121624
      121625
      121626
      121627
      121628
      121629
      121630
      121631
      121632
      122110
      122112
      122114
      122115
      122116
      122117
      122118
      122119
      122120
      122599
      122601
      122603
      122604
      122605
      122606
      122607
      122608
      122609
      123085
      123086
      123088
      123089
      123091
      123092
      123093
      123094
      123095
      123096
      123097
      123098
      123577
      123579
      123581
      123582
      123583
      123584
      123585
      123586
      123587
      124062
      124068
      124069
      124070
      124071
      124072
      124073
      124074
      124075
      124076
      124556
      124557
      124559
      124560
      124561
      124562
      124564
      124565
      124567
      125042
      125043
      125045
      125046
      125048
      125049
      125050
      125051
      125053
      125054
      125056
      125532
      125536
      125537
      125538
      125539
      125540
      125543
      126025
      126027
      126028
      126029
      126030
      126031
      126032
      126033
      126517
      126518
      126519
      126520
      126521
      126522
      127006
      127007
      127008
      127009
      127010
      127011
      127494
      127497
      127498
      127499
      127500
      127983
      128472
      129457
       73230
       77141
       77627
       77630
       77631
       78115
       78120
       79096
       79585
       79586
       80074
       80563
       81051
       81052
       81540
       82029
       82518
       83007
       83496
       83985
       83986
       84474
       84475
       84963
       84965
       84966
       88873
       88874
       89361
       91316
       93271
       70778
       71270
       71759
       71761
       72248
       72737
       73716
       74205
       74206
       74691
       74694
       74695
       75184
       75673
       76162
       76651
       77140
       77629
       78116
       78118
       78604
       78607
       80562
       81541
       82030
       82519
       83008
       83497
       84473
       84962
       88385
       90827
       92782
       94278
       94279
       94280
       94281
       94282
       94283
       94284
       94765
       94766
       94767
       94768
       94769
       94770
       94771
       95253
       95254
       95255
       95256
       95257
       95258
       95259
       95260
       95742
       95743
       95744
       95745
       95746
       95747
       95748
       96231
       96232
       96233
       96234
       96235
       96236
       96237
       96719
       96720
       96721
       96722
       96723
       96724
       96725
       97207
       97208
       97209
       97210
       97211
       97212
       97213
       97214
       97696
       97697
       97698
       97699
       97700
       97701
       97702
       97703
       98185
       98186
       98187
       98188
       98189
       98190
       98191
       98192
       98675
       98676
       98677
       99165
      103556
      104534
      104538
      105026
      105514
      105515
      106000
      106003
      106004
      106012
      106491
      106979
      106980
      107469
      107476
      108446
      108934
      109422
      109423
      109910
      109911
      109912
      110406
      111378
      111385
      111871
      111874
      112354
      112852
       66383
       66872
       69317
       69806
       70295
       70784
       71273
       71276
       71277
       71278
       71765
       71766
       71767
       72254
       72255
       72256
       72742
       72743
       72744
       73231
       73232
       73233
       73719
       73720
       73721
       74208
       74209
       74210
       74697
       74698
       74699
       75186
       75187
       75188
       75675
       75676
       75677
       75690
       76164
       76165
       76653
       76654
       76667
       77142
       77143
       77632
       77644
       78132
       78620
       79097
       79596
       80084
       80085
       80573
       82038
       82039
       82527
       83014
       83991
       84479
       96693
      100115
      100604
      103537
      107447
       56604
       57084
       58070
       58558
       58559
       59047
       59048
       59536
       60024
       60508
       60510
       60511
       61000
       61002
       62955
       65401
       66377
       67849
       68338
       68826
       68827
       69800
       69804
       70781
       73715
       75182
       75671
       76160
       67360
       69311
       69314
       69315
       69316
       69803
       69805
       70292
       70294
       70783
       73713
       74204
       74693
       76649
       77138
       77626
       53185
       54162
       55139
       56116
