          49
      164783
      165271
      173090
      173091
      173092
      173095
      173579
      173580
      173581
      173584
      174068
      174069
      174070
      174073
      174557
      174558
      174559
      174562
      175046
      175047
      175048
      175051
      175535
      175536
      175537
      175540
      176024
      176025
      176026
      176029
      176039
      176513
      176514
      176515
      176518
      176525
      176526
      177004
      177005
      177006
      177011
      177491
      177494
      177495
      177497
      177498
      177980
      177981
      178470
