          81
      208269
      208758
      209247
      209736
      210225
      210226
      210711
      210714
      210715
      211200
      211203
      211204
      211689
      211692
      211693
      212180
      212182
      212183
      212669
      212672
      213141
      213142
      213145
      213157
      213158
      213159
      213160
      213161
      213639
      213640
      213646
      213647
      213648
      213649
      213650
      214126
      214127
      214128
      214129
      214130
      214135
      214136
      214137
      214138
      214139
      214140
      214615
      214616
      214620
      214625
      214627
      214628
      214629
      215109
      215112
      215114
      215116
      215599
      215601
      215605
      216090
      216091
      216092
      216093
      216097
      216579
      216580
      216581
      216582
      216586
      217067
      217069
      217070
      217071
      217075
      217559
      219031
      219516
      219520
      220005
      220006
