         187
      153824
      154798
      154799
      155293
      156266
      156756
      157263
      157738
      157743
      157744
      158225
      158235
      158721
      158725
      159208
      159212
      159697
      159712
      159713
      159719
      160187
      160194
      160208
      160683
      160687
      160691
      160693
      160697
      161168
      161178
      161180
      161656
      161659
      161662
      162147
      162150
      162159
      162631
      162635
      162638
      162645
      162648
      162649
      163119
      163122
      163123
      163136
      163143
      163614
      163624
      164099
      164102
      164113
      164581
      164586
      164589
      164603
      165072
      165077
      165556
      165565
      165579
      165582
      166049
      166053
      166067
      166070
      166555
      166558
      166560
      167022
      167024
      167028
      167043
      167044
      167048
      167053
      167506
      167518
      167533
      167534
      168000
      168025
      168479
      168488
      168495
      168506
      168507
      168508
      168981
      168994
      168998
      169477
      169481
      169482
      169483
      169495
      169950
      169956
      169967
      169978
      169979
      169982
      169985
      169986
      170443
      170450
      170454
      170458
      170460
      170467
      170470
      170931
      170941
      170946
      170953
      170954
      170955
      170956
      170964
      171426
      171427
      171433
      171436
      171439
      171440
      171441
      171442
      171443
      171444
      171445
      171446
      171447
      171451
      171908
      171913
      171921
      171924
      171926
      171928
      171929
      171930
      171931
      171932
      171933
      171938
      172399
      172409
      172410
      172411
      172415
      172416
      172417
      172418
      172419
      172420
      172885
      172902
      172903
      172904
      172905
      172906
      172907
      172911
      173898
      174384
      174385
      174386
      174861
      174864
      174865
      174875
      174878
      175351
      175358
      175359
      175360
      175364
      175843
      175844
      175849
      176820
      176829
      177313
      177315
      177316
      177798
