         131
       10392
       11859
       12346
       13811
       14301
         161
         646
        1620
        2113
        2600
        3088
        3089
        3574
        3575
        3576
        3577
        3578
        3579
        3580
        4053
        4056
        4064
        4065
        4079
        4545
        4546
        4547
        4551
        4552
        4553
        4558
        4559
        4560
        5028
        5034
        5035
        5036
        5037
        5038
        5039
        5040
        5041
        5042
        5043
        5044
        5045
        5046
        5511
        5514
        5515
        5524
        5530
        5531
        5532
        6003
        6004
        6005
        6006
        6007
        6008
        6009
        6010
        6011
        6012
        6019
        6497
        6498
        6499
        6500
        6501
        6503
        6504
        6505
        6506
        6985
        6986
        6991
        6992
        7472
        7473
        7474
        7478
        7479
        7480
        7957
        7961
        7962
        7965
        7966
        7967
        8445
        8446
        8452
        8453
        8931
        8932
        8933
        8934
        8940
        8941
        8942
        9418
        9420
        9424
        9425
        9426
        9428
        9429
        9906
        9907
        9913
        9914
        9915
        9916
       10393
       10394
       10395
       10396
       10397
       10400
       10401
       10402
       10882
       10883
       10888
       10889
       11371
       11376
       11862
       12349
       12350
