         108
      119150
      120615
      121596
      122080
      122083
      122085
      123545
      123547
      124034
      124522
      124524
      125012
      125497
      125498
      125526
      125984
      126503
      126961
      127468
      127937
      127956
      127957
      128444
      128914
      128934
      129399
      129402
      129891
      129909
      130884
      131856
      132353
      132818
      132832
      132833
      132841
      133304
      133306
      133320
      133322
      133323
      133792
      133812
      134769
      134785
      134788
      135276
      135766
      136254
      136739
      136741
      136744
      137252
      137719
      138694
      139181
      139207
      140155
      140169
      140183
      140642
      142605
      143563
      143578
      144043
      145032
      145519
      146005
      146499
      146512
      147958
      148947
      149439
      149937
      150903
      150904
      150905
      151397
      151408
      152856
      153369
      153864
      154343
      154347
      155804
      156302
      156791
      158259
      158758
      141142
      141159
      142121
      142123
      142138
      142139
      142624
      142627
      143116
      143603
      144089
      144091
      144578
      146037
      146040
      147016
      147513
      148976
      152396
