          71
       33138
       34115
       35093
       35582
       36075
       36076
       36088
       36565
       36576
       37054
       37055
       37062
       37544
       37551
       37553
       38033
       38039
       38521
       38522
       38527
       38530
       39009
       39010
       39016
       39018
       39497
       39498
       39499
       39505
       39507
       39987
       39993
       39995
       40475
       40482
       40483
       40964
       40971
       40972
       41453
       41459
       41941
       41942
       41945
       41946
       41947
       41948
       42432
       42433
       42434
       42435
       42436
       42921
       42922
       42923
       42924
       43410
       43411
       43412
       43898
       43899
       43900
       43901
       44387
       44388
       44389
       44876
       44877
       44878
       45365
       45366
