          53
      191118
      191608
      192095
      192573
      193062
      193075
      193564
      193567
      194043
      195026
      195505
      195512
      195515
      195994
      195997
      196004
      196005
      196008
      196483
      196487
      196488
      196490
      196495
      196499
      196972
      196976
      196977
      196979
      196980
      196984
      196988
      197461
      197465
      197466
      197468
      197469
      197474
      197476
      197950
      197955
      197957
      198439
      198451
      198928
      198940
      199417
      199429
      199906
      199918
      200407
      200896
      201385
      201874
