         322
        5416
        5417
        5905
        5906
        5907
        5908
        5909
        6393
        6394
        6395
        6396
        6397
        6398
        6399
        6400
        6881
        6882
        6883
        6884
        6885
        6886
        6887
        6888
        6889
        6890
        6891
        7369
        7370
        7371
        7372
        7373
        7374
        7375
        7376
        7377
        7378
        7379
        7380
        7381
        7382
        7858
        7859
        7860
        7861
        7862
        7863
        7864
        7865
        7866
        7867
        7868
        7869
        7870
        7871
        7872
        8346
        8347
        8348
        8349
        8350
        8351
        8352
        8353
        8354
        8355
        8356
        8357
        8358
        8359
        8360
        8361
        8362
        8834
        8835
        8836
        8837
        8838
        8839
        8840
        8841
        8842
        8843
        8844
        8845
        8846
        8847
        8848
        8849
        8850
        8851
        8852
        9322
        9323
        9324
        9325
        9326
        9327
        9328
        9329
        9330
        9331
        9332
        9333
        9334
        9335
        9336
        9337
        9338
        9339
        9340
        9341
        9810
        9811
        9812
        9813
        9814
        9815
        9816
        9817
        9818
        9819
        9820
        9821
        9822
        9823
        9824
        9825
        9826
        9827
        9828
        9829
       10298
       10299
       10300
       10301
       10302
       10303
       10304
       10305
       10306
       10307
       10308
       10309
       10310
       10311
       10312
       10313
       10314
       10315
       10316
       10317
       10785
       10786
       10787
       10788
       10789
       10790
       10791
       10792
       10793
       10794
       10795
       10796
       10797
       10798
       10799
       10800
       10801
       10802
       10803
       10804
       10805
       10806
       11273
       11274
       11275
       11276
       11277
       11278
       11279
       11280
       11281
       11282
       11283
       11284
       11285
       11286
       11287
       11288
       11289
       11290
       11291
       11292
       11293
       11294
       11761
       11762
       11763
       11764
       11765
       11766
       11767
       11768
       11769
       11770
       11771
       11772
       11773
       11774
       11775
       11776
       11777
       11778
       11779
       11780
       11781
       11782
       12249
       12250
       12252
       12253
       12254
       12255
       12256
       12258
       12259
       12260
       12261
       12262
       12263
       12264
       12265
       12266
       12267
       12268
       12269
       12270
       12271
       12740
       12741
       12742
       12743
       12745
       12746
       12747
       12748
       12749
       12750
       12751
       12752
       12753
       12754
       12755
       12756
       12757
       12758
       12759
       13229
       13230
       13231
       13232
       13235
       13236
       13237
       13238
       13239
       13240
       13241
       13242
       13243
       13244
       13245
       13246
       13247
       13719
       13720
       13721
       13722
       13724
       13725
       13726
       13727
       13728
       13729
       13730
       13731
       13732
       13733
       13734
       13735
       14208
       14209
       14210
       14211
       14212
       14213
       14214
       14215
       14216
       14217
       14218
       14219
       14220
       14221
       14222
       14697
       14698
       14700
       14703
       14704
       14705
       14706
       14707
       14708
       15186
       15187
       15189
       15192
       15193
       15675
       15676
       15678
