          41
      203541
      208916
      213307
      214289
      214790
      215282
      215744
      215772
      216212
      217698
      217708
      218189
      218684
      220129
      220660
      221134
      221148
      222097
      222125
      222126
      223101
      223588
      226507
      227003
      227490
      230410
      203568
      204058
      204547
      205524
      206011
      207960
      207970
      209910
      208458
      210896
      212849
      216262
      217734
      218710
      219198
