          61
         402
        1370
        1379
        1858
        2346
        2360
        2834
        2849
        3323
        3811
        3825
        4300
        4315
        4788
        4797
        4799
        4803
        5277
        5288
        5765
        5766
        5777
        5778
        5779
        5780
        6253
        6254
        6266
        6742
        6757
        7240
        7243
        7729
        7732
        7733
        8218
        8696
        8697
        8708
        8709
        9185
        9186
        9195
        9197
        9198
        9199
        9674
        9686
        9687
       10162
       10173
       10175
       10651
       10662
       11140
       11640
       12128
       12615
       13106
       13589
       14571
