         205
      151126
      151127
      151615
      152103
      152104
      152592
      152593
      153081
      153087
      153088
      153089
      153576
      153577
      153578
      154062
      154063
      154064
      154065
      154066
      154067
      154068
      154069
      154551
      154552
      154553
      154554
      154555
      154556
      154557
      154558
      155038
      155039
      155040
      155041
      155042
      155043
      155044
      155045
      155046
      155047
      155048
      155526
      155527
      155528
      155529
      155530
      155531
      155532
      155533
      155534
      155535
      155536
      155537
      156015
      156016
      156017
      156018
      156019
      156020
      156021
      156022
      156023
      156024
      156025
      156026
      156503
      156505
      156506
      156507
      156508
      156509
      156510
      156511
      156512
      156513
      156514
      156515
      156516
      156992
      156993
      156994
      156995
      156996
      156997
      156998
      156999
      157000
      157001
      157002
      157003
      157004
      157005
      157480
      157481
      157482
      157483
      157484
      157485
      157486
      157487
      157488
      157489
      157490
      157491
      157492
      157493
      157969
      157970
      157971
      157972
      157973
      157974
      157975
      157976
      157977
      157978
      157979
      157980
      157981
      158458
      158459
      158460
      158461
      158462
      158463
      158464
      158465
      158466
      158467
      158468
      158469
      158947
      158948
      158949
      158950
      158951
      158952
      158953
      158954
      158955
      158956
      158957
      159435
      159436
      159437
      159438
      159439
      159440
      159441
      159442
      159443
      159444
      159445
      159924
      159925
      159926
      159927
      159928
      159929
      159930
      159931
      159932
      159933
      159934
      160413
      160414
      160415
      160416
      160417
      160418
      160419
      160420
      160421
      160422
      160902
      160903
      160904
      160905
      160906
      160907
      160908
      160909
      160910
      161391
      161392
      161393
      161394
      161395
      161396
      161397
      161398
      161399
      161881
      161882
      161883
      161884
      161885
      161886
      161887
      162370
      162371
      162372
      162373
      162374
      162375
