          52
        9965
        9966
        9967
        9968
       10459
       10460
       10461
       10462
       10463
       10464
       10472
       10473
       10474
       10952
       10953
       10954
       10955
       10956
       10957
       10958
       10962
       10963
       10964
       10965
       10966
       10967
       11448
       11449
       11450
       11451
       11452
       11453
       11454
       11458
       11935
       11936
       12425
       12918
       13403
       13404
       13895
       13896
       14385
       14386
       14876
       14877
       15859
       15860
       16349
       16839
       16841
       17331
