          61
       22309
       25248
       25253
       25258
       25260
       25731
       25741
       25743
       25756
       26224
       26232
       26719
       26723
       27198
       27201
       27205
       27206
       27228
       27699
       27707
       27709
       28189
       28198
       28661
       28673
       28689
       29169
       29179
       29644
       29645
       29646
       29649
       29650
       29651
       29652
       30142
       30146
       30627
       30628
       30629
       30630
       30632
       30635
       30636
       31127
       31128
       31130
       31611
       31613
       31616
       32567
       32598
       32601
       33068
       33071
       33072
       33077
       33566
       35027
       36004
       37471
