         333
       14131
       14620
       14621
       14622
       14623
       14624
       14625
       14626
       14627
       14628
       14629
       14630
       14631
       14632
       14633
       14634
       14635
       14636
       14637
       14638
       14639
       14640
       14641
       14642
       15109
       15110
       15111
       15112
       15113
       15114
       15115
       15116
       15117
       15118
       15119
       15120
       15121
       15122
       15123
       15124
       15125
       15126
       15127
       15128
       15129
       15130
       15131
       15598
       15599
       15600
       15601
       15602
       15603
       15604
       15605
       15606
       15607
       15608
       15609
       15610
       15611
       15612
       15613
       15614
       15615
       15616
       15617
       15618
       15619
       15620
       16087
       16088
       16089
       16090
       16091
       16092
       16093
       16094
       16095
       16096
       16097
       16098
       16099
       16100
       16101
       16102
       16103
       16104
       16105
       16106
       16107
       16108
       16109
       16110
       16575
       16576
       16577
       16578
       16579
       16580
       16581
       16582
       16583
       16584
       16585
       16586
       16587
       16588
       16589
       16590
       16591
       16592
       16593
       16594
       16595
       16596
       16597
       16598
       16599
       17064
       17065
       17066
       17067
       17068
       17069
       17070
       17071
       17072
       17073
       17074
       17075
       17076
       17077
       17078
       17079
       17080
       17081
       17082
       17083
       17084
       17085
       17086
       17087
       17088
       17553
       17554
       17555
       17556
       17557
       17558
       17559
       17560
       17561
       17562
       17563
       17564
       17565
       17566
       17567
       17568
       17569
       17570
       17571
       17572
       17573
       17574
       17575
       17576
       17577
       18042
       18043
       18044
       18045
       18046
       18047
       18048
       18049
       18050
       18051
       18052
       18053
       18054
       18055
       18056
       18057
       18058
       18059
       18060
       18061
       18062
       18063
       18064
       18065
       18066
       18531
       18532
       18533
       18534
       18535
       18536
       18537
       18538
       18539
       18540
       18541
       18542
       18543
       18544
       18545
       18546
       18547
       18548
       18549
       18550
       18551
       18552
       18553
       18554
       18555
       18556
       19020
       19021
       19022
       19023
       19024
       19025
       19026
       19027
       19028
       19029
       19030
       19031
       19032
       19033
       19034
       19035
       19036
       19037
       19038
       19039
       19040
       19041
       19042
       19043
       19044
       19045
       19509
       19510
       19511
       19512
       19513
       19514
       19515
       19516
       19517
       19518
       19519
       19520
       19521
       19522
       19523
       19524
       19525
       19526
       19527
       19528
       19529
       19530
       19531
       19532
       19533
       19998
       19999
       20000
       20001
       20002
       20003
       20004
       20005
       20006
       20007
       20008
       20009
       20010
       20011
       20012
       20013
       20014
       20015
       20016
       20017
       20018
       20019
       20020
       20021
       20022
       20487
       20488
       20489
       20490
       20491
       20492
       20493
       20494
       20495
       20496
       20497
       20498
       20499
       20500
       20501
       20502
       20503
       20504
       20505
       20506
       20507
       20508
       20976
       20977
       20978
       20979
       20980
       20981
       20982
       20983
       20984
       20985
       20986
       20987
       20988
       20989
       20990
