         129
      102393
      103372
      103373
      103862
      104351
      104840
      105320
      105329
      105809
      105810
      105818
      106300
      106301
      106302
      106306
      106307
      106308
      106789
      106790
      106791
      106792
      106795
      106796
      106797
      107278
      107279
      107280
      107281
      107282
      107283
      107284
      107285
      107286
      107287
      107766
      107767
      107768
      107769
      107770
      107771
      107772
      107773
      107774
      107775
      107776
      108256
      108257
      108260
      108261
      108262
      108263
      108264
      108265
      108266
      108745
      108746
      108751
      108752
      108753
      108754
      108755
      109234
      109235
      109240
      109241
      109242
      109243
      109244
      109245
      109722
      109723
      109730
      109731
      109732
      109733
      109734
      110210
      110212
      110217
      110218
      110219
      110220
      110221
      110222
      110223
      110224
      110225
      110701
      110706
      110707
      110708
      110709
      110710
      110711
      110712
      110713
      110714
      111196
      111197
      111198
      111199
      111200
      111201
      111202
      111203
      111204
      111685
      111686
      111687
      111688
      111689
      111690
      111691
      111692
      111693
      111694
      112168
      112174
      112175
      112176
      112177
      112178
      112179
      112182
      115105
      115107
      115595
      116574
      117553
