         183
      156159
      156647
      156648
      157130
      157146
      157625
      157633
      157638
      158607
      159092
      159583
      159584
      159585
      160556
      160560
      161026
      161028
      161034
      161041
      161051
      161052
      161517
      161519
      161526
      161527
      161528
      161529
      161535
      161536
      161537
      161539
      162004
      162026
      162027
      162031
      162499
      162505
      162506
      162507
      162508
      162512
      162513
      162520
      162521
      162984
      162996
      163004
      163007
      163008
      163474
      163479
      163484
      163489
      163495
      163496
      163498
      163981
      163986
      163988
      164465
      164468
      164469
      164472
      164481
      164957
      164961
      164963
      164964
      165451
      165452
      165453
      165454
      165926
      165943
      165946
      165949
      165951
      166414
      166438
      166440
      166904
      166910
      167400
      167401
      167402
      167403
      167404
      167887
      167888
      167892
      167893
      167897
      168378
      168379
      168382
      168383
      168384
      168389
      168863
      168866
      168867
      168873
      168874
      168875
      168876
      168877
      168878
      168882
      169345
      169351
      169352
      169353
      169354
      169359
      169360
      169361
      169362
      169363
      169364
      169365
      169366
      169367
      169371
      169831
      169838
      169841
      169842
      169843
      169847
      169848
      169849
      169850
      169851
      169852
      169853
      169854
      169855
      169856
      169860
      170321
      170322
      170326
      170329
      170330
      170331
      170336
      170337
      170338
      170339
      170340
      170341
      170342
      170343
      170344
      170345
      170810
      170818
      170819
      170830
      170831
      170834
      171301
      171320
      171806
      171807
      171808
      171809
      171814
      172294
      172295
      172296
      172777
      172778
      172787
      173270
      173271
      173272
      173273
      173274
      173761
      174249
      174739
      175228
