          38
      113193
      114177
      114180
      115153
      115643
      115644
      115645
      115646
      115647
      116137
      117117
      114696
      114697
      115181
      115182
      115183
      115184
      115669
      115670
      116156
      116157
      116644
      117118
      117129
      117130
      117131
      117132
      117617
      117618
      117619
      118098
      118099
      118100
      118101
      118102
      118103
      118104
      118105
