          95
      145424
      145913
      146401
      146402
      146890
      146891
      146908
      147379
      147380
      147396
      147868
      147869
      148356
      148357
      148358
      148373
      148845
      148846
      148847
      148861
      149333
      149334
      149336
      149348
      149349
      149822
      149823
      149825
      149837
      149838
      150311
      150312
      150313
      150314
      150327
      150328
      150800
      150801
      150802
      150803
      150817
      151289
      151290
      151291
      151292
      151306
      151778
      151779
      151780
      151781
      151790
      151792
      151793
      152267
      152268
      152269
      152270
      152278
      152279
      152280
      152756
      152757
      152758
      152759
      152763
      152767
      152768
      153244
      153245
      153248
      153252
      153255
      153256
      153730
      153733
      153734
      153735
      153736
      153739
      153743
      153744
      153745
      153746
      154222
      155197
      155700
      155701
      156670
      156677
      157650
      158154
      158623
      158625
      158642
      160592
