          94
      179645
      183089
      184541
      184544
      184545
      185029
      185511
      185512
      185996
      185999
      186477
      186478
      186479
      186480
      186486
      186959
      186960
      186961
      186962
      186963
      186964
      186965
      186966
      186972
      186973
      187445
      187461
      187462
      187927
      187947
      187951
      188926
      189901
      189903
      190391
      190392
      192346
      186969
      187446
      187448
      187449
      187922
      187928
      187929
      187930
      187931
      187949
      188437
      188924
      189905
      191855
      166908
      166909
      167881
      167885
      167886
      168861
      169349
      169837
      170323
      178670
      179157
      179158
      180131
      180134
      181599
      182117
      183553
      183574
      184042
      184059
      184530
      184542
      184543
      185026
      185027
      185028
      185507
      185513
      185514
      186967
      186968
      187451
      187458
      187463
      187921
      187933
      187934
      188414
      190389
      190880
      191366
      197712
      201149
