         271
       72278
       73267
       73270
       73273
       73745
       73755
       73756
       73757
       73759
       73760
       73761
       74233
       74239
       74244
       74245
       74246
       74248
       74719
       74727
       74728
       74729
       74733
       74734
       74735
       74736
       74737
       75208
       75209
       75222
       75223
       75224
       75225
       75697
       75698
       75706
       75710
       75711
       75712
       75713
       75714
       76186
       76187
       76195
       76199
       76200
       76201
       76202
       76683
       76684
       76688
       76689
       76690
       77172
       77173
       77176
       77177
       77178
       77179
       77660
       77661
       77662
       77664
       77665
       77666
       77667
       77668
       78150
       78151
       78152
       78153
       78154
       78155
       78156
       78157
       78641
       78642
       78643
       78644
       78645
       78646
       78647
       78648
       78649
       78650
       79126
       79127
       79128
       79129
       79130
       79131
       79132
       79133
       79134
       79135
       79136
       79137
       79615
       79616
       79617
       79618
       79619
       79620
       79621
       79622
       79623
       79624
       79625
       79626
       80104
       80105
       80106
       80107
       80108
       80109
       80110
       80111
       80112
       80113
       80114
       80115
       80117
       80118
       80119
       80592
       80593
       80594
       80595
       80596
       80597
       80598
       80599
       80600
       80601
       80602
       80603
       80604
       80605
       80606
       80607
       81081
       81082
       81083
       81084
       81085
       81086
       81087
       81088
       81089
       81090
       81091
       81092
       81093
       81094
       81095
       81570
       81571
       81572
       81573
       81574
       81575
       81576
       81577
       81578
       81579
       81580
       81581
       81583
       82055
       82058
       82059
       82060
       82061
       82062
       82063
       82064
       82065
       82066
       82067
       82068
       82544
       82547
       82548
       82549
       82550
       82551
       82552
       82553
       82554
       82555
       82556
       83031
       83032
       83033
       83036
       83037
       83038
       83039
       83040
       83041
       83042
       83043
       83519
       83520
       83521
       83522
       83523
       83524
       83525
       83526
       83527
       83528
       83529
       83530
       83531
       83532
       84008
       84009
       84010
       84011
       84012
       84013
       84014
       84015
       84016
       84017
       84018
       84019
       84020
       84497
       84498
       84499
       84501
       84502
       84503
       84504
       84505
       84506
       84507
       84508
       84986
       84987
       84990
       84991
       84992
       84993
       84994
       84995
       84996
       85475
       85476
       85479
       85480
       85481
       85482
       85483
       85484
       85965
       85968
       85969
       85970
       85971
       85972
       85973
       86457
       86458
       86459
       86460
       86946
       86947
       87435
       87916
