         434
      209382
      209383
      209869
      209870
      210356
      210358
      210844
      210845
      210846
      210848
      210849
      210850
      211332
      211333
      211334
      211335
      211338
      211342
      211821
      211822
      211823
      211824
      211825
      211826
      211827
      211828
      211832
      212309
      212310
      212311
      212312
      212313
      212314
      212315
      212316
      212318
      212319
      212320
      212797
      212798
      212799
      212800
      212801
      212802
      212803
      212804
      212805
      212806
      212807
      212808
      213285
      213286
      213287
      213288
      213289
      213290
      213291
      213292
      213293
      213294
      213295
      213296
      213297
      213773
      213774
      213775
      213776
      213777
      213778
      213779
      213780
      213781
      213782
      213783
      213784
      213785
      213786
      213787
      213789
      214261
      214262
      214263
      214264
      214265
      214266
      214267
      214268
      214269
      214270
      214271
      214272
      214273
      214274
      214275
      214276
      214749
      214750
      214751
      214752
      214753
      214754
      214755
      214756
      214757
      214758
      214759
      214760
      214761
      214762
      214763
      214764
      214765
      215237
      215238
      215239
      215240
      215241
      215242
      215243
      215244
      215245
      215246
      215247
      215248
      215249
      215250
      215251
      215252
      215253
      215254
      215725
      215726
      215727
      215728
      215729
      215730
      215731
      215732
      215733
      215734
      215735
      215736
      215737
      215738
      215739
      215740
      215741
      215742
      216213
      216214
      216215
      216216
      216217
      216218
      216219
      216220
      216221
      216222
      216223
      216224
      216225
      216226
      216227
      216228
      216229
      216230
      216231
      216701
      216702
      216703
      216704
      216705
      216706
      216707
      216708
      216709
      216710
      216711
      216712
      216713
      216714
      216715
      216716
      216717
      216718
      216719
      217190
      217192
      217193
      217194
      217195
      217196
      217197
      217198
      217199
      217200
      217201
      217202
      217203
      217204
      217205
      217206
      217207
      217678
      217679
      217680
      217681
      217682
      217683
      217684
      217686
      217687
      217688
      217689
      217690
      217691
      217692
      217693
      217694
      217695
      217696
      217711
      218166
      218167
      218168
      218169
      218170
      218171
      218172
      218173
      218174
      218175
      218176
      218177
      218178
      218179
      218180
      218181
      218182
      218183
      218184
      218185
      218186
      218200
      218655
      218656
      218657
      218658
      218659
      218660
      218661
      218662
      218663
      218664
      218665
      218666
      218667
      218668
      218669
      218670
      218671
      218672
      218673
      218674
      218675
      218676
      218677
      218678
      218686
      218687
      218688
      218689
      219142
      219145
      219146
      219147
      219148
      219150
      219151
      219152
      219153
      219154
      219155
      219156
      219157
      219158
      219159
      219160
      219161
      219162
      219163
      219164
      219166
      219167
      219168
      219169
      219174
      219175
      219176
      219177
      219178
      219633
      219635
      219645
      219646
      219647
      219648
      219649
      219650
      219651
      219652
      219653
      219654
      219655
      219656
      219657
      219658
      219659
      219663
      219664
      219665
      219666
      219667
      220108
      220112
      220121
      220124
      220135
      220136
      220137
      220138
      220139
      220140
      220141
      220142
      220143
      220144
      220145
      220147
      220148
      220149
      220150
      220151
      220152
      220153
      220154
      220156
      220607
      220610
      220613
      220624
      220625
      220627
      220630
      220631
      220632
      220633
      220634
      220635
      220636
      220637
      220638
      220639
      220640
      220641
      220642
      220643
      220644
      221092
      221096
      221097
      221100
      221104
      221120
      221121
      221122
      221123
      221124
      221125
      221126
      221127
      221128
      221129
      221130
      221131
      221132
      221583
      221589
      221609
      221610
      221611
      221612
      221613
      221614
      221615
      221616
      221617
      221618
      221619
      221620
      222067
      222076
      222081
      222099
      222100
      222101
      222102
      222103
      222104
      222105
      222106
      222107
      222108
      222562
      222572
      222592
      222593
      222594
      222595
      222596
      223053
      223055
      223058
      223060
      223547
      223548
      224527
      225017
      225995
      226484
      226969
      226976
      227953
      229908
