         176
      129743
      129744
      129745
      129746
      129747
      129748
      129749
      129750
      129751
      129752
      129753
      129754
      129755
      129756
      129757
      129758
      129759
      129760
      129761
      130231
      130232
      130233
      130234
      130235
      130236
      130237
      130238
      130239
      130240
      130241
      130242
      130243
      130244
      130245
      130246
      130247
      130248
      130249
      130250
      130720
      130721
      130722
      130723
      130724
      130725
      130726
      130727
      130728
      130729
      130730
      130731
      130732
      130733
      130734
      130735
      130736
      130737
      130738
      130739
      131208
      131209
      131210
      131211
      131212
      131213
      131214
      131215
      131216
      131217
      131218
      131219
      131220
      131221
      131222
      131223
      131224
      131225
      131226
      131227
      131697
      131698
      131699
      131700
      131701
      131702
      131703
      131704
      131705
      131706
      131707
      131708
      131709
      131710
      131711
      131712
      131713
      131714
      131715
      131716
      132186
      132187
      132188
      132189
      132190
      132191
      132192
      132193
      132194
      132195
      132196
      132197
      132198
      132199
      132200
      132201
      132202
      132203
      132204
      132678
      132679
      132680
      132681
      132682
      132683
      132684
      132685
      132686
      132687
      132688
      132689
      132690
      132691
      132692
      132693
      133169
      133170
      133171
      133172
      133173
      133174
      133175
      133176
      133177
      133178
      133179
      133180
      133181
      133182
      133660
      133661
      133662
      133663
      133664
      133665
      133666
      133667
      133668
      133669
      133670
      134152
      134153
      134154
      134155
      134156
      134157
      134158
      134159
      134643
      134644
      134645
      134646
      134647
      134648
      135135
      135136
      135137
