         236
      198499
      198983
      199472
      199473
      199478
      199479
      199962
      199968
      200447
      200448
      200449
      200450
      200451
      200452
      200456
      200936
      200937
      200938
      200939
      200940
      200941
      200945
      200946
      201424
      201425
      201426
      201427
      201428
      201429
      201430
      201434
      201435
      201909
      201910
      201913
      201914
      201915
      201916
      201917
      201918
      201919
      201923
      201924
      201935
      202399
      202400
      202401
      202402
      202403
      202404
      202405
      202407
      202408
      202412
      202413
      202886
      202889
      202890
      202891
      202892
      202893
      202894
      202896
      202897
      202901
      202902
      203374
      203375
      203378
      203379
      203380
      203381
      203382
      203385
      203386
      203390
      203391
      203863
      203864
      203867
      203868
      203869
      203870
      203871
      203874
      203875
      203879
      203880
      203892
      204353
      204356
      204357
      204358
      204359
      204360
      204361
      204362
      204363
      204364
      204365
      204366
      204370
      204841
      204842
      204846
      204847
      204848
      204849
      204850
      204851
      204852
      204853
      204854
      204855
      204858
      204859
      205330
      205331
      205335
      205336
      205337
      205338
      205339
      205340
      205341
      205342
      205343
      205344
      205347
      205348
      205819
      205824
      205825
      205826
      205827
      205828
      205829
      205830
      205831
      205832
      205833
      205836
      205837
      206308
      206313
      206314
      206315
      206316
      206317
      206318
      206319
      206320
      206321
      206322
      206325
      206326
      206797
      206803
      206804
      206805
      206806
      206807
      206808
      206809
      206811
      206814
      206815
      207286
      207292
      207293
      207294
      207295
      207296
      207297
      207298
      207300
      207303
      207304
      207775
      207781
      207782
      207783
      207784
      207785
      207786
      207787
      207789
      207792
      207793
      208264
      208265
      208271
      208272
      208275
      208276
      208277
      208278
      208279
      208753
      208754
      208760
      208761
      208764
      208765
      208766
      208767
      208768
      209242
      209249
      209250
      209253
      209254
      209255
      209256
      209257
      209731
      209739
      209742
      209743
      209744
      209745
      209746
      210220
      210228
      210229
      210232
      210233
      210235
      210709
      210717
      210721
      210722
      211198
      211207
      211210
      211696
