         638
      129302
      131750
      131751
      131752
      131758
      132239
      132240
      132241
      132242
      132243
      132247
      132728
      132729
      132730
      132731
      132732
      132733
      132734
      133217
      133218
      133219
      133220
      133221
      133222
      133223
      133224
      133707
      133708
      133709
      133710
      133711
      134195
      134196
      134197
      134198
      134199
      134200
      134681
      134682
      134683
      134684
      134685
      134686
      134687
      134688
      134689
      135169
      135170
      135171
      135172
      135173
      135174
      135175
      135176
      135177
      135657
      135658
      135659
      135660
      135661
      135662
      135663
      135664
      135665
      136145
      136146
      136147
      136148
      136149
      136150
      136151
      136152
      136153
      136154
      136630
      136631
      136633
      136634
      136635
      136636
      136637
      136638
      136639
      136640
      136641
      136642
      136643
      137118
      137119
      137120
      137121
      137122
      137123
      137124
      137125
      137126
      137127
      137128
      137129
      137130
      137131
      137132
      137606
      137607
      137608
      137609
      137610
      137611
      137612
      137613
      137614
      137615
      137616
      137617
      137618
      138095
      138096
      138097
      138098
      138099
      138100
      138101
      138102
      138103
      138104
      138105
      138106
      138107
      138584
      138585
      138586
      138587
      138588
      138589
      138590
      138591
      138592
      138593
      138594
      138596
      139073
      139074
      139075
      139076
      139077
      139078
      139079
      139080
      139081
      139082
      139562
      139563
      139564
      139565
      139566
      139567
      139568
      139569
      139570
      139571
      140050
      140051
      140052
      140053
      140054
      140055
      140056
      140057
      140058
      140059
      140060
      139561
      139572
      139573
      139574
      139575
      139576
      139577
      139578
      140061
      140062
      140063
      140064
      140065
      140066
      140067
      140538
      140539
      140540
      140541
      140542
      140543
      140544
      140545
      140546
      140547
      140548
      140549
      140550
      140551
      140552
      140553
      140554
      140555
      140556
      141027
      141028
      141029
      141030
      141031
      141032
      141033
      141034
      141035
      141036
      141037
      141038
      141039
      141040
      141041
      141042
      141043
      141044
      141045
      141513
      141516
      141517
      141518
      141519
      141520
      141521
      141522
      141523
      141524
      141525
      141526
      141527
      141528
      141529
      141531
      141532
      142002
      142006
      142007
      142008
      142009
      142010
      142011
      142012
      142013
      142014
      142015
      142016
      142017
      142018
      142020
      142021
      142496
      142497
      142498
      142499
      142500
      142501
      142502
      142503
      142504
      142505
      142506
      142507
      142509
      142510
      142986
      142987
      142988
      142989
      142990
      142991
      142992
      142993
      142994
      142995
      142996
      142998
      143475
      143476
      143477
      143478
      143479
      143480
      143484
      143485
      143487
      143962
      143963
      143964
      143965
      143966
      143974
      143975
      143976
      144451
      144452
      144453
      144454
      144455
      144464
      144465
      144939
      144940
      144941
      144942
      144943
      144944
      144953
      145428
      145429
      145430
      145438
      145439
      145440
      145441
      145917
      145918
      145919
      145928
      145929
      145930
      146406
      146407
      146408
      146409
      146417
      146418
      146897
      146898
      146906
      147387
      147394
      147876
      147882
      148365
      148370
      148858
      149345
      141530
      142019
      142508
      142997
      143481
      143482
      143483
      143486
      143967
      143968
      143969
      143970
      143971
      143972
      143973
      144456
      144457
      144458
      144459
      144460
      144461
      144462
      144463
      144945
      144946
      144947
      144948
      144949
      144950
      144951
      144952
      145431
      145432
      145433
      145434
      145435
      145436
      145437
      145920
      145921
      145922
      145923
      145924
      145925
      145926
      145927
      146410
      146411
      146412
      146413
      146414
      146415
      146416
      146899
      146900
      146901
      146902
      146903
      146904
      146905
      147388
      147389
      147390
      147391
      147392
      147393
      147877
      147878
      147879
      147880
      147881
      148366
      148367
      148368
      148369
      148855
      148856
      148857
      149337
      149826
      126361
      126850
      127338
      127339
      127340
      127827
      127828
      127829
      127830
      127831
      128317
      128318
      128809
      128810
      128811
      128812
      128813
      129297
      129298
      129303
      129782
      129783
      129784
      129785
      129786
      129787
      129788
      129789
      129790
      130271
      130272
      130273
      130274
      130275
      130276
      130277
      130278
      130279
      130280
      130281
      130282
      130760
      130761
      130762
      130763
      130764
      130765
      130766
      130767
      130768
      130769
      130770
      130771
      130772
      130776
      131249
      131250
      131251
      131252
      131253
      131254
      131255
      131256
      131257
      131258
      131259
      131260
      131261
      131262
      131263
      131264
      131738
      131739
      131740
      131741
      131742
      131743
      131744
      131745
      131746
      131747
      131748
      131749
      132227
      132228
      132229
      132230
      132231
      132232
      132233
      132234
      132235
      132236
      132237
      132238
      132716
      132717
      132718
      132719
      132720
      132721
      132722
      132723
      132724
      132725
      132726
      132727
      133205
      133206
      133207
      133208
      133209
      133210
      133211
      133212
      133213
      133214
      133215
      133216
      133695
      133696
      133697
      133698
      133699
      133700
      133701
      133702
      133703
      133704
      133705
      133706
      133712
      133713
      133715
      134185
      134186
      134187
      134188
      134189
      134190
      134191
      134192
      134193
      134194
      134201
      134202
      134203
      134204
      134676
      134677
      134678
      134679
      134680
      134690
      134691
      134692
      135165
      135166
      135167
      135168
      135178
      135179
      135180
      135652
      135653
      135654
      135655
      135656
      135666
      135667
      135668
      135669
      136140
      136141
      136142
      136143
      136144
      136155
      136156
      136157
      136628
      136629
      136632
      136644
      136645
      137117
      137133
      137134
      137604
      137605
      137619
      137620
      137621
      137622
      138093
      138094
      138108
      138109
      138110
      138111
      138583
      138595
      138597
      138598
      138599
      138600
      139072
      139083
      139084
      139085
      139086
      139087
      139088
      139089
