         360
        2913
        2914
        3402
        3403
        3404
        3890
        3891
        3894
        3895
        3896
        4379
        4380
        4381
        4382
        4383
        4385
        4386
        4867
        4868
        4869
        4870
        4871
        4872
        4873
        4874
        4875
        5355
        5356
        5357
        5358
        5359
        5360
        5361
        5362
        5363
        5364
        5843
        5844
        5845
        5846
        5847
        5848
        5849
        5850
        5851
        6331
        6332
        6333
        6334
        6335
        6336
        6337
        6338
        6339
        6340
        6341
        6820
        6821
        6822
        6823
        6824
        6825
        6826
        6827
        6828
        6829
        7308
        7309
        7310
        7311
        7312
        7313
        7314
        7315
        7316
        7317
        7318
        7796
        7797
        7798
        7799
        7800
        7801
        7802
        7803
        7804
        7805
        7806
        8284
        8285
        8286
        8287
        8288
        8289
        8290
        8291
        8292
        8293
        8294
        8295
        8771
        8772
        8773
        8774
        8775
        8776
        8777
        8778
        8779
        8780
        8781
        8782
        8783
        9259
        9260
        9261
        9262
        9263
        9264
        9265
        9266
        9267
        9268
        9269
        9270
        9271
        9746
        9747
        9748
        9749
        9750
        9751
        9752
        9753
        9754
        9755
        9756
        9757
        9758
        9759
        9760
       10219
       10232
       10233
       10234
       10235
       10236
       10237
       10238
       10239
       10240
       10241
       10242
       10243
       10244
       10245
       10246
       10247
       10248
       10708
       10717
       10718
       10719
       10720
       10721
       10722
       10723
       10724
       10725
       10726
       10727
       10728
       10729
       10730
       10731
       10732
       10733
       10734
       10735
       10736
       11197
       11198
       11199
       11200
       11201
       11202
       11203
       11204
       11205
       11206
       11207
       11208
       11209
       11210
       11211
       11212
       11213
       11214
       11215
       11216
       11217
       11218
       11219
       11220
       11221
       11222
       11223
       11224
       11686
       11687
       11688
       11689
       11690
       11691
       11692
       11693
       11694
       11695
       11696
       11697
       11698
       11699
       11700
       11701
       11702
       11703
       11704
       11705
       11706
       11707
       11708
       11709
       11710
       11711
       11712
       11713
       12175
       12176
       12177
       12178
       12179
       12180
       12181
       12182
       12183
       12184
       12185
       12186
       12187
       12188
       12189
       12190
       12191
       12192
       12193
       12194
       12195
       12196
       12197
       12198
       12199
       12200
       12201
       12664
       12665
       12666
       12667
       12668
       12669
       12670
       12671
       12672
       12673
       12674
       12675
       12676
       12677
       12678
       12679
       12680
       12681
       12682
       12683
       12684
       12685
       12686
       12687
       12688
       12689
       13153
       13154
       13155
       13156
       13157
       13158
       13159
       13160
       13161
       13162
       13163
       13164
       13165
       13166
       13167
       13168
       13169
       13170
       13171
       13172
       13173
       13174
       13175
       13176
       13177
       13642
       13643
       13644
       13645
       13646
       13647
       13648
       13649
       13650
       13651
       13652
       13653
       13654
       13655
       13656
       13657
       13658
       13659
       13660
       13661
       13662
       13663
       13664
       13665
       14132
       14133
       14134
       14135
       14136
       14137
       14138
       14139
       14140
       14141
       14142
       14143
       14144
       14145
       14146
       14147
       14148
       14149
       14150
       14151
       14152
       14153
