         945
       30816
       32285
       32773
       33262
       33270
       33752
       33758
       33761
       34239
       34240
       34241
       34242
       34246
       34247
       34248
       34249
       34250
       34731
       34732
       34733
       34734
       34736
       34737
       34738
       34739
       34740
       35218
       35220
       35221
       35222
       35223
       35224
       35225
       35226
       35227
       35228
       35229
       35706
       35707
       35709
       35710
       35711
       35713
       35714
       35715
       35716
       35717
       35718
       35719
       36192
       36193
       36194
       36195
       36196
       36197
       36198
       36200
       36201
       36203
       36204
       36205
       36206
       36207
       36208
       36209
       36676
       36677
       36678
       36679
       36680
       36681
       36682
       36683
       36684
       36685
       36686
       36688
       36691
       36692
       36693
       36694
       36695
       36696
       36697
       36698
       37165
       37166
       37167
       37168
       37169
       37170
       37171
       37172
       37176
       37177
       37178
       37179
       37180
       37181
       37182
       37183
       37184
       37185
       37186
       37187
       37188
       37654
       37655
       37656
       37657
       37658
       37659
       37660
       37661
       37662
       37667
       37668
       37670
       37671
       37672
       37673
       37674
       37675
       37676
       37677
       38143
       38144
       38145
       38146
       38147
       38148
       38149
       38150
       38151
       38152
       38153
       38158
       38159
       38160
       38161
       38162
       38163
       38164
       38165
       38166
       38632
       38633
       38634
       38635
       38636
       38637
       38638
       38639
       38640
       38641
       38642
       38643
       38644
       38648
       38649
       38650
       38651
       38652
       38653
       38654
       38655
       39121
       39122
       39123
       39124
       39125
       39126
       39127
       39128
       39129
       39130
       39131
       39132
       39133
       39134
       39135
       39136
       39137
       39138
       39139
       39140
       39141
       39142
       39143
       39144
       39145
       39610
       39611
       39612
       39613
       39614
       39615
       39616
       39617
       39618
       39619
       39620
       39621
       39622
       39623
       39624
       39625
       39627
       39628
       39629
       39630
       39631
       39632
       39633
       39634
       40099
       40100
       40101
       40102
       40103
       40104
       40105
       40106
       40107
       40108
       40109
       40110
       40111
       40112
       40113
       40114
       40115
       40116
       40117
       40118
       40119
       40120
       40121
       40122
       40123
       40588
       40589
       40590
       40591
       40592
       40593
       40594
       40595
       40596
       40597
       40598
       40599
       40600
       40601
       40602
       40603
       40604
       40605
       40606
       40607
       40608
       40609
       40610
       40611
       40612
       41077
       41078
       41079
       41080
       41081
       41082
       41083
       41084
       41085
       41086
       41087
       41088
       41089
       41090
       41091
       41092
       41093
       41094
       41095
       41096
       41097
       41098
       41099
       41100
       41101
       41566
       41567
       41568
       41569
       41570
       41571
       41572
       41573
       41574
       41575
       41576
       41577
       41578
       41579
       41580
       41581
       41582
       41583
       41584
       41585
       41586
       41587
       41588
       41589
       41590
       42055
       42056
       42057
       42058
       42059
       42060
       42061
       42062
       42063
       42064
       42065
       42066
       42067
       42068
       42069
       42070
       42071
       42072
       42073
       42074
       42075
       42076
       42077
       42078
       42544
       42545
       42546
       42547
       42548
       42549
       42550
       42551
       42552
       42553
       42554
       42555
       42556
       42557
       42558
       42559
       42560
       42561
       42562
       42563
       42564
       42565
       42566
       43033
       43034
       43035
       43036
       43037
       43038
       43039
       43040
       43041
       43042
       43043
       43044
       43045
       43046
       43047
       43048
       43049
       43050
       43051
       43052
       43053
       43522
       43523
       43524
       43525
       43526
       43527
       43528
       43529
       43530
       43531
       43532
       43533
       43534
       43535
       43536
       43537
       43538
       43539
       43540
       43541
       43542
       43543
       43544
       43545
       43546
       43547
       43548
       43549
       43551
       44011
       44012
       44013
       44014
       44015
       44016
       44017
       44018
       44019
       44020
       44021
       44022
       44023
       44024
       44025
       44026
       44027
       44028
       44029
       44030
       44031
       44032
       44033
       44034
       44037
       44038
       44039
       44040
       44500
       44501
       44502
       44503
       44504
       44505
       44506
       44507
       44508
       44509
       44510
       44511
       44512
       44513
       44514
       44515
       44516
       44518
       44519
       44989
       44990
       44991
       44992
       44993
       44994
       44995
       44996
       44997
       44998
       44999
       45000
       45001
       45002
       45003
       45004
       45005
       45006
       45007
       45478
       45479
       45480
       45481
       45482
       45483
       45484
       45485
       45486
       45487
       45488
       45489
       45490
       45491
       45492
       45493
       45494
       45495
       45496
       45967
       45968
       45969
       45970
       45971
       45972
       45973
       45974
       45975
       45976
       45977
       45978
       45979
       45980
       45981
       45982
       45983
       45984
       46456
       46457
       46458
       46459
       46460
       46461
       46462
       46463
       46464
       46465
       46466
       46467
       46468
       46469
       46470
       46471
       46473
       46945
       46946
       46947
       46948
       46949
       46950
       46951
       46952
       46953
       46954
       46955
       46956
       46957
       46958
       46959
       46960
       46961
       46962
       47434
       47435
       47436
       47437
       47438
       47439
       47440
       47441
       47442
       47443
       47444
       47445
       47446
       47447
       47448
       47449
       47450
       47451
       47452
       47923
       47924
       47925
       47926
       47927
       47928
       47929
       47930
       47931
       47932
       47933
       47934
       47935
       47936
       47937
       47938
       47939
       47940
       48412
       48413
       48414
       48415
       48416
       48417
       48418
       48419
       48420
       48421
       48422
       48423
       48424
       48425
       48426
       48427
       48428
       48429
       48901
       48902
       48903
       48904
       48905
       48906
       48907
       48908
       48909
       48910
       48911
       48912
       48913
       48914
       48915
       48916
       48917
       48918
       48919
       49390
       49391
       49392
       49393
       49394
       49395
       49396
       49397
       49398
       49399
       49400
       49401
       49402
       49403
       49404
       49405
       49406
       49407
       49408
       49409
       49879
       49880
       49881
       49882
       49883
       49884
       49885
       49886
       49887
       49888
       49889
       49890
       49891
       49892
       49893
       49894
       49895
       49896
       49897
       49898
       50368
       50369
       50370
       50371
       50372
       50373
       50374
       50375
       50376
       50377
       50378
       50379
       50380
       50381
       50382
       50383
       50384
       50385
       50386
       50387
       50857
       50858
       50859
       50860
       50861
       50862
       50863
       50864
       50865
       50866
       50867
       50868
       50869
       50870
       50871
       50872
       50873
       50874
       50875
       50876
       50877
       51346
       51347
       51348
       51349
       51350
       51351
       51352
       51353
       51354
       51355
       51356
       51357
       51358
       51359
       51360
       51361
       51362
       51363
       51364
       51365
       51366
       51835
       51836
       51837
       51838
       51839
       51840
       51841
       51842
       51843
       51844
       51845
       51846
       51847
       51848
       51849
       51850
       51851
       51852
       51853
       51854
       51855
       51856
       52324
       52325
       52326
       52327
       52328
       52329
       52330
       52331
       52332
       52333
       52334
       52335
       52336
       52337
       52338
       52339
       52340
       52341
       52342
       52343
       52344
       52345
       52813
       52814
       52815
       52816
       52817
       52818
       52819
       52820
       52821
       52822
       52823
       52824
       52825
       52826
       52827
       52828
       52829
       52830
       52831
       52832
       52833
       52834
       53302
       53303
       53304
       53305
       53306
       53307
       53308
       53309
       53310
       53311
       53312
       53313
       53314
       53315
       53316
       53317
       53318
       53319
       53320
       53321
       53323
       53324
       53791
       53792
       53793
       53794
       53795
       53796
       53797
       53798
       53799
       53800
       53801
       53802
       53803
       53804
       53805
       53806
       53807
       53808
       53809
       53810
       53811
       53812
       53813
       54280
       54281
       54282
       54283
       54284
       54285
       54286
       54287
       54288
       54289
       54290
       54291
       54292
       54293
       54294
       54295
       54296
       54297
       54298
       54299
       54300
       54301
       54302
       54769
       54770
       54771
       54772
       54773
       54774
       54775
       54776
       54777
       54778
       54779
       54780
       54781
       54782
       54783
       54784
       54785
       54787
       54788
       54789
       54790
       54793
       55258
       55259
       55260
       55261
       55262
       55263
       55264
       55265
       55266
       55267
       55268
       55269
       55270
       55271
       55272
       55273
       55274
       55275
       55276
       55277
       55747
       55748
       55749
       55750
       55751
       55752
       55753
       55754
       55755
       55756
       55757
       55758
       55759
       55760
       55761
       55762
       55763
       56236
       56237
       56238
       56239
       56240
       56241
       56242
       56243
       56244
       56245
       56246
       56247
       56248
       56249
       56725
       56726
       56727
       56728
       56729
       56730
       56731
       56732
       56733
       56734
       57214
       57215
