         109
      199337
      199338
      199339
      199340
      199341
      199342
      199825
      199826
      199827
      199828
      199829
      199830
      199831
      200314
      200315
      200316
      200317
      200318
      200319
      200320
      200803
      200804
      200805
      200806
      200807
      200808
      200809
      201292
      201293
      201294
      201295
      201296
      201297
      201298
      201780
      201781
      201782
      201783
      201784
      201785
      201786
      201787
      202269
      202270
      202271
      202272
      202273
      202274
      202275
      202276
      202758
      202759
      202760
      202761
      202762
      202763
      202764
      202765
      203247
      203248
      203249
      203250
      203251
      203252
      203253
      203254
      203736
      203737
      203738
      203739
      203740
      203741
      203742
      203743
      204225
      204226
      204227
      204228
      204229
      204230
      204231
      204232
      204233
      204714
      204715
      204720
      204721
      204722
      205203
      205204
      205205
      205206
      205207
      205208
      205209
      205210
      205211
      205692
      205695
      205696
      205697
      205698
      205699
      205700
      206181
      206182
      206183
      206184
      206185
