          78
       56561
       56569
       57548
       58517
       58518
       59016
       59500
       59987
       60477
       60482
       60971
       60973
       61444
       61459
       61462
       61929
       61935
       61944
       61947
       61950
       61951
       61959
       61961
       62415
       62436
       62453
       62911
       62927
       62930
       62938
       63397
       63398
       63402
       63412
       63415
       63893
       64382
       64405
       64879
       64880
       65356
       65360
       65367
       65374
       65844
       65850
       65859
       65863
       66336
       66342
       66348
       66829
       67316
       67816
       68296
       68297
       68299
       68308
       68320
       68782
       68797
       69269
       69273
       69274
       69275
       69276
       69771
       70254
       70264
       70265
       70743
       71243
       71719
       72207
       72209
       72211
       72708
       74165
