         158
      147638
      147639
      148124
      148125
      148126
      148127
      148128
      148129
      148130
      148131
      148610
      148611
      148612
      148613
      148614
      148615
      148616
      148617
      148618
      148619
      148620
      148621
      148622
      148623
      149098
      149099
      149100
      149101
      149102
      149103
      149104
      149105
      149106
      149107
      149108
      149109
      149110
      149111
      149112
      149113
      149114
      149587
      149588
      149589
      149590
      149591
      149592
      149593
      149594
      149595
      149596
      149597
      149598
      149599
      149600
      149601
      149602
      149603
      150076
      150077
      150078
      150079
      150080
      150081
      150082
      150083
      150084
      150085
      150086
      150087
      150088
      150089
      150090
      150091
      150092
      150565
      150566
      150567
      150568
      150569
      150570
      150571
      150572
      150573
      150574
      150575
      150576
      150577
      150578
      150579
      150580
      150581
      151054
      151055
      151056
      151057
      151058
      151059
      151060
      151061
      151062
      151063
      151064
      151065
      151066
      151067
      151068
      151069
      151543
      151544
      151545
      151546
      151547
      151548
      151549
      151550
      151551
      151552
      151553
      151554
      151555
      151556
      151557
      151558
      152032
      152033
      152034
      152035
      152036
      152037
      152038
      152039
      152040
      152041
      152042
      152043
      152044
      152045
      152046
      152047
      152523
      152524
      152525
      152526
      152527
      152528
      152529
      152530
      152531
      152532
      152533
      152534
      152535
      152536
      153021
      153022
      153023
      153024
