        1117
       78586
       78587
       78589
       79073
       79074
       79075
       79076
       79077
       79078
       79079
       79080
       79081
       79082
       79083
       79084
       79085
       79086
       79087
       79088
       79089
       79090
       79562
       79563
       79564
       79565
       79566
       79567
       79568
       79569
       79570
       79571
       79572
       79573
       79574
       79575
       79576
       79577
       79578
       79579
       80050
       80051
       80052
       80053
       80054
       80055
       80056
       80057
       80058
       80059
       80060
       80061
       80062
       80063
       80064
       80065
       80066
       80067
       80068
       80539
       80540
       80541
       80542
       80543
       80544
       80545
       80546
       80547
       80548
       80549
       80550
       80551
       80552
       80553
       80554
       80555
       80556
       80557
       81028
       81029
       81030
       81031
       81032
       81033
       81034
       81035
       81036
       81037
       81038
       81039
       81040
       81041
       81042
       81043
       81044
       81045
       81046
       81518
       81519
       81520
       81521
       81522
       81523
       81524
       81525
       81526
       81527
       81528
       81529
       81530
       81531
       81532
       81533
       81534
       81535
       81995
       82005
       82006
       82007
       82008
       82009
       82010
       82011
       82012
       82013
       82014
       82015
       82016
       82017
       82018
       82019
       82020
       82021
       82022
       82023
       82024
       82484
       82494
       82495
       82496
       82497
       82498
       82499
       82500
       82501
       82502
       82503
       82504
       82505
       82506
       82507
       82508
       82509
       82510
       82511
       82512
       82513
       82982
       82983
       82984
       82985
       82986
       82987
       82988
       82989
       82990
       82991
       82992
       82993
       82994
       82995
       82996
       82997
       82998
       82999
       83000
       83001
       83002
       83471
       83472
       83473
       83474
       83475
       83476
       83477
       83478
       83479
       83480
       83481
       83482
       83483
       83484
       83485
       83486
       83487
       83488
       83489
       83490
       83491
       83959
       83961
       83962
       83963
       83964
       83965
       83966
       83967
       83968
       83969
       83970
       83971
       83972
       83973
       83974
       83975
       83976
       83977
       83978
       83979
       83980
       83982
       84448
       84450
       84451
       84452
       84453
       84454
       84455
       84456
       84457
       84458
       84459
       84460
       84461
       84462
       84463
       84464
       84465
       84466
       84467
       84468
       84469
       84471
       84936
       84937
       84938
       84939
       84940
       84941
       84942
       84943
       84944
       84945
       84946
       84947
       84948
       84949
       84950
       84951
       84952
       84953
       84954
       84955
       84956
       84957
       84958
       84959
       84960
       85425
       85426
       85427
       85428
       85429
       85430
       85431
       85432
       85433
       85434
       85436
       85437
       85438
       85439
       85440
       85441
       85442
       85443
       85444
       85445
       85446
       85447
       85448
       85913
       85914
       85915
       85916
       85917
       85918
       85919
       85920
       85921
       85922
       85923
       85925
       85926
       85927
       85928
       85929
       85930
       85931
       85932
       85933
       85934
       85935
       85936
       85937
       86402
       86403
       86404
       86405
       86406
       86407
       86408
       86409
       86410
       86411
       86412
       86415
       86416
       86417
       86418
       86419
       86420
       86421
       86422
       86423
       86424
       86425
       86426
       86891
       86892
       86894
       86895
       86896
       86897
       86898
       86899
       86900
       86901
       86903
       86904
       86905
       86906
       86907
       86908
       86909
       86910
       86911
       86912
       86913
       86914
       86915
       87380
       87382
       87383
       87384
       87385
       87386
       87387
       87388
       87389
       87390
       87392
       87393
       87394
       87395
       87396
       87397
       87398
       87399
       87400
       87401
       87402
       87403
       87868
       87869
       87871
       87872
       87873
       87874
       87875
       87876
       87877
       87878
       87881
       87882
       87883
       87884
       87885
       87886
       87887
       87888
       87889
       87890
       87891
       87892
       88357
       88358
       88359
       88361
       88362
       88363
       88364
       88365
       88366
       88367
       88370
       88371
       88372
       88373
       88374
       88375
       88376
       88377
       88378
       88379
       88380
       88381
       88845
       88846
       88847
       88848
       88850
       88851
       88852
       88853
       88854
       88855
       88856
       88859
       88860
       88861
       88862
       88863
       88864
       88865
       88866
       88867
       88868
       88869
       89334
       89335
       89336
       89339
       89340
       89341
       89342
       89343
       89344
       89348
       89349
       89350
       89351
       89352
       89353
       89354
       89355
       89356
       89357
       89358
       89822
       89823
       89824
       89825
       89828
       89829
       89830
       89831
       89832
       89833
       89836
       89837
       89838
       89839
       89840
       89841
       89842
       89843
       89844
       89845
       89846
       89847
       90311
       90312
       90313
       90316
       90317
       90318
       90319
       90320
       90321
       90322
       90325
       90326
       90327
       90328
       90329
       90330
       90331
       90332
       90333
       90334
       90335
       90336
       90800
       90801
       90802
       90805
       90807
       90808
       90809
       90810
       90811
       90814
       90815
       90816
       90817
       90818
       90819
       90820
       90821
       90822
       90823
       90824
       90825
       91288
       91289
       91290
       91294
       91295
       91296
       91297
       91298
       91299
       91303
       91304
       91305
       91306
       91307
       91308
       91309
       91310
       91311
       91312
       91313
       91314
       91777
       91778
       91779
       91783
       91784
       91785
       91786
       91787
       91788
       91791
       91792
       91793
       91794
       91795
       91796
       91797
       91798
       91799
       91800
       91801
       91802
       91803
       92265
       92266
       92267
       92268
       92271
       92272
       92273
       92274
       92275
       92276
       92277
       92280
       92281
       92282
       92283
       92284
       92285
       92286
       92287
       92288
       92289
       92290
       92291
       92292
       92754
       92755
       92756
       92760
       92761
       92762
       92763
       92764
       92765
       92766
       92769
       92770
       92771
       92772
       92773
       92774
       92775
       92776
       92777
       92778
       92779
       92780
       93242
       93243
       93245
       93249
       93250
       93251
       93252
       93253
       93254
       93255
       93258
       93259
       93260
       93261
       93262
       93263
       93264
       93265
       93266
       93267
       93268
       93269
       93730
       93732
       93733
       93738
       93739
       93740
       93741
       93742
       93743
       93747
       93748
       93749
       93750
       93751
       93752
       93753
       93754
       93755
       93756
       93757
       93758
       94219
       94220
       94221
       94222
       94227
       94228
       94229
       94230
       94232
       94236
       94237
       94238
       94239
       94240
       94241
       94242
       94243
       94244
       94245
       94246
       94707
       94710
       94711
       94715
       94716
       94717
       94718
       94719
       94720
       94721
       94725
       94726
       94727
       94728
       94729
       94730
       94731
       94732
       94734
       94736
       95198
       95204
       95205
       95206
       95207
       95208
       95209
       95213
       95214
       95215
       95216
       95217
       95218
       95219
       95220
       95221
       95222
       95223
       95225
       95684
       95687
       95693
       95694
       95695
       95696
       95697
       95698
       95702
       95703
       95704
       95705
       95706
       95707
       95708
       95709
       95710
       95711
       95712
       95714
       96173
       96175
       96182
       96183
       96184
       96185
       96186
       96190
       96191
       96192
       96193
       96194
       96195
       96196
       96197
       96198
       96199
       96200
       96201
       96203
       96671
       96672
       96673
       96674
       96675
       96679
       96681
       96682
       96683
       96684
       96685
       96686
       96687
       96688
       96689
       97150
       97152
       97159
       97161
       97162
       97163
       97164
       97167
       97168
       97170
       97171
       97172
       97173
       97174
       97175
       97176
       97177
       97178
       97648
       97650
       97651
       97656
       97657
       97658
       97659
       97660
       97661
       97662
       97663
       97664
       97666
       97667
       97668
       97669
       98137
       98138
       98139
       98140
       98145
       98147
       98148
       98150
       98151
       98152
       98153
       98155
       98156
       98157
       98158
       98618
       98626
       98627
       98628
       98629
       98633
       98634
       98635
       98636
       98637
       98638
       98639
       98640
       98641
       98642
       98643
       98644
       98645
       98646
       99115
       99117
       99122
       99123
       99124
       99125
       99126
       99127
       99128
       99129
       99130
       99131
       99132
       99133
       99134
       99135
       99604
       99605
       99606
       99610
       99611
       99612
       99613
       99614
       99615
       99616
       99617
       99618
       99619
       99620
       99621
       99622
       99623
       99624
      100092
      100093
      100094
      100099
      100100
      100101
      100102
      100103
      100104
      100105
      100106
      100107
      100108
      100109
      100110
      100111
      100112
      100113
      100581
      100582
      100583
      100588
      100589
      100590
      100591
      100592
      100593
      100594
      100595
      100596
      100597
      100598
      100599
      100600
      100601
      100602
      101070
      101071
      101072
      101078
      101079
      101080
      101081
      101082
      101083
      101084
      101085
      101086
      101087
      101088
      101089
      101090
      101091
      101559
      101560
      101566
      101567
      101568
      101569
      101570
      101571
      101572
      101573
      101574
      101575
      101576
      101577
      101579
      101580
      102048
      102049
      102055
      102056
      102057
      102058
      102059
      102060
      102061
      102062
      102063
      102064
      102065
      102066
      102537
      102538
      102544
      102545
      102546
      102547
      102548
      102549
      102550
      102551
      102552
      102553
      102554
      102555
      102556
      102558
      103025
      103026
      103027
      103033
      103034
      103035
      103036
      103037
      103038
      103039
      103040
      103041
      103042
      103043
      103044
      103045
      103047
      103514
      103515
      103521
      103522
      103523
      103524
      103525
      103526
      103527
      103528
      103529
      103530
      103531
      103532
      103533
      103534
      104003
      104004
      104011
      104012
      104013
      104014
      104015
      104016
      104017
      104018
      104019
      104020
      104021
      104022
      104492
      104499
      104500
      104501
      104502
      104503
      104504
      104505
      104506
      104507
      104508
      104509
      104511
      104987
      104989
      104991
      104992
      104993
      104994
      104995
      104996
      104997
      104998
      104999
      105000
      105478
      105479
      105480
      105481
      105482
      105483
      105484
      105485
      105486
      105487
      105488
      105970
      105971
      105972
      105973
      105974
      105975
      105976
      105977
      106463
      106466
       94226
       94231
       94235
       94247
       94724
       94733
       94735
       95224
       95713
       96202
       96678
       96680
       96690
       96691
       96692
       97160
       97169
       97179
       97180
       97649
       97665
       98146
       98149
       98154
       98647
       99116
      100095
      101077
      101561
      101578
      102067
      102068
      102069
      103032
      103535
      103536
      104010
      104024
      104510
      104513
      105001
      105489
      105490
      105979
