         133
      148646
      149130
      149131
      149132
      149133
      149135
      149619
      149620
      149621
      149622
      149623
      149624
      149625
      149626
      149627
      149628
      149629
      149630
      149631
      150108
      150109
      150110
      150111
      150112
      150113
      150114
      150115
      150116
      150117
      150118
      150119
      150120
      150121
      150122
      150123
      150597
      150598
      150599
      150600
      150601
      150602
      150603
      150604
      150605
      150606
      150607
      150608
      150609
      150610
      150611
      150612
      151087
      151088
      151089
      151090
      151092
      151093
      151094
      151095
      151096
      151097
      151098
      151099
      151100
      151101
      151576
      151577
      151578
      151579
      151581
      151582
      151583
      151584
      151585
      151586
      151587
      151588
      151589
      151590
      152064
      152065
      152066
      152067
      152068
      152070
      152071
      152072
      152073
      152074
      152075
      152076
      152077
      152078
      152079
      152553
      152554
      152555
      152556
      152557
      152559
      152560
      152561
      152562
      152563
      152564
      152565
      152566
      152567
      152568
      153042
      153044
      153046
      153048
      153049
      153050
      153051
      153052
      153053
      153054
      153055
      153056
      153057
      153537
      153538
      153540
      153541
      153544
      153546
      154030
      154032
      154033
      154034
      154035
