          68
      110509
      110512
      111485
      111490
      111974
      111978
      112463
      112466
      112467
      112952
      112955
      112958
      113441
      113444
      113930
      113933
      114419
      114420
      114910
      114911
      115399
      115877
      115885
      115886
      115887
      115889
      116375
      116864
      117348
      117352
      117357
      117359
      117837
      117847
      118327
      118329
      118334
      118335
      118816
      118824
      119305
      119306
      120279
      120284
      120772
      121269
      121756
      121760
      133000
      134461
      134951
      135440
      135441
      135450
      135938
      135940
      136906
      139845
      139847
      140321
      141311
      141787
      141800
      142764
      143266
      144242
      144731
      145218
