          74
      162942
      162943
      162944
      163430
      163431
      163434
      163919
      163920
      163921
      163923
      164409
      164895
      164898
      164899
      165380
      165387
      165388
      165866
      165875
      165876
      166353
      167816
      167830
      168306
      168319
      168795
      168799
      168800
      168802
      168806
      168809
      169284
      169290
      169292
      169773
      169774
      169779
      169781
      170261
      170267
      170269
      170271
      170273
      170760
      170762
      171244
      171247
      171735
      171736
      172221
      172711
      172712
      176125
      177595
      178071
      178557
      179549
      183942
      184409
      184430
      184918
      184919
      184920
      184923
      184924
      184926
      185411
      185413
      185888
      185892
      185893
      185894
      185898
      185899
