         166
       10420
       10422
       10902
       10904
       10912
       11390
       11393
       11891
       12383
       12861
       12862
       12872
       13355
       13361
       13837
       13840
       13841
       13850
       14339
       14822
       14828
       15317
       15318
       15319
       15806
       15807
       15808
       16295
       16296
       16298
       16299
       16300
       16301
       16305
       16785
       16786
       16787
       16788
       16789
       16790
       16794
       17274
       17275
       17276
       17277
       17278
       17764
       17765
       17766
       17767
       18253
       18254
       18255
       18256
       18742
       18743
       18744
       18745
       19230
       19231
       19232
       19233
       19234
       19719
       19720
       19722
       19723
       20210
       20211
       20212
       20213
       20699
       20700
       20701
       20702
       20703
       20704
       21188
       21189
       21190
       21191
       21192
       21193
       21194
       21195
       21680
       21681
       21682
       21683
       21684
       22169
       22170
       22171
       22172
       22173
       22658
       22659
       22660
       22661
       22662
       22667
       22668
       22669
       22683
       23147
       23148
       23151
       23152
       23153
       23154
       23155
       23156
       23157
       23158
       23159
       23160
       23161
       23162
       23163
       23164
       23165
       23166
       23167
       23636
       23637
       23641
       23642
       23643
       23644
       23649
       23650
       23651
       23652
       23653
       23654
       23655
       23656
       24150
       24611
       24612
       24613
       25100
       25101
       25102
       25103
       25597
       25598
       25599
       25600
       25620
       27569
       27570
       27571
       27572
       28045
       28046
       28049
       28050
       28531
       28536
       29014
       29015
       29020
       29021
       29022
       30472
