          44
       96050
       96051
       96536
       96543
       97513
       97522
       98002
       98505
       98979
       98997
      101425
      111718
      112699
      113190
      114170
      114659
      115150
      116623
      116624
      117604
      118095
      118584
      124440
      124929
      125908
      127375
      127865
      129333
      129822
      131780
      118096
      118097
      118110
      118585
      118586
      118596
      118597
      119076
      119077
      119082
      119566
      119567
      119568
      119569
