         816
      218654
      219125
      219126
      219144
      219612
      219613
      219614
      219615
      219616
      219617
      219618
      219619
      219620
      219631
      219632
      219634
      220100
      220101
      220102
      220103
      220104
      220105
      220106
      220107
      220110
      220111
      220119
      220120
      220122
      220123
      220588
      220589
      220590
      220591
      220592
      220593
      220594
      220595
      220596
      220597
      220598
      220599
      220600
      220601
      220602
      220603
      220604
      220608
      220611
      220612
      221076
      221077
      221078
      221079
      221080
      221081
      221082
      221083
      221084
      221085
      221086
      221087
      221088
      221089
      221090
      221091
      221093
      221094
      221095
      221098
      221099
      221101
      221102
      221565
      221566
      221567
      221568
      221569
      221570
      221571
      221572
      221573
      221574
      221575
      221576
      221577
      221578
      221579
      221580
      221581
      221582
      221584
      221585
      221586
      221587
      221588
      221590
      221591
      221593
      222054
      222055
      222056
      222057
      222058
      222059
      222060
      222061
      222062
      222063
      222064
      222065
      222066
      222068
      222069
      222070
      222071
      222072
      222073
      222074
      222077
      222078
      222079
      222080
      222082
      222542
      222543
      222544
      222545
      222546
      222547
      222548
      222549
      222550
      222551
      222552
      222553
      222554
      222555
      222556
      222557
      222558
      222559
      222560
      222561
      222563
      222564
      222565
      222566
      222568
      222569
      222570
      222571
      223031
      223032
      223033
      223034
      223035
      223036
      223037
      223038
      223039
      223040
      223041
      223042
      223043
      223044
      223045
      223046
      223047
      223048
      223049
      223050
      223051
      223052
      223054
      223056
      223057
      223059
      223061
      223520
      223521
      223522
      223523
      223524
      223525
      223526
      223527
      223528
      223529
      223530
      223531
      223532
      223533
      223534
      223535
      223536
      223537
      223538
      223539
      223540
      223541
      223542
      223543
      223544
      223545
      223546
      223549
      223550
      224009
      224010
      224011
      224012
      224013
      224014
      224015
      224016
      224017
      224018
      224019
      224020
      224021
      224022
      224023
      224024
      224025
      224026
      224027
      224028
      224029
      224030
      224031
      224032
      224033
      224034
      224035
      224036
      224037
      224038
      224039
      224497
      224498
      224499
      224500
      224501
      224502
      224503
      224504
      224505
      224506
      224507
      224508
      224509
      224510
      224511
      224512
      224513
      224514
      224515
      224516
      224517
      224518
      224519
      224520
      224521
      224522
      224523
      224525
      224526
      224528
      224986
      224987
      224988
      224989
      224990
      224991
      224992
      224993
      224994
      224995
      224996
      224997
      224998
      224999
      225000
      225001
      225002
      225003
      225004
      225005
      225006
      225007
      225008
      225009
      225010
      225011
      225012
      225013
      225014
      225015
      225016
      225475
      225476
      225477
      225478
      225479
      225480
      225481
      225482
      225483
      225484
      225485
      225486
      225487
      225488
      225489
      225490
      225491
      225492
      225493
      225494
      225495
      225496
      225497
      225498
      225499
      225500
      225501
      225502
      225503
      225504
      225505
      225964
      225965
      225966
      225967
      225968
      225969
      225970
      225971
      225972
      225973
      225974
      225975
      225976
      225977
      225978
      225979
      225980
      225981
      225982
      225983
      225984
      225985
      225986
      225987
      225988
      225989
      225990
      225991
      225993
      225994
      225996
      226452
      226453
      226454
      226455
      226456
      226457
      226458
      226459
      226460
      226461
      226462
      226463
      226464
      226465
      226466
      226467
      226468
      226469
      226470
      226471
      226472
      226473
      226474
      226475
      226476
      226477
      226478
      226479
      226480
      226481
      226482
      226483
      226485
      226486
      226941
      226942
      226943
      226944
      226945
      226946
      226947
      226948
      226949
      226950
      226951
      226952
      226953
      226954
      226955
      226956
      226957
      226958
      226959
      226960
      226961
      226962
      226963
      226964
      226965
      226966
      226967
      226968
      226970
      226971
      226972
      226973
      226974
      226975
      227430
      227431
      227432
      227433
      227434
      227435
      227436
      227437
      227438
      227439
      227440
      227441
      227442
      227443
      227444
      227445
      227446
      227447
      227448
      227449
      227450
      227451
      227452
      227453
      227454
      227455
      227456
      227457
      227458
      227459
      227460
      227461
      227462
      227463
      227464
      227465
      227919
      227920
      227921
      227922
      227923
      227924
      227925
      227926
      227927
      227928
      227929
      227930
      227931
      227932
      227933
      227934
      227935
      227936
      227937
      227938
      227939
      227940
      227941
      227942
      227943
      227944
      227945
      227946
      227947
      227948
      227949
      227950
      227951
      227952
      228408
      228409
      228410
      228411
      228412
      228413
      228414
      228415
      228416
      228417
      228418
      228419
      228420
      228421
      228422
      228423
      228424
      228425
      228426
      228427
      228428
      228429
      228430
      228431
      228432
      228433
      228434
      228435
      228436
      228437
      228438
      228439
      228440
      228441
      228442
      228896
      228897
      228898
      228899
      228900
      228901
      228902
      228903
      228904
      228905
      228906
      228907
      228908
      228909
      228910
      228911
      228912
      228913
      228914
      228915
      228916
      228917
      228918
      228919
      228920
      228921
      228922
      228923
      228924
      228925
      228926
      228927
      228928
      228929
      228930
      229385
      229386
      229387
      229388
      229389
      229390
      229391
      229392
      229393
      229394
      229395
      229396
      229397
      229398
      229399
      229400
      229401
      229402
      229403
      229404
      229405
      229406
      229407
      229408
      229409
      229410
      229411
      229412
      229413
      229414
      229415
      229416
      229417
      229418
      229874
      229875
      229876
      229877
      229878
      229879
      229880
      229881
      229882
      229883
      229884
      229885
      229886
      229887
      229888
      229889
      229890
      229891
      229892
      229893
      229894
      229895
      229896
      229897
      229898
      229899
      229900
      229901
      229902
      229903
      229904
      229905
      229906
      229907
      230363
      230364
      230365
      230366
      230367
      230368
      230369
      230370
      230371
      230372
      230373
      230374
      230375
      230376
      230377
      230378
      230379
      230380
      230381
      230382
      230383
      230384
      230385
      230386
      230387
      230388
      230389
      230390
      230391
      230392
      230393
      230394
      230395
      230396
      230397
      230852
      230853
      230854
      230855
      230856
      230857
      230858
      230859
      230860
      230861
      230862
      230863
      230864
      230865
      230866
      230867
      230868
      230869
      230870
      230871
      230872
      230873
      230874
      230875
      230876
      230877
      230878
      230879
      230880
      230881
      230882
      230883
      230884
      230885
      230886
      231340
      231341
      231342
      231343
      231344
      231345
      231346
      231347
      231348
      231349
      231350
      231351
      231352
      231353
      231354
      231355
      231356
      231357
      231358
      231359
      231360
      231361
      231362
      231363
      231364
      231365
      231366
      231367
      231368
      231369
      231370
      231371
      231372
      231373
      231374
      231375
      231829
      231830
      231831
      231832
      231833
      231834
      231835
      231836
      231837
      231838
      231839
      231840
      231841
      231842
      231843
      231844
      231845
      231846
      231847
      231848
      231849
      231850
      231851
      231852
      231853
      231854
      231855
      231856
      231857
      231858
      231859
      231860
      231861
      231862
      231863
      231864
      232318
      232319
      232320
      232321
      232322
      232323
      232324
      232325
      232326
      232327
      232328
      232329
      232330
      232331
      232332
      232333
      232334
      232335
      232336
      232337
      232338
      232339
      232340
      232341
      232342
      232343
      232344
      232345
      232346
      232347
      232348
      232349
      232350
      232351
      232352
      232353
