         108
         858
        1347
        3303
        5746
        6237
        6723
        7214
        7700
        9168
        9653
        9656
       12592
       13081
       14060
       15028
       15516
       16493
       16981
       17958
       18446
       19423
       21377
       22354
       23331
       24308
         377
         859
        1352
        1354
        1843
        2329
        4773
         376
         860
         864
        1348
        1353
        1836
        1837
        2331
        3308
        3795
        3797
        4285
        4286
        4287
        5262
       14549
         370
         371
         375
        3306
        4769
        4772
        5749
        3790
        6233
        7211
        8677
       10145
       11119
       14052
       14058
       14540
       14547
       14548
       15036
       15517
       15525
       16005
       16013
       16014
       16502
       16503
       16982
       16991
       16992
       17470
       17480
        2324
        5744
        7210
        7698
        8187
        8189
        8678
        8679
        9164
        9167
       10630
       12096
       12585
       12593
       13074
       13082
       13563
       13570
       13571
       14051
       14059
       14539
       15027
       16004
       16492
         863
        1349
        2326
        4283
