          54
       25668
       27138
       27624
       28100
       28111
       28118
       29090
       29097
       29579
       31045
       31046
       31047
       31048
       31049
       31050
       31051
       31052
       31053
       40336
       23729
       24720
       25207
       25208
       25209
       25689
       26175
       26186
       26653
       26668
       26687
       27155
       27158
       27159
       27166
       27167
       27631
       27634
       28121
       28610
       28611
       28612
       28615
       28616
       28623
       29112
       29113
       30078
       30081
       30572
       31060
       31061
       31064
       31065
       31069
