         334
       86949
       86950
       87424
       87438
       87439
       87912
       87927
       87939
       88400
       88415
       88427
       88889
       88902
       88903
       88904
       88916
       89377
       89378
       89390
       89391
       89392
       89404
       89864
       89865
       89879
       89880
       89892
       89893
       90353
       90380
       90381
       90382
       90383
       90384
       90841
       90855
       90856
       90857
       90866
       90867
       90868
       90869
       90870
       90871
       90872
       90873
       90874
       91330
       91343
       91344
       91345
       91346
       91355
       91356
       91357
       91358
       91359
       91360
       91361
       91362
       91363
       91365
       91819
       91832
       91833
       91834
       91844
       91845
       91846
       91847
       91848
       91849
       91850
       91851
       91852
       92308
       92320
       92321
       92322
       92333
       92334
       92335
       92336
       92337
       92338
       92339
       92340
       92341
       92797
       92808
       92809
       92810
       92821
       92822
       92823
       92824
       92825
       92826
       92827
       93286
       93295
       93296
       93297
       93298
       93309
       93310
       93311
       93312
       93313
       93314
       93315
       93775
       93784
       93785
       93786
       93798
       93799
       93800
       93801
       93802
       93803
       93804
       94264
       94273
       94274
       94755
       94756
       94761
       95243
       95244
       95249
       95250
       95732
       95736
       95737
       95738
       95739
       96221
       96225
       96228
       96710
       96717
       97199
       97200
       97202
       97688
       97689
       97690
       98177
       98178
       93308
       93787
       93797
       94275
       94286
       94773
       95262
       95750
       95760
       96227
       96239
       96714
       96727
       97203
       97215
       97691
       97692
       98181
       98182
       98680
       94774
       95263
       95271
       95751
       96728
       97216
       97704
       97705
       98193
       99170
       99658
       94287
       94775
       95264
       95268
       95752
       95759
       96240
       97217
       97225
       94288
       94289
       94290
       94291
       94776
       95265
       95266
       95753
       95754
       95755
       95756
       96241
       96243
       96244
       96245
       96729
       96733
       97218
       97706
       97707
       98194
       98195
       98196
       94292
       94777
       94783
       95272
       96242
       96730
       96731
       96732
       96736
       97219
       97222
       97708
       98201
       83046
       83047
       83051
       83052
       83053
       83535
       83536
       83537
       83540
       83541
       83542
       84023
       84024
       84025
       84026
       84027
       84028
       84029
       84030
       84512
       84513
       84514
       84515
       84516
       84517
       84518
       84519
       85000
       85001
       85002
       85003
       85004
       85005
       85006
       85007
       85487
       85488
       85489
       85490
       85491
       85492
       85493
       85494
       85495
       85496
       85976
       85977
       85978
       85979
       85980
       85981
       85982
       85983
       85984
       85985
       86465
       86466
       86467
       86468
       86469
       86470
       86471
       86472
       86473
       86474
       86951
       86952
       86953
       86958
       86959
       86960
       86961
       86970
       87440
       87441
       87442
       87447
       87448
       87449
       87450
       87928
       87929
       87930
       87931
       87937
       87938
       88416
       88417
       88418
       88421
       88426
       88905
       88906
       88910
       88915
       89393
       89402
       89403
       89881
       89890
       89891
       90369
       90370
       90379
       90876
       91835
       92323
       92820
