          46
         162
         647
         652
         653
         654
         655
         656
         657
         660
         661
        1132
        1147
        1148
        1149
        1150
        1622
        1623
        1624
        1625
        1626
        1627
        1631
        1632
        1633
        1634
        1635
        2115
        2117
        2118
        2119
        2120
        2121
        2129
        2130
        2603
        2604
        2606
        2607
        3099
        3583
        3584
        3585
        4069
        4070
        4071
        4072
