          49
      153094
      153095
      153097
      153585
      153586
      154071
      154560
      154565
      154566
      154567
      155052
      155058
      155059
      155060
      155067
      155068
      155539
      155540
      155542
      155548
      155549
      155550
      156037
      156038
      156039
      156040
      156041
      156521
      156522
      156523
      156524
      156525
      156526
      156527
      156528
      156534
      156535
      156536
      157014
      157024
      157506
      157514
      157995
      157996
      157999
      158000
      158001
      158002
      158003
