         341
       26377
       26378
       26865
       26866
       26867
       27352
       27353
       27354
       27355
       27356
       27840
       27841
       27842
       27843
       27844
       27845
       28327
       28328
       28329
       28330
       28331
       28332
       28333
       28334
       28813
       28814
       28815
       28816
       28817
       28818
       28819
       28820
       28821
       28822
       28823
       29298
       29299
       29300
       29301
       29302
       29303
       29304
       29305
       29306
       29307
       29308
       29309
       29310
       29311
       29312
       29776
       29777
       29778
       29779
       29780
       29781
       29782
       29783
       29784
       29785
       29786
       29787
       29788
       29789
       29790
       29791
       29792
       29793
       29794
       29795
       29796
       29797
       29798
       29799
       29800
       29801
       30265
       30266
       30267
       30268
       30269
       30270
       30271
       30272
       30273
       30274
       30275
       30276
       30277
       30278
       30279
       30280
       30281
       30282
       30283
       30284
       30285
       30286
       30287
       30288
       30289
       30290
       30291
       30754
       30755
       30756
       30757
       30758
       30759
       30760
       30761
       30762
       30763
       30764
       30765
       30766
       30767
       30768
       30769
       30770
       30771
       30772
       30773
       30774
       30775
       30776
       30777
       30778
       30779
       30780
       31243
       31244
       31245
       31246
       31247
       31248
       31249
       31250
       31251
       31252
       31253
       31254
       31255
       31256
       31257
       31258
       31259
       31260
       31261
       31262
       31263
       31264
       31265
       31266
       31267
       31268
       31269
       31732
       31733
       31734
       31735
       31736
       31737
       31738
       31739
       31740
       31741
       31742
       31743
       31744
       31745
       31746
       31747
       31748
       31749
       31750
       31751
       31752
       31753
       31754
       31755
       31756
       31757
       31758
       32221
       32222
       32223
       32224
       32225
       32226
       32227
       32228
       32229
       32230
       32231
       32232
       32233
       32234
       32235
       32236
       32237
       32238
       32239
       32240
       32241
       32242
       32243
       32244
       32245
       32246
       32247
       32710
       32711
       32712
       32713
       32714
       32715
       32716
       32717
       32718
       32719
       32720
       32721
       32722
       32723
       32724
       32725
       32726
       32727
       32728
       32729
       32730
       32731
       32732
       32733
       32734
       32735
       32736
       33199
       33200
       33201
       33202
       33203
       33204
       33205
       33206
       33207
       33208
       33209
       33210
       33211
       33212
       33213
       33214
       33215
       33216
       33217
       33218
       33219
       33220
       33221
       33222
       33223
       33224
       33225
       33688
       33689
       33690
       33691
       33692
       33693
       33694
       33695
       33696
       33697
       33698
       33699
       33700
       33701
       33702
       33703
       33704
       33705
       33706
       33707
       33708
       33709
       33710
       33711
       33712
       33713
       33714
       34177
       34178
       34179
       34180
       34181
       34182
       34183
       34184
       34185
       34186
       34187
       34188
       34189
       34190
       34191
       34192
       34193
       34194
       34195
       34196
       34197
       34198
       34199
       34200
       34201
       34202
       34203
       34666
       34667
       34668
       34669
       34670
       34671
       34672
       34673
       34674
       34675
       34676
       34677
       34678
       34679
       34680
       34681
       34682
       34683
       34684
       34685
       34686
       34687
