          93
       12152
       12642
       13622
       13624
       14111
       14600
       16057
       16058
       16059
       16065
       17041
       18018
       18506
       18507
       18983
       18994
       19461
       19471
       19482
       19950
       19965
       19966
       19971
       20447
       20457
       20459
       20936
       20945
       20947
       21416
       21424
       21425
       21433
       21436
       21905
       21906
       21912
       21913
       21914
       21915
       21921
       22393
       22394
       22395
       22400
       22402
       22403
       22404
       22405
       22409
       22882
       22883
       22884
       22887
       22888
       22891
       22892
       22893
       22894
       22897
       23370
       23371
       23372
       23381
       23382
       23383
       23385
       23859
       23860
       23861
       23864
       23870
       23871
       23872
       23873
       24349
       24350
       24351
       24360
       24361
       24838
       24839
       24840
       24850
       25327
       25328
       25813
       25814
       25815
       25816
       26303
       26304
       26305
