         229
      150414
      151880
      151881
      152367
      152372
      152373
      152374
      152852
      152853
      152854
      152857
      152858
      152859
      152861
      152862
      153338
      153339
      153340
      153345
      153346
      153347
      153348
      153353
      153354
      153355
      153825
      153826
      153827
      153828
      153829
      153830
      153831
      153832
      153833
      153834
      153835
      153836
      153837
      153838
      153839
      153841
      153842
      153843
      153844
      154311
      154312
      154313
      154314
      154315
      154316
      154317
      154318
      154319
      154320
      154321
      154322
      154323
      154324
      154325
      154326
      154327
      154328
      154329
      154330
      154331
      154332
      154334
      154803
      154804
      154805
      154806
      154807
      154808
      154809
      154810
      154811
      154812
      154813
      154814
      154815
      154816
      154817
      154818
      154819
      154820
      154821
      154822
      154823
      154824
      155289
      155291
      155292
      155294
      155295
      155296
      155297
      155298
      155299
      155300
      155301
      155302
      155303
      155304
      155305
      155306
      155307
      155308
      155309
      155312
      155313
      155781
      155782
      155783
      155784
      155785
      155786
      155787
      155788
      155789
      155790
      155791
      155792
      155793
      155794
      155795
      155796
      155797
      155798
      155799
      155800
      155801
      156268
      156269
      156270
      156271
      156272
      156273
      156274
      156275
      156276
      156277
      156278
      156279
      156280
      156281
      156282
      156283
      156284
      156285
      156286
      156287
      156288
      156757
      156758
      156759
      156760
      156761
      156762
      156763
      156764
      156765
      156766
      156767
      156768
      156769
      156770
      156771
      156772
      156773
      156774
      156775
      156776
      157246
      157247
      157248
      157249
      157250
      157251
      157252
      157253
      157254
      157255
      157256
      157257
      157258
      157259
      157260
      157261
      157262
      157736
      157737
      157739
      157745
      157746
      157747
      157748
      157749
      157750
      158236
      158237
      158722
      158723
      158724
      159209
      159210
      159211
      159698
      159699
      160200
      160201
      160202
      160203
      160681
      160682
      160688
      160689
      160690
      160692
      161169
      161170
      161175
      161177
      161179
      161181
      161182
      161187
      161676
      162165
      162654
