         728
       55434
       55435
       55436
       55437
       55909
       55910
       55923
       55924
       55925
       55926
       55927
       56395
       56396
       56397
       56398
       56408
       56411
       56412
       56413
       56414
       56415
       56416
       56417
       56882
       56895
       56898
       56899
       56901
       56902
       56903
       56904
       56905
       56906
       56907
       57382
       57383
       57384
       57385
       57386
       57389
       57390
       57391
       57392
       57393
       57394
       57395
       57396
       57397
       57866
       57867
       57870
       57871
       57874
       57875
       57876
       57878
       57879
       57880
       57881
       57882
       57883
       57884
       57885
       57886
       57887
       58351
       58352
       58353
       58354
       58355
       58356
       58357
       58358
       58359
       58361
       58362
       58364
       58365
       58366
       58367
       58368
       58369
       58370
       58371
       58372
       58373
       58374
       58375
       58376
       58377
       58839
       58840
       58841
       58845
       58846
       58847
       58848
       58849
       58850
       58851
       58852
       58853
       58854
       58855
       58856
       58857
       58858
       58859
       58860
       58861
       58862
       58863
       58864
       58865
       58866
       58867
       59327
       59328
       59329
       59330
       59331
       59332
       59333
       59334
       59335
       59336
       59337
       59338
       59339
       59340
       59341
       59342
       59343
       59344
       59345
       59346
       59347
       59348
       59349
       59350
       59351
       59352
       59353
       59354
       59355
       59356
       59357
       59817
       59818
       59819
       59820
       59821
       59822
       59823
       59824
       59825
       59826
       59827
       59828
       59829
       59830
       59831
       59832
       59833
       59834
       59835
       59836
       59837
       59838
       59839
       59840
       59841
       59842
       59843
       59844
       59845
       59846
       59847
       60306
       60307
       60308
       60309
       60310
       60311
       60312
       60313
       60314
       60315
       60316
       60317
       60318
       60319
       60320
       60321
       60322
       60323
       60324
       60325
       60326
       60327
       60328
       60329
       60330
       60331
       60332
       60333
       60334
       60335
       60336
       60337
       60795
       60796
       60797
       60798
       60799
       60800
       60801
       60802
       60803
       60804
       60805
       60806
       60807
       60808
       60809
       60810
       60811
       60812
       60813
       60814
       60815
       60816
       60817
       60818
       60819
       60820
       60821
       60822
       60823
       60824
       60825
       60826
       60827
       61284
       61285
       61286
       61287
       61288
       61289
       61290
       61291
       61292
       61293
       61294
       61295
       61296
       61297
       61298
       61299
       61300
       61301
       61302
       61303
       61304
       61305
       61306
       61307
       61308
       61309
       61310
       61311
       61312
       61313
       61314
       61315
       61316
       61774
       61775
       61776
       61777
       61778
       61779
       61780
       61781
       61782
       61783
       61784
       61785
       61786
       61787
       61788
       61789
       61790
       61791
       61792
       61793
       61794
       61795
       61796
       61797
       61798
       61799
       61800
       61801
       61802
       61803
       61804
       61805
       62263
       62264
       62265
       62266
       62267
       62268
       62269
       62270
       62271
       62272
       62273
       62274
       62275
       62276
       62277
       62278
       62279
       62280
       62281
       62282
       62283
       62284
       62285
       62286
       62287
       62288
       62289
       62290
       62291
       62292
       62293
       62294
       62752
       62753
       62754
       62755
       62756
       62757
       62758
       62759
       62760
       62761
       62762
       62763
       62764
       62765
       62766
       62767
       62768
       62769
       62770
       62771
       62772
       62773
       62774
       62775
       62776
       62777
       62778
       62779
       62780
       62781
       62782
       62783
       63241
       63242
       63243
       63244
       63245
       63246
       63247
       63248
       63249
       63250
       63251
       63252
       63253
       63254
       63255
       63256
       63257
       63258
       63259
       63260
       63261
       63262
       63263
       63264
       63265
       63266
       63267
       63268
       63269
       63270
       63271
       63272
       63730
       63731
       63732
       63733
       63734
       63735
       63736
       63737
       63738
       63739
       63740
       63741
       63742
       63743
       63744
       63745
       63746
       63747
       63748
       63749
       63750
       63751
       63752
       63753
       63754
       63755
       63756
       63757
       63758
       63759
       63760
       64219
       64220
       64221
       64222
       64223
       64224
       64225
       64226
       64227
       64228
       64229
       64230
       64231
       64232
       64233
       64234
       64235
       64236
       64237
       64238
       64239
       64240
       64241
       64242
       64243
       64244
       64245
       64246
       64247
       64248
       64249
       64709
       64710
       64711
       64712
       64713
       64714
       64715
       64716
       64717
       64718
       64719
       64720
       64721
       64722
       64723
       64724
       64725
       64726
       64727
       64728
       64729
       64730
       64731
       64732
       64733
       64734
       64735
       64736
       64737
       64738
       65198
       65199
       65200
       65201
       65202
       65203
       65204
       65205
       65206
       65207
       65208
       65209
       65210
       65211
       65212
       65213
       65214
       65215
       65216
       65217
       65218
       65219
       65220
       65221
       65222
       65223
       65224
       65225
       65226
       65227
       65687
       65688
       65689
       65690
       65691
       65692
       65693
       65694
       65695
       65696
       65697
       65698
       65699
       65700
       65701
       65702
       65703
       65704
       65705
       65706
       65707
       65708
       65709
       65710
       65711
       65712
       65713
       65714
       65715
       66176
       66177
       66178
       66179
       66180
       66181
       66182
       66183
       66184
       66185
       66186
       66187
       66188
       66189
       66190
       66191
       66192
       66193
       66194
       66195
       66196
       66197
       66198
       66199
       66200
       66201
       66202
       66203
       66665
       66666
       66667
       66668
       66669
       66670
       66671
       66672
       66673
       66674
       66675
       66676
       66677
       66678
       66679
       66680
       66681
       66682
       66683
       66684
       66685
       66686
       66687
       66688
       66689
       66690
       66691
       66692
       67155
       67156
       67157
       67158
       67159
       67160
       67161
       67162
       67163
       67164
       67165
       67166
       67167
       67168
       67169
       67170
       67171
       67172
       67173
       67174
       67175
       67176
       67177
       67178
       67179
       67180
       67181
       67644
       67645
       67646
       67647
       67648
       67649
       67650
       67651
       67652
       67653
       67654
       67655
       67656
       67657
       67658
       67659
       67660
       67661
       67662
       67663
       67664
       67665
       67666
       67667
       67668
       67669
       67670
       68133
       68134
       68135
       68136
       68137
       68138
       68139
       68140
       68141
       68142
       68143
       68144
       68145
       68146
       68147
       68148
       68149
       68150
       68151
       68152
       68153
       68154
       68155
       68156
       68157
       68158
       68630
       68631
       68632
       68633
       68634
       68635
       68636
       68637
       68638
       68639
       68640
       68641
       68642
       68643
       68644
       68645
       68646
       68647
       69125
       69126
       69127
       69128
       69129
       69130
       69131
       69132
       69133
       69134
       69135
       69618
       69619
       69620
       69621
       69622
       69623
       70111
       70112
