         166
       81096
       81582
       81584
       81585
       81586
       82069
       82070
       82071
       82072
       82073
       82074
       82075
       82076
       82557
       82558
       82559
       82560
       82561
       82562
       82563
       82564
       82565
       82566
       82569
       83044
       83045
       83048
       83049
       83050
       83054
       83055
       83056
       83057
       83533
       83534
       83538
       83539
       83543
       83544
       83545
       83546
       84021
       84022
       84031
       84032
       84033
       84034
       84035
       84509
       84510
       84511
       84520
       84521
       84522
       84523
       84524
       84525
       84526
       84997
       84998
       84999
       85008
       85009
       85010
       85011
       85012
       85013
       85014
       85015
       85486
       85497
       85498
       85499
       85500
       85501
       85502
       85503
       85504
       85975
       85986
       85987
       85988
       85989
       85990
       85991
       86475
       86476
       86477
       86478
       86479
       86480
       86962
       86963
       86964
       86965
       86966
       86967
       86971
       86972
       87451
       87452
       87453
       87454
       87455
       87456
       87459
       87940
       87941
       87942
       87943
       87944
       87945
       88428
       88429
       88430
       88431
       88432
       88433
       88434
       88917
       88918
       88919
       88920
       88921
       88922
       89405
       89406
       89407
       89408
       89409
       89410
       89415
       89894
       89895
       89897
       89898
       89899
       90875
       90879
       91366
       91854
       91855
       92828
       92829
       92830
       93316
       93317
       93318
       93320
       93805
       93806
       93807
       93809
       94293
       94294
       94295
       94296
       94298
       94778
       94780
       95267
       95269
       95270
       95757
       96248
       96735
