         118
       83812
       84301
       84790
       85279
       85768
       86257
       86744
       86745
       87233
       87234
       87722
       87723
       88211
       88212
       88699
       88700
       88701
       89188
       89189
       89190
       89191
       89677
       89678
       89680
       90165
       90166
       90167
       90169
       90652
       90653
       90654
       90655
       90656
       90657
       90658
       90659
       91141
       91142
       91143
       91144
       91145
       91146
       91147
       91630
       91631
       91632
       91633
       91634
       91635
       91636
       92119
       92120
       92121
       92122
       92123
       92124
       92608
       92609
       92610
       92611
       92612
       92613
       93097
       93098
       93099
       93100
       93101
       93102
       93586
       93587
       93588
       93589
       93590
       93591
       93592
       94075
       94076
       94077
       94078
       94079
       94080
       94568
       95057
       95546
       95547
       96036
       96526
       97015
       97504
       97505
       97994
       98483
       98972
       99461
       94081
       94569
       94570
       94571
       95058
       95059
       95060
       95548
       95549
       96037
       96038
       96527
       97016
       97017
       97506
       97995
       98484
       98973
       99462
       99951
      100930
      101420
      102399
      103867
