         202
       66842
       67328
       67331
       67812
       67817
       67818
       67820
       68298
       68300
       68301
       68302
       68306
       68307
       68309
       68784
       68786
       68787
       68788
       68790
       68791
       68795
       68796
       68798
       69271
       69272
       69277
       69278
       69279
       69280
       69285
       69287
       69762
       69763
       69764
       69765
       69767
       69768
       69769
       69770
       69773
       69774
       69776
       70249
       70250
       70251
       70255
       70256
       70257
       70258
       70259
       70260
       70262
       70263
       70742
       70744
       70745
       70746
       70747
       70748
       70749
       70751
       70752
       71230
       71231
       71233
       71234
       71235
       71236
       71237
       71238
       71239
       71240
       71241
       71718
       71720
       71721
       71722
       71723
       71724
       71725
       71726
       71727
       71728
       71729
       71730
       72208
       72210
       72212
       72213
       72214
       72215
       72216
       72217
       72218
       72219
       72700
       72701
       72702
       72703
       72704
       72705
       72706
       72707
       73189
       73190
       73191
       73192
       73193
       73194
       73195
       73196
       73676
       73677
       73679
       73680
       73681
       73682
       73683
       73684
       73685
       74166
       74167
       74168
       74169
       74170
       74171
       74172
       74173
       74174
       74657
       74658
       74659
       74660
       74661
       74662
       74663
       74665
       75146
       75147
       75148
       75149
       75150
       75151
       75152
       75634
       75635
       75636
       75637
       75638
       75639
       75640
       75641
       76121
       76122
       76123
       76124
       76125
       76126
       76127
       76128
       76129
       76130
       76610
       76611
       76613
       76614
       76615
       76616
       76617
       76618
       76619
       77099
       77100
       77101
       77102
       77103
       77104
       77105
       77106
       77107
       77589
       77590
       77591
       77592
       77593
       77594
       77595
       77596
       78078
       78079
       78080
       78081
       78566
       78567
       78568
       78569
       79055
       79056
       79057
       79545
       80034
       80523
