         181
      205476
      205963
      205964
      205965
      206451
      206452
      206940
      206941
      207428
      207429
      207431
      207432
      207433
      207434
      207435
      207436
      207438
      207439
      207916
      207917
      207918
      207919
      207920
      207921
      207922
      207923
      207924
      207925
      207926
      207927
      207928
      207929
      207930
      208404
      208405
      208407
      208408
      208409
      208410
      208411
      208412
      208413
      208414
      208415
      208416
      208417
      208418
      208892
      208893
      208894
      208895
      208896
      208897
      208898
      208899
      208900
      208901
      208902
      208903
      208904
      208905
      208906
      208907
      209380
      209384
      209385
      209386
      209388
      209389
      209390
      209391
      209392
      209393
      209394
      209395
      209396
      209868
      209871
      209872
      209873
      209874
      209875
      209876
      209877
      209878
      209879
      209880
      209881
      209882
      209883
      209884
      209885
      210357
      210359
      210360
      210361
      210362
      210363
      210364
      210365
      210366
      210367
      210368
      210369
      210370
      210371
      210372
      210373
      210374
      210847
      210851
      210852
      210853
      210854
      210855
      210856
      210857
      210858
      210859
      210860
      210861
      210862
      210863
      211337
      211339
      211340
      211341
      211343
      211344
      211345
      211346
      211347
      211348
      211349
      211350
      211351
      211352
      211829
      211830
      211831
      211833
      211834
      211835
      211836
      211837
      211838
      211839
      211840
      211841
      212317
      212321
      212322
      212324
      212325
      212326
      212327
      212328
      212329
      212330
      212809
      212810
      212811
      212812
      212813
      212814
      212815
      212816
      212817
      213298
      213299
      213300
      213301
      213302
      213303
      213304
      213305
      213788
      213790
      213791
      214277
      214278
