         269
       17831
       17832
       17837
       18321
       18322
       18323
       18324
       18325
       18326
       18327
       18328
       18334
       18335
       18336
       18812
       18813
       18814
       18815
       18816
       18817
       18818
       18823
       18824
       18825
       18826
       18827
       18828
       19302
       19303
       19304
       19305
       19306
       19307
       19308
       19792
       19793
       19794
       19795
       19796
       19797
       19798
       20289
       20295
       20771
       20772
       20775
       20777
       21754
       21755
       22236
       22245
       22740
       23695
       24673
       24676
       24692
       24693
       25173
       25177
       27120
       17369
       17370
       17371
       17858
       17859
       17860
       18340
       18341
       18350
       18351
       18353
       18831
       18833
       18835
       18836
       18837
       18839
       19327
       19333
       19812
       19813
       19818
       19820
       20305
       20311
       20312
       20313
       20790
       20794
       20797
       21776
       21777
       22252
       22253
       22254
       22255
       22256
       22262
       22263
       22739
       23231
       24208
       12971
       12972
       13460
       13950
       14442
       14931
       15422
       15427
       16880
       17368
       17372
       17373
       17857
       17861
       17862
       17863
       18342
       18344
       18345
       18346
       18347
       18348
       18349
       18352
       18354
       18829
       18830
       18832
       18838
       18842
       18843
       18844
       18845
       18846
       19320
       19322
       19328
       19334
       19336
       19819
       19823
       19824
       19825
       20315
       20788
       20791
       20792
       20793
       20795
       20796
       20803
       20804
       21764
       21778
       21779
       21780
       22272
       23239
       23723
       18337
       18338
       18339
       20284
       20286
       21758
       21762
       22237
       22238
       22241
       22242
       22721
       22724
       22725
       22726
       22727
       22728
       23211
       23212
       23213
       23226
       23227
       23228
       23696
       23697
       23698
       23699
       23700
       23704
       23705
       23707
       23714
       23718
       24185
       24186
       24187
       24188
       24192
       24193
       24201
       24202
       24203
       24674
       24677
       24678
       24679
       24680
       24681
       24682
       24686
       24688
       25162
       25163
       25164
       25165
       25166
       25174
       25176
       25651
       25653
       25655
       26635
       26638
       27124
       27610
       18834
       18840
       18841
       19323
       19324
       19325
       19332
       19814
       19816
       19821
       19822
       20300
       20302
       20303
       20304
       20310
       20789
       20798
       20799
       20800
       21765
       21766
       21769
       21770
       21775
       22257
       22258
       22259
       22260
       22264
       22271
       22741
       22745
       22746
       22747
       22756
       23230
       23235
       23238
       23719
       23720
       23721
       23722
