         295
      105551
      106040
      106530
      107995
      107996
      108003
      108483
      108484
      108492
      108493
      108972
      108977
      108978
      108981
      108982
      108983
      109461
      109462
      109463
      109464
      109465
      109466
      109467
      109470
      109471
      109472
      109473
      109949
      109950
      109951
      109952
      109953
      109954
      109955
      109956
      109957
      109958
      109959
      109960
      109961
      109962
      110437
      110438
      110439
      110440
      110441
      110442
      110443
      110444
      110445
      110446
      110447
      110448
      110449
      110450
      110451
      110926
      110927
      110928
      110929
      110930
      110931
      110932
      110933
      110934
      110935
      110936
      110937
      110938
      110939
      111414
      111415
      111416
      111417
      111418
      111419
      111420
      111421
      111422
      111423
      111424
      111425
      111426
      111427
      111428
      111902
      111903
      111904
      111905
      111906
      111907
      111908
      111909
      111910
      111911
      111912
      111913
      111914
      111915
      111916
      111917
      112391
      112392
      112393
      112394
      112395
      112396
      112397
      112398
      112399
      112400
      112401
      112402
      112403
      112404
      112405
      112406
      112879
      112880
      112881
      112882
      112883
      112884
      112885
      112886
      112887
      112888
      112889
      112890
      112891
      112892
      112893
      112894
      113367
      113368
      113369
      113370
      113371
      113372
      113373
      113374
      113375
      113376
      113377
      113378
      113379
      113380
      113381
      113382
      113383
      113856
      113857
      113858
      113859
      113860
      113861
      113862
      113863
      113864
      113865
      113866
      113867
      113868
      113869
      113870
      113871
      113872
      114344
      114345
      114346
      114347
      114348
      114349
      114350
      114351
      114352
      114353
      114354
      114355
      114356
      114357
      114358
      114359
      114360
      114832
      114833
      114834
      114835
      114836
      114837
      114838
      114839
      114840
      114841
      114842
      114843
      114844
      114845
      114846
      114847
      114848
      114849
      115321
      115322
      115323
      115324
      115325
      115326
      115327
      115328
      115329
      115330
      115331
      115332
      115333
      115334
      115335
      115336
      115337
      115338
      115811
      115812
      115813
      115814
      115815
      115816
      115817
      115818
      115819
      115820
      115821
      115822
      115823
      115824
      115825
      115826
      116301
      116302
      116303
      116304
      116305
      116306
      116307
      116308
      116309
      116310
      116311
      116312
      116313
      116314
      116315
      116792
      116793
      116794
      116795
      116796
      116797
      116798
      116799
      116800
      116801
      116802
      116803
      117282
      117283
      117284
      117285
      117286
      117287
      117288
      117289
      117290
      117291
      117292
      117773
      117774
      117775
      117776
      117777
      117778
      117779
      117780
      118263
      118264
      118265
      118266
      118267
      118268
      118269
      118754
      118755
      118756
      118757
      119244
      119245
