          43
      161109
      163067
      163554
      164041
      165016
      165504
      165512
      165998
      166479
      166966
      166967
      166972
      167444
      167454
      167458
      167459
      167939
      167940
      167941
      167942
      167943
      167944
      168433
      168926
      169400
      169401
      169402
      169403
      169890
      169897
      170883
      170886
      171357
      171854
      172346
      172817
      172824
      172834
      173805
      173809
      173814
      173815
      173816
