          49
       19416
       19905
       20392
       20393
       20880
       20881
       21368
       21369
       21842
       21857
       22330
       22336
       22337
       22345
       22346
       22825
       22826
       22834
       22835
       23314
       23315
       23323
       23802
       23803
       23812
       24283
       24300
       24301
       24302
       24303
       24304
       24306
       24789
       24792
       24793
       25277
       25281
       25282
       25765
       26742
       26743
       27231
       27722
       28695
       28701
       30657
       32120
       33100
       33593
