         425
      218614
      219106
      219108
      219593
      219594
      219595
      219596
      219597
      219598
      220078
      220079
      220080
      220083
      220084
      220085
      220086
      220087
      220088
      220089
      220566
      220568
      220569
      220570
      220572
      220573
      220574
      220575
      220576
      220577
      220578
      220579
      221056
      221058
      221060
      221061
      221062
      221063
      221064
      221065
      221066
      221067
      221068
      221071
      221542
      221543
      221544
      221547
      221548
      221549
      221550
      221551
      221552
      221553
      221554
      221555
      221556
      221557
      221558
      221560
      221561
      222030
      222031
      222035
      222036
      222037
      222039
      222040
      222041
      222042
      222043
      222044
      222045
      222046
      222520
      222521
      222523
      222524
      222525
      222526
      222528
      222529
      222530
      222531
      222532
      222533
      222534
      222535
      222537
      223009
      223010
      223011
      223014
      223016
      223017
      223018
      223019
      223020
      223021
      223022
      223023
      223024
      223026
      223498
      223499
      223500
      223501
      223502
      223503
      223504
      223505
      223506
      223507
      223508
      223509
      223510
      223511
      223512
      223513
      223514
      223518
      223987
      223988
      223989
      223990
      223991
      223992
      223993
      223994
      223995
      223996
      223997
      223998
      223999
      224000
      224001
      224002
      224473
      224476
      224477
      224478
      224479
      224480
      224481
      224482
      224483
      224484
      224485
      224486
      224487
      224488
      224489
      224490
      224491
      224493
      224495
      224965
      224966
      224967
      224968
      224969
      224970
      224971
      224972
      224973
      224974
      224975
      224976
      224977
      224978
      224979
      224980
      224981
      224982
      225454
      225455
      225456
      225457
      225458
      225459
      225460
      225461
      225462
      225463
      225464
      225465
      225466
      225467
      225468
      225469
      225470
      225471
      225943
      225944
      225945
      225946
      225947
      225948
      225949
      225950
      225951
      225952
      225953
      225954
      225955
      225956
      225957
      225958
      225960
      226431
      226432
      226433
      226434
      226435
      226436
      226437
      226438
      226439
      226440
      226441
      226442
      226443
      226444
      226445
      226446
      226447
      226449
      226920
      226921
      226922
      226923
      226924
      226925
      226926
      226927
      226928
      226929
      226930
      226931
      226932
      226933
      226934
      226935
      226936
      227410
      227411
      227412
      227413
      227414
      227415
      227416
      227417
      227418
      227419
      227420
      227421
      227422
      227423
      227424
      227425
      227426
      227428
      227899
      227900
      227901
      227902
      227903
      227904
      227905
      227906
      227907
      227908
      227909
      227910
      227911
      227912
      227913
      227914
      228388
      228389
      228390
      228391
      228392
      228393
      228394
      228395
      228396
      228397
      228398
      228399
      228400
      228401
      228402
      228403
      228877
      228878
      228879
      228880
      228881
      228882
      228883
      228884
      228885
      228886
      228887
      228888
      228889
      228890
      228891
      228892
      229366
      229367
      229368
      229369
      229370
      229371
      229372
      229373
      229374
      229375
      229376
      229377
      229378
      229379
      229380
      229381
      229855
      229856
      229857
      229858
      229859
      229860
      229861
      229862
      229863
      229864
      229865
      229866
      229867
      229868
      229869
      229870
      229871
      229872
      230344
      230345
      230346
      230347
      230348
      230349
      230350
      230351
      230352
      230353
      230354
      230355
      230356
      230357
      230358
      230359
      230360
      230833
      230834
      230835
      230836
      230837
      230838
      230839
      230840
      230841
      230842
      230843
      230844
      230845
      230846
      230847
      230848
      231322
      231323
      231324
      231325
      231326
      231327
      231328
      231329
      231330
      231331
      231332
      231333
      231334
      231335
      231336
      231337
      231811
      231812
      231813
      231814
      231815
      231816
      231817
      231818
      231819
      231820
      231821
      231822
      231823
      231824
      231825
      231826
      232299
      232300
      232301
      232302
      232303
      232304
      232305
      232306
      232307
      232308
      232309
      232310
      232311
      232312
      232313
      232314
      232315
