          44
       59407
       60880
       62831
       62833
       63320
       63322
       64302
       64788
       66254
       66739
       66742
       66743
       66744
       67227
       67228
       67229
       67230
       67231
       67232
       67233
       67235
       67715
       67716
       67717
       67718
       67719
       67720
       67721
       67722
       68199
       68204
       68205
       68206
       68207
       68208
       68209
       68687
       68697
       69176
       69187
       69665
       70644
       70654
       71134
