         522
      169915
      169918
      169919
      169922
      169923
      171876
      171877
      171878
      171879
      171880
      171881
      171882
      171883
      171884
      171885
      173337
      173338
      173339
      161176
      161657
      161658
      161663
      161664
      161665
      161666
      161667
      161668
      161669
      161670
      161671
      162144
      162145
      162146
      162151
      162152
      162153
      162154
      162155
      162156
      162157
      162158
      162160
      162632
      162633
      162634
      162639
      162640
      162641
      162642
      162643
      162644
      162646
      162647
      163120
      163121
      163126
      163127
      163128
      163129
      163130
      163131
      163132
      163133
      163134
      163135
      163137
      163607
      163608
      163609
      163610
      163615
      163616
      163617
      163618
      163619
      163620
      163621
      163622
      163623
      163625
      163626
      164094
      164095
      164096
      164097
      164098
      164103
      164104
      164105
      164106
      164107
      164108
      164109
      164110
      164111
      164112
      164114
      164582
      164583
      164584
      164585
      164590
      164591
      164592
      164593
      164594
      164595
      164596
      164597
      164598
      164599
      164600
      164601
      164602
      165069
      165070
      165071
      165073
      165078
      165079
      165080
      165081
      165082
      165083
      165084
      165085
      165086
      165087
      165088
      165089
      165090
      165091
      165557
      165558
      165559
      165560
      165561
      165566
      165567
      165568
      165569
      165570
      165571
      165572
      165573
      165574
      165575
      165576
      165577
      165578
      166044
      166045
      166046
      166047
      166048
      166054
      166055
      166056
      166057
      166058
      166059
      166060
      166061
      166062
      166063
      166064
      166065
      166066
      166071
      166532
      166533
      166534
      166535
      166536
      166541
      166542
      166543
      166544
      166545
      166546
      166547
      166548
      166549
      166550
      166551
      166552
      166553
      166554
      166559
      167019
      167020
      167021
      167023
      167029
      167030
      167031
      167032
      167033
      167034
      167035
      167036
      167037
      167038
      167039
      167040
      167041
      167042
      167046
      167047
      167507
      167508
      167509
      167510
      167511
      167516
      167517
      167519
      167520
      167521
      167522
      167523
      167524
      167525
      167526
      167527
      167528
      167529
      167530
      167531
      167532
      167535
      167536
      167542
      167994
      167995
      167996
      167997
      167998
      167999
      168004
      168005
      168006
      168007
      168008
      168009
      168010
      168011
      168012
      168013
      168014
      168015
      168016
      168017
      168018
      168019
      168020
      168021
      168022
      168023
      168024
      168029
      168030
      168031
      168480
      168481
      168482
      168483
      168484
      168485
      168486
      168487
      168493
      168494
      168496
      168497
      168498
      168499
      168500
      168501
      168502
      168503
      168504
      168505
      168509
      168510
      168511
      168512
      168513
      168518
      168519
      168520
      168521
      168523
      168965
      168966
      168967
      168968
      168969
      168970
      168971
      168972
      168973
      168974
      168975
      168982
      168983
      168984
      168985
      168986
      168987
      168988
      168989
      168990
      168991
      168992
      168995
      168996
      168997
      168999
      169000
      169001
      169006
      169007
      169008
      169010
      169011
      169012
      169449
      169450
      169451
      169452
      169453
      169454
      169455
      169456
      169457
      169458
      169459
      169460
      169461
      169462
      169469
      169470
      169471
      169472
      169473
      169474
      169475
      169476
      169478
      169479
      169484
      169485
      169486
      169487
      169488
      169489
      169490
      169496
      169497
      169498
      169499
      169938
      169939
      169940
      169941
      169942
      169943
      169944
      169945
      169946
      169947
      169948
      169949
      169957
      169958
      169959
      169960
      169961
      169962
      169963
      169964
      169965
      169966
      169971
      169972
      169973
      169974
      169975
      169976
      169977
      169983
      169984
      169987
      169988
      170424
      170425
      170426
      170427
      170428
      170429
      170430
      170431
      170432
      170433
      170434
      170435
      170436
      170444
      170445
      170446
      170447
      170448
      170449
      170451
      170452
      170453
      170459
      170461
      170462
      170463
      170464
      170465
      170466
      170471
      170472
      170473
      170474
      170475
      170476
      170913
      170914
      170915
      170916
      170917
      170918
      170919
      170920
      170921
      170922
      170932
      170933
      170934
      170935
      170936
      170937
      170938
      170939
      170940
      170947
      170948
      170949
      170950
      170951
      170952
      170958
      170959
      170960
      170961
      170962
      170963
      171398
      171399
      171400
      171401
      171402
      171403
      171404
      171405
      171406
      171407
      171418
      171419
      171420
      171421
      171422
      171423
      171424
      171425
      171428
      171434
      171435
      171437
      171438
      171448
      171449
      171450
      171886
      171887
      171888
      171906
      171907
      171909
      171910
      171911
      171912
      171922
      171923
      171925
      171934
      171935
      171936
      171937
      172393
      172394
      172395
      172396
      172397
      172398
      172421
      172422
      172423
      172424
      172880
      172881
      172882
      172883
      172884
      172908
      172909
      172910
      173369
