         148
       11423
       11908
       11909
       11910
       12387
       12388
       12392
       12393
       12394
       12395
       12397
       12412
       12414
       12877
       12878
       12879
       12880
       12881
       12882
       12883
       12884
       12885
       12886
       12896
       12897
       12898
       12899
       13367
       13368
       13369
       13372
       13373
       13374
       13375
       13380
       13381
       13382
       13383
       13384
       13385
       13386
       13387
       13389
       13401
       13862
       13863
       13869
       13870
       13871
       13872
       13873
       13874
       13875
       13876
       13878
       14360
       14361
       14362
       14363
       14364
       14365
       14848
       14849
       14850
       14851
       14857
       15336
       15337
       15338
       15339
       15347
       15824
       15825
       15826
       15827
       15836
       16306
       16307
       16308
       16795
       16796
       16797
       16814
       17284
       17285
       17286
       17287
       17290
       17291
       17773
       17774
       17775
       17776
       17777
       17778
       17779
       17780
       17792
       18262
       18263
       18264
       18265
       18266
       18267
       18268
       18751
       18752
       18753
       18754
       18755
       18756
       19240
       19241
       19242
       19243
       19244
       19245
       19729
       19730
       19731
       19732
       19733
       19734
       20218
       20219
       20220
       20221
       20222
       20223
       20226
       20707
       20708
       20709
       20710
       20711
       20712
       20713
       21203
       21204
       21693
       21694
       21695
       22185
       22186
       22187
       22188
       22679
       22681
