          51
       14126
       16081
       16566
       16567
       16568
       16569
       17056
       17057
       17058
       17544
       17545
       17546
       17547
       18033
       18034
       18035
       18036
       18522
       18523
       19003
       19010
       19011
       19015
       19498
       19499
       19504
       19987
       20470
       20476
       20956
       20959
       20965
       21454
       21932
       21937
       21938
       21942
       21943
       22427
       22428
       22430
       22431
       22917
       22919
       22920
       23406
       23407
       23408
       23894
       23895
       26831
