          84
       65342
       65343
       65834
       66315
       66317
       66319
       66322
       66323
       66329
       66801
       66803
       66807
       66811
       66817
       67296
       67298
       67300
       67302
       67305
       67306
       67781
       67784
       67786
       67793
       67803
       68259
       68263
       68268
       68279
       68287
       68754
       68755
       68756
       68774
       68776
       69254
       69257
       69258
       69264
       69268
       69744
       69747
       70237
       70245
       70726
       71217
       71219
       71221
       71225
       71227
       71709
       72198
       72686
       72688
       72692
       72694
       73171
       73173
       73177
       73184
       73661
       73662
       73664
       73668
       73671
       74147
       74152
       74153
       74156
       74160
       74162
       74643
       75134
       75139
       75619
       75623
       75628
       75629
       76113
       76603
       76606
       76607
       77096
       77579
