         456
      221465
      221466
      221467
      221469
      221954
      221955
      221956
      221957
      222443
      222444
      222445
      222446
      222931
      222932
      222933
      222934
      222935
      222936
      222937
      222938
      222939
      222940
      223419
      223420
      223421
      223423
      223424
      223425
      223426
      223427
      223428
      223430
      223908
      223909
      223910
      223911
      223912
      223913
      223914
      223915
      223916
      223917
      223918
      223919
      224397
      224398
      224399
      224400
      224401
      224402
      224403
      224404
      224405
      224406
      224407
      224408
      224881
      224886
      224887
      224888
      224889
      224890
      224891
      224892
      224893
      224894
      224895
      224896
      224897
      225366
      225367
      225368
      225369
      225370
      225375
      225376
      225377
      225378
      225379
      225380
      225381
      225382
      225383
      225384
      225385
      225386
      225855
      225856
      225857
      225858
      225859
      225864
      225865
      225866
      225867
      225868
      225869
      225870
      225871
      225872
      225873
      225874
      225875
      226342
      226343
      226344
      226345
      226346
      226347
      226348
      226352
      226353
      226354
      226355
      226356
      226357
      226358
      226359
      226360
      226361
      226362
      226363
      226364
      226831
      226832
      226833
      226834
      226835
      226836
      226837
      226838
      226841
      226842
      226843
      226844
      226845
      226846
      226847
      226848
      226849
      226850
      226851
      226852
      226853
      227320
      227321
      227322
      227323
      227324
      227325
      227326
      227327
      227330
      227331
      227332
      227333
      227334
      227335
      227336
      227337
      227338
      227339
      227340
      227341
      227342
      227808
      227809
      227810
      227811
      227812
      227813
      227814
      227815
      227816
      227817
      227818
      227819
      227820
      227821
      227822
      227823
      227824
      227825
      227826
      227827
      227828
      227829
      227830
      227831
      227832
      228293
      228297
      228298
      228299
      228300
      228301
      228302
      228303
      228304
      228305
      228306
      228307
      228308
      228309
      228310
      228311
      228312
      228313
      228314
      228315
      228316
      228317
      228318
      228319
      228320
      228321
      228782
      228786
      228787
      228788
      228789
      228790
      228791
      228792
      228793
      228794
      228795
      228796
      228797
      228798
      228799
      228800
      228801
      228802
      228803
      228804
      228805
      228806
      228807
      228808
      228809
      228810
      228811
      229271
      229275
      229276
      229277
      229278
      229279
      229280
      229281
      229282
      229283
      229284
      229285
      229286
      229287
      229288
      229289
      229290
      229291
      229292
      229293
      229294
      229295
      229296
      229297
      229298
      229299
      229300
      229760
      229764
      229765
      229766
      229767
      229768
      229769
      229770
      229771
      229772
      229773
      229774
      229775
      229776
      229777
      229778
      229779
      229780
      229781
      229782
      229783
      229784
      229785
      229786
      229787
      229788
      229789
      230253
      230254
      230255
      230256
      230257
      230258
      230259
      230260
      230261
      230262
      230263
      230264
      230265
      230266
      230267
      230268
      230269
      230270
      230271
      230272
      230273
      230274
      230275
      230276
      230277
      230278
      230742
      230743
      230744
      230745
      230746
      230747
      230748
      230749
      230750
      230751
      230752
      230753
      230754
      230755
      230756
      230757
      230758
      230759
      230760
      230761
      230762
      230763
      230764
      230765
      230766
      230767
      231231
      231232
      231233
      231234
      231235
      231236
      231237
      231238
      231239
      231240
      231241
      231242
      231243
      231244
      231245
      231246
      231247
      231248
      231249
      231250
      231251
      231252
      231253
      231254
      231255
      231256
      231719
      231720
      231721
      231722
      231723
      231724
      231725
      231726
      231727
      231728
      231729
      231730
      231731
      231732
      231733
      231734
      231735
      231736
      231737
      231738
      231739
      231740
      231741
      231742
      231743
      231744
      231745
      232208
      232209
      232210
      232211
      232212
      232213
      232214
      232215
      232216
      232217
      232218
      232219
      232220
      232221
      232222
      232223
      232224
      232225
      232226
      232227
      232228
      232229
      232230
      232231
      232232
      232233
      232234
      232697
      232698
      232699
      232700
      232701
      232702
      232703
      232704
      232705
      232706
      232707
      232708
      232709
      232710
      232711
      232712
      232713
      232714
      232715
      232716
      232717
      232718
      232719
      232720
      232721
      232722
      232723
