          81
      153258
      155699
      155702
      156184
      157158
      157161
      157165
      157179
      157643
      157644
      157645
      157646
      157647
      158131
      158132
      158133
      158134
      158135
      158136
      158140
      158153
      158155
      158605
      158619
      158620
      158622
      158624
      158628
      159105
      159106
      159110
      159112
      159116
      159128
      159130
      159598
      159599
      159601
      159616
      159617
      160079
      160083
      160089
      160105
      160567
      160575
      160576
      160580
      160593
      161063
      161064
      161068
      161080
      161081
      161547
      161554
      161555
      161556
      161568
      161569
      162033
      162043
      162044
      162056
      162058
      162523
      162530
      162531
      162532
      162544
      162546
      163019
      163021
      164485
      164496
      164497
      164989
      165478
      165942
      165967
      166442
