         414
      126360
      126849
      127337
      127826
      127832
      127833
      127834
      128314
      128315
      128316
      128319
      128320
      128321
      128802
      128803
      128804
      128805
      128806
      128807
      128808
      129291
      129292
      129293
      129294
      129295
      129296
      129780
      129781
      130269
      130270
      130758
      130759
      131246
      131247
      131248
      131735
      131736
      131737
      132223
      132224
      132225
      132226
      132712
      132713
      132714
      132715
      133201
      133202
      133203
      133204
      133687
      133688
      133689
      133690
      133691
      133692
      133693
      133694
      134176
      134177
      134178
      134179
      134180
      134181
      134182
      134183
      134184
      134665
      134666
      134667
      134668
      134669
      134670
      134671
      134672
      134673
      134674
      134675
      135154
      135155
      135156
      135157
      135158
      135159
      135160
      135161
      135162
      135163
      135164
      135643
      135644
      135645
      135646
      135647
      135648
      135649
      135650
      135651
      136131
      136132
      136133
      136134
      136135
      136136
      136137
      136138
      136139
      136620
      136621
      136622
      136623
      136624
      136625
      136626
      136627
      137108
      137109
      137110
      137111
      137112
      137113
      137114
      137115
      137116
      137597
      137598
      137599
      137600
      137601
      137602
      137603
      138086
      138087
      138088
      138089
      138090
      138091
      138092
      138575
      138576
      138577
      138578
      138579
      138580
      138581
      138582
      139064
      139065
      139066
      139067
      139068
      139069
      139070
      139071
      139553
      139554
      139555
      139556
      139557
      139558
      139559
      139560
      140042
      140043
      140044
      140045
      140046
      140047
      140048
      140049
      140531
      140532
      140533
      140534
      140535
      140536
      141020
      141021
      141022
      141023
      141024
      141508
      141509
      141510
      141511
      141997
      141998
      141999
      142000
      142001
      142487
      142488
      142489
      142490
      142976
      142977
      142978
      142979
      143464
      143465
      143466
      143467
      143468
      143953
      143954
      143955
      143956
      143957
      144442
      144443
      144444
      144445
      144446
      144931
      144932
      144933
      144934
      144935
      145420
      145421
      145422
      145423
      145909
      145910
      145911
      145912
      146398
      146399
      146400
      146887
      146888
      146889
      147376
      147377
      147378
      147865
      147866
      147867
      148354
      148355
      148843
      148844
      149335
      149824
      140537
      141025
      141026
      141512
      141514
      141515
      142003
      142004
      142005
      142491
      142492
      142493
      142494
      142495
      142980
      142981
      142982
      142983
      142984
      142985
      143469
      143470
      143471
      143472
      143473
      143474
      143958
      143959
      143960
      143961
      144447
      144448
      144449
      144450
      144936
      144937
      144938
      144954
      145425
      145426
      145427
      145442
      145914
      145915
      145916
      145931
      146403
      146404
      146405
      146419
      146892
      146893
      146894
      146895
      146896
      146907
      147381
      147382
      147383
      147384
      147385
      147386
      147395
      147870
      147871
      147872
      147873
      147874
      147875
      147883
      147884
      148359
      148360
      148361
      148362
      148363
      148364
      148371
      148372
      148848
      148849
      148850
      148851
      148852
      148853
      148854
      148859
      148860
      149338
      149339
      149340
      149341
      149342
      149343
      149344
      149346
      149347
      149827
      149828
      149829
      149830
      149831
      149832
      149833
      149834
      149835
      149836
      150316
      150317
      150318
      150319
      150320
      150321
      150322
      150323
      150324
      150325
      150326
      150805
      150806
      150807
      150808
      150809
      150810
      150811
      150812
      150813
      150814
      150815
      150816
      151294
      151295
      151296
      151297
      151298
      151299
      151300
      151301
      151302
      151303
      151304
      151305
      151783
      151784
      151785
      151786
      151787
      151788
      151789
      151791
      152273
      152274
      152275
      152276
      152277
      152762
      152764
      152765
      152766
      153249
      153740
      153741
      153742
      154226
      154228
      154229
      154711
      154713
      156189
      157157
