          82
      188812
      189300
      190278
      190759
      190760
      190766
      190767
      191247
      191249
      191250
      191251
      191733
      191737
      191738
      191739
      191740
      191744
      191747
      192221
      192223
      192225
      192227
      192228
      192229
      192710
      192713
      192716
      192717
      192718
      192721
      193199
      193207
      193209
      193686
      193687
      193688
      193689
      194174
      194176
      194177
      194182
      194664
      194671
      194673
      194674
      194675
      195151
      195161
      195162
      195169
      195641
      195650
      195651
      195657
      195658
      196129
      196137
      196138
      196139
      196140
      196146
      196617
      196626
      196627
      196628
      196635
      197115
      197116
      197123
      197124
      197604
      197605
      197612
      197613
      198101
      198590
      199078
      199079
      199558
      199567
      199568
      200056
