         110
        7946
        8426
        9895
       10873
       11359
       11363
       11851
       12333
       12336
       12339
       12827
       12828
       14298
         641
        1617
        2108
        2596
        3081
        3566
        4533
        4534
        4535
        4536
        4537
        4538
        5024
        5025
        5026
        5509
        5537
        6000
        6001
        6025
        6484
        6487
        6512
        6972
        6979
        6980
        6998
        7459
        7462
        7465
        7485
        7949
        7952
        7973
        8436
        8437
        8438
        8439
        8924
        8925
        8926
        8927
        8928
        9413
        9414
        9434
        9919
        9920
        9921
       10406
       10894
       10917
       11380
       11381
       11868
       12839
       12840
       12841
       12842
       13328
       13329
       13821
       14304
        8916
        9899
        9901
       10874
       10875
       11360
       11361
       11362
       11365
       11840
       11847
       11848
       11852
       11853
       11854
       12332
       12337
       12338
       12343
       13321
       13801
        8425
        9405
        9896
        9898
       10385
       10387
       10388
       10389
       10876
       11368
       11855
       12833
       13315
