          50
      203566
      204072
      204546
      204561
      205035
      205051
      205522
      205536
      205539
      205540
      206009
      206024
      206027
      206515
      206518
      206983
      206999
      207001
      207002
      207003
      207006
      207487
      207490
      207494
      207496
      207956
      207972
      207974
      208443
      208463
      208464
      209435
      209923
      210899
      210903
      211387
      211390
      211391
      212364
      213341
      213830
      214318
      214319
      214325
      214814
      215295
      216760
      217249
      217252
      217260
