          73
       38443
       38444
       38931
       38932
       38933
       38934
       38935
       39423
       39424
       39425
       39426
       39905
       39906
       39907
       39908
       39909
       39910
       39914
       39915
       39916
       40391
       40392
       40393
       40395
       40396
       40399
       40400
       40401
       40402
       40406
       40407
       40879
       40880
       40881
       40882
       40883
       40884
       40885
       40886
       40887
       40888
       40889
       40890
       40891
       40892
       40893
       41372
       41374
       41375
       41376
       41377
       41378
       41379
       41380
       41382
       41383
       41865
       41866
       41867
       41868
       41869
       41870
       41871
       41872
       41873
       41874
       41875
       41883
       42362
       42363
       42364
       42365
       42366
