          69
       28538
       29025
       29502
       29503
       29504
       29507
       29508
       29510
       29989
       31960
       31961
       32448
       32449
       32451
       32452
       32453
       32454
       32455
       32456
       32457
       32458
       32463
       32464
       32465
       32466
       32467
       32468
       32936
       32937
       32938
       32939
       32940
       32941
       32942
       32943
       32944
       32945
       32946
       32947
       32956
       32957
       32958
       32959
       32960
       33424
       33425
       33426
       33443
       33444
       33445
       33446
       33447
       33454
       33455
       33912
       33917
       33920
       34413
       34414
       34902
       35885
       36373
       36844
       39782
       39783
       40769
       40772
       41261
       42237
