          85
       31184
       32161
       33153
       33627
       33642
       34131
       34604
       34619
       34620
       35095
       35107
       35108
       35109
       35584
       35589
       35590
       35596
       35597
       35598
       36077
       36078
       36079
       36085
       36086
       36087
       36566
       36567
       36568
       36573
       36574
       36575
       37056
       37057
       37061
       37063
       37064
       37545
       37550
       37552
       38034
       38037
       38038
       38040
       38041
       38523
       38525
       38526
       38528
       38529
       39011
       39012
       39013
       39014
       39015
       39017
       39500
       39501
       39502
       39503
       39504
       39506
       39988
       39989
       39990
       39991
       39992
       40476
       40477
       40478
       40479
       40480
       40481
       40965
       40966
       40967
       40968
       40969
       40970
       41454
       41455
       41456
       41457
       41458
       41943
       41944
