         102
      214029
      214518
      214520
      215008
      215009
      215492
      215493
      215494
      215497
      215980
      215981
      215985
      216467
      216468
      216469
      216470
      216473
      216474
      216956
      216957
      216958
      216959
      216960
      216961
      216962
      217444
      217445
      217446
      217447
      217448
      217449
      217450
      217932
      217933
      217934
      217935
      217936
      217937
      217938
      217939
      218421
      218422
      218423
      218424
      218425
      218426
      218427
      218909
      218910
      218911
      218912
      218913
      218914
      218915
      219398
      219399
      219400
      219401
      219402
      219403
      219404
      219886
      219887
      219888
      219889
      219890
      219891
      220373
      220374
      220375
      220376
      220377
      220378
      220379
      220380
      220861
      220862
      220867
      220868
      220869
      221349
      221350
      221351
      221355
      221356
      221357
      221838
      221839
      221840
      221843
      221844
      221845
      221846
      222326
      222327
      222328
      222329
      222332
      222333
      222334
      222813
      222814
