          60
      118355
      119331
      119813
      119815
      120790
      123730
      124702
      124704
      124705
      125188
      125189
      125190
      125199
      125200
      125205
      125675
      125678
      125685
      125694
      126163
      126164
      126165
      126166
      126169
      126170
      126178
      126182
      126652
      126653
      126657
      126670
      127144
      127149
      127150
      127151
      127152
      127157
      127159
      127632
      127646
      128119
      128138
      128140
      128616
      128617
      128627
      129099
      129118
      129594
      130084
      130085
      130086
      130092
      130575
      130576
      131063
      131066
      131550
      132041
      133987
