          67
         129
         130
         131
         132
         133
         134
         135
         136
         141
         142
         143
         144
         617
         619
         620
         621
         622
         623
         624
         625
         631
        1108
        1109
        1110
        1111
        1112
        1592
        1593
        1594
        1595
        1597
        1598
        1599
        1600
        1601
        2082
        2083
        2084
        2085
        2086
        2087
        2088
        2089
        2090
        2570
        2571
        2572
        2573
        2574
        2575
        2576
        2577
        3058
        3059
        3060
        3061
        3062
        3063
        3064
        3065
        3549
        3550
        3551
        3552
        3553
        4040
        4041
