          45
      133860
      134349
      134838
      135327
      135816
      136305
      136794
      137283
      137771
      137772
      138260
      138261
      138749
      138750
      139238
      139239
      139727
      139728
      140216
      140217
      140705
      140706
      141194
      141195
      141683
      141684
      142172
      142173
      142661
      142662
      143150
      143151
      143639
      143640
      144128
      144129
      144617
      144618
      145106
      145107
      145595
      146572
      147060
      148526
      149015
