         263
       51160
       51161
       51162
       51163
       51164
       51165
       51648
       51649
       51650
       51651
       51652
       51653
       51654
       51655
       51656
       51657
       51658
       52137
       52138
       52140
       52141
       52142
       52143
       52144
       52145
       52146
       52147
       52148
       52149
       52150
       52151
       52152
       52628
       52629
       52630
       52631
       52632
       52633
       52634
       52635
       52636
       52637
       52638
       52639
       52640
       52641
       52642
       52643
       52644
       52645
       53121
       53122
       53123
       53125
       53126
       53127
       53128
       53129
       53130
       53131
       53132
       53133
       53134
       53135
       53136
       53137
       53138
       53139
       53609
       53610
       53612
       53613
       53614
       53615
       53616
       53617
       53618
       53619
       53620
       53621
       53622
       53623
       53624
       53625
       53626
       53627
       53628
       53629
       53630
       54099
       54100
       54101
       54103
       54104
       54105
       54106
       54107
       54108
       54109
       54110
       54111
       54112
       54113
       54114
       54115
       54116
       54117
       54118
       54119
       54120
       54588
       54589
       54590
       54591
       54592
       54593
       54594
       54595
       54596
       54597
       54598
       54599
       54600
       54601
       54602
       54603
       54604
       54605
       54606
       54607
       54608
       54609
       54610
       54611
       55079
       55080
       55081
       55082
       55083
       55084
       55085
       55086
       55087
       55088
       55089
       55090
       55091
       55092
       55093
       55094
       55095
       55096
       55097
       55098
       55099
       55100
       55571
       55572
       55574
       55575
       55576
       55577
       55578
       55579
       55580
       55581
       55582
       55583
       55584
       55585
       55586
       55587
       55588
       55589
       55590
       56061
       56062
       56063
       56065
       56066
       56067
       56068
       56069
       56070
       56071
       56072
       56073
       56075
       56076
       56077
       56078
       56079
       56554
       56557
       56558
       56562
       56563
       56564
       56565
       56566
       56567
       57044
       57045
       57046
       57047
       57048
       57049
       57050
       57051
       57053
       57519
       57537
       57538
       58008
       58009
       58497
       58498
       58499
       58500
       58984
       58987
       58988
       58989
       58990
       58992
       59475
       59476
       59477
       59478
       59479
       59480
       59481
       59482
       59964
       59965
       59966
       59967
       59968
       59969
       59970
       59971
       59973
       60453
       60454
       60455
       60456
       60457
       60458
       60459
       60461
       60943
       60944
       60945
       60946
       60947
       60948
       60949
       61434
       61435
       61436
       61437
       61925
       61926
