          87
       28544
       28545
       29519
       30004
       30005
       30491
       30974
       30975
       30976
       30977
       30978
       30979
       30980
       31456
       31458
       31459
       31941
       31942
       34890
       34891
       34892
       34893
       34894
       34895
       35373
       35385
       35386
       35860
       35861
       35874
       35875
       36355
       36356
       36362
       36363
       36364
       41740
       41741
       42229
       42230
       42232
       42720
       43206
       46621
       46626
       46133
       47109
       47114
       48574
       50039
       29032
       29518
       30003
       30488
       30489
       30490
       30969
       30970
       30971
       30972
       30973
       31455
       31457
       31460
       31940
       31943
       32421
       34887
       34888
       34889
       34896
       34897
       35372
       35387
       35859
       35876
       36365
       39767
       41251
       41252
       41739
       41745
       42718
       42719
       43693
       45157
       45645
