          92
      129583
      130546
      131035
      131048
      131524
      133496
      133978
      134459
      134946
      134948
      135434
      135443
      135449
      135923
      137393
      138367
      138370
      138379
      138856
      138858
      138860
      139344
      139345
      139347
      139833
      139834
      139836
      140323
      140325
      139837
      140812
      141301
      141304
      141792
      142281
      142768
      142770
      143259
      143743
      130057
      131523
      132012
      132013
      132501
      132502
      132503
      132990
      132991
      132992
      133478
      133479
      133480
      133490
      133968
      133969
      134456
      134457
      134458
      134466
      134945
      135926
      136411
      136412
      136900
      136901
      136903
      137389
      137390
      137392
      137402
      137878
      137880
      137881
      138366
      138369
      138371
      138855
      140326
      142277
      145706
      146185
      146195
      146684
      147651
      149617
      149618
      150095
      150106
      150107
      150595
      150596
      151085
