         145
      168163
      168164
      168165
      168166
      168167
      168652
      168654
      168655
      168656
      168657
      169141
      169142
      169145
      169146
      169147
      169631
      169634
      169635
      169636
      170120
      170121
      170122
      170123
      170124
      170125
      170609
      170610
      170611
      170612
      170613
      170614
      170615
      170617
      171098
      171099
      171100
      171101
      171102
      171103
      171104
      171106
      171587
      171588
      171589
      171590
      171591
      171592
      171593
      171594
      171595
      171596
      172077
      172078
      172079
      172080
      172081
      172082
      172083
      172084
      172085
      172087
      172567
      172568
      172569
      172570
      172571
      172572
      172573
      172574
      172575
      172576
      173055
      173056
      173057
      173058
      173059
      173060
      173061
      173064
      173065
      173544
      173545
      173546
      173547
      173549
      173550
      173551
      173552
      173553
      173554
      174033
      174034
      174036
      174038
      174039
      174040
      174041
      174042
      174523
      174524
      174525
      174526
      174527
      174528
      174530
      174531
      175012
      175013
      175014
      175015
      175016
      175017
      175019
      175020
      175502
      175503
      175504
      175505
      175506
      175507
      175508
      175509
      175991
      175992
      175993
      175994
      175995
      175996
      175997
      176480
      176481
      176482
      176484
      176485
      176486
      176969
      176970
      176973
      176974
      177460
      177461
      177462
      177948
      177949
      178437
