        4475
      183620
      183621
      184107
      184108
      184109
      184110
      184593
      184594
      184595
      184596
      184597
      184598
      184599
      185081
      185082
      185083
      185084
      185085
      185086
      185087
      185088
      185568
      185569
      185570
      185571
      185572
      185573
      185574
      185575
      185576
      185577
      186056
      186057
      186058
      186059
      186060
      186061
      186062
      186063
      186064
      186065
      186066
      186543
      186544
      186545
      186546
      186547
      186548
      186549
      186550
      186551
      186552
      186553
      186554
      186555
      187031
      187032
      187033
      187034
      187035
      187036
      187037
      187038
      187039
      187040
      187041
      187042
      187043
      187044
      176307
      176308
      176309
      176310
      176795
      176796
      176797
      176798
      176799
      177283
      177284
      177285
      177286
      177287
      177291
      177772
      177773
      177774
      178260
      178261
      178262
      178271
      178748
      178749
      178750
      178751
      178754
      178756
      179236
      179237
      179238
      179239
      179243
      179245
      179724
      179725
      179726
      179729
      179730
      179731
      179732
      179733
      180211
      180212
      180213
      180214
      180215
      180217
      180218
      180219
      180220
      180221
      180222
      180697
      180698
      180699
      180700
      180701
      180702
      180705
      180706
      180707
      180708
      180709
      180710
      181184
      181185
      181186
      181187
      181188
      181189
      181190
      181191
      181192
      181193
      181194
      181195
      181196
      181197
      181672
      181673
      181674
      181675
      181676
      181677
      181678
      181679
      181680
      181681
      181682
      181683
      181684
      182159
      182160
      182161
      182162
      182163
      182164
      182165
      182166
      182167
      182168
      182169
      182170
      182171
      182646
      182647
      182648
      182649
      182650
      182651
      182652
      182653
      182654
      182655
      182656
      182657
      182658
      182672
      183133
      183134
      183135
      183136
      183137
      183138
      183139
      183140
      183141
      183143
      183144
      183145
      183159
      183622
      183623
      183624
      183625
      183626
      183627
      183628
      183630
      183631
      183632
      183633
      183644
      183647
      184111
      184112
      184113
      184114
      184115
      184119
      184120
      184121
      184133
      184600
      184601
      184602
      184603
      184604
      184605
      184606
      184607
      184608
      184620
      185089
      185090
      185091
      185092
      185093
      185094
      185095
      185096
      185108
      185109
      185578
      185579
      185580
      185583
      185595
      185596
      185597
      186067
      186068
      186070
      186071
      186082
      186083
      186084
      186085
      186086
      186556
      186559
      186560
      186570
      186571
      186572
      186573
      186574
      186575
      186576
      187045
      187047
      187057
      187058
      187059
      187060
      187061
      187062
      187063
      187064
      187522
      187523
      187527
      187533
      188021
      188493
      188507
      188508
      188995
      188996
      189484
      189486
      189488
      190467
      191931
      191933
      191934
      192416
      192418
      192419
      192905
      192907
      193394
      193884
      199269
      187520
      187521
      187524
      187525
      187526
      187528
      187529
      187530
      187531
      187532
      188007
      188008
      188009
      188010
      188011
      188012
      188013
      188014
      188015
      188016
      188017
      188018
      188019
      188020
      188494
      188495
      188496
      188497
      188498
      188499
      188500
      188501
      188502
      188503
      188504
      188505
      188506
      188509
      188981
      188982
      188983
      188984
      188985
      188986
      188987
      188988
      188989
      188990
      188991
      188992
      188993
      188994
      188997
      188999
      189468
      189469
      189470
      189471
      189472
      189473
      189474
      189475
      189476
      189477
      189478
      189479
      189480
      189481
      189482
      189483
      189485
      189956
      189957
      189958
      189959
      189960
      189961
      189962
      189963
      189964
      189965
      189966
      189967
      189968
      189969
      189970
      189971
      189972
      189973
      189974
      190445
      190446
      190447
      190448
      190449
      190450
      190451
      190452
      190453
      190454
      190455
      190456
      190457
      190458
      190459
      190460
      190461
      190462
      190465
      190933
      190934
      190935
      190936
      190937
      190938
      190939
      190940
      190941
      190942
      190943
      190944
      190945
      190946
      190947
      190948
      190949
      190950
      190951
      190953
      190955
      190956
      191421
      191422
      191423
      191424
      191425
      191426
      191427
      191428
      191429
      191430
      191431
      191432
      191433
      191434
      191435
      191436
      191437
      191438
      191439
      191442
      191444
      191445
      191908
      191909
      191910
      191911
      191912
      191913
      191914
      191915
      191916
      191917
      191918
      191919
      191920
      191921
      191922
      191923
      191924
      191925
      191926
      191927
      191928
      191930
      191932
      192396
      192397
      192398
      192399
      192400
      192401
      192402
      192403
      192404
      192405
      192406
      192407
      192408
      192409
      192410
      192411
      192412
      192413
      192414
      192415
      192420
      192421
      192422
      192423
      192885
      192886
      192887
      192888
      192889
      192890
      192891
      192892
      192893
      192894
      192895
      192896
      192897
      192898
      192899
      192900
      192901
      192902
      192903
      192904
      192908
      192909
      192910
      192911
      192912
      193375
      193376
      193377
      193378
      193379
      193380
      193381
      193382
      193383
      193384
      193385
      193386
      193387
      193388
      193389
      193390
      193391
      193392
      193393
      193396
      193397
      193398
      193399
      193400
      193401
      193865
      193866
      193867
      193868
      193869
      193870
      193871
      193872
      193873
      193874
      193875
      193876
      193877
      193878
      193879
      193880
      193881
      193882
      193883
      193885
      193886
      193887
      193888
      193889
      193890
      194354
      194355
      194356
      194357
      194358
      194359
      194360
      194361
      194362
      194363
      194364
      194365
      194366
      194367
      194368
      194369
      194370
      194371
      194372
      194373
      194374
      194375
      194376
      194377
      194378
      194379
      194844
      194845
      194846
      194847
      194848
      194849
      194850
      194851
      194852
      194853
      194854
      194855
      194856
      194857
      194858
      194859
      194860
      194861
      194862
      194863
      194864
      194865
      194866
      194867
      194868
      195334
      195335
      195336
      195337
      195338
      195339
      195340
      195341
      195342
      195343
      195344
      195345
      195346
      195347
      195348
      195349
      195350
      195351
      195352
      195353
      195354
      195355
      195356
      195357
      195823
      195824
      195825
      195826
      195827
      195828
      195829
      195830
      195831
      195832
      195833
      195834
      195835
      195836
      195837
      195838
      195839
      195840
      195841
      195842
      195843
      195844
      195845
      195846
      196313
      196314
      196315
      196316
      196317
      196318
      196319
      196320
      196321
      196322
      196323
      196324
      196325
      196326
      196327
      196328
      196329
      196330
      196331
      196332
      196333
      196334
      196335
      196802
      196803
      196804
      196805
      196806
      196807
      196808
      196809
      196810
      196811
      196812
      196813
      196814
      196815
      196816
      196817
      196818
      196819
      196820
      196821
      196822
      196823
      196824
      197292
      197293
      197294
      197295
      197296
      197297
      197298
      197299
      197300
      197301
      197302
      197303
      197304
      197305
      197306
      197307
      197308
      197309
      197310
      197311
      197312
      197313
      197781
      197782
      197783
      197784
      197785
      197786
      197787
      197788
      197789
      197790
      197791
      197792
      197793
      197794
      197795
      197796
      197797
      197798
      197799
      197800
      197801
      197802
      198271
      198272
      198273
      198274
      198275
      198276
      198277
      198278
      198279
      198280
      198281
      198282
      198283
      198284
      198285
      198286
      198287
      198288
      198289
      198290
      198291
      198760
      198761
      198762
      198763
      198764
      198765
      198766
      198767
      198768
      198769
      198770
      198771
      198772
      198773
      198774
      198775
      198776
      198777
      198778
      198779
      198780
      199249
      199250
      199251
      199252
      199253
      199254
      199255
      199256
      199257
      199258
      199259
      199260
      199261
      199262
      199263
      199264
      199265
      199266
      199267
      199268
      199739
      199740
      199741
      199742
      199743
      199744
      199745
      199746
      199747
      199748
      199749
      199750
      199751
      199752
      199754
      199755
      199756
      199757
      200228
      200229
      200230
      200231
      200232
      200233
      200234
      200235
      200236
      200237
      200238
      200239
      200240
      200241
      200242
      200243
      200244
      200245
      200719
      200720
      200721
      200722
      200723
      200724
      200725
      200726
      200727
      200728
      200729
      200730
      200731
      200732
      200733
      200734
      201207
      201208
      201209
      201210
      201211
      201212
      201213
      201214
      201215
      201216
      201217
      201218
      201219
      201220
      201221
      201222
      201223
      201696
      201697
      201698
      201699
      201700
      201701
      201702
      201703
      201704
      201705
      201706
      201707
      201708
      201709
      201710
      201711
      201712
      201713
      202186
      202187
      202188
      202189
      202190
      202191
      202192
      202193
      202194
      202195
      202196
      202197
      202198
      202199
      202200
      202201
      202202
      202203
      202675
      202676
      202677
      202678
      202679
      202680
      202681
      202682
      202683
      202684
      202685
      202686
      202687
      202688
      202689
      202690
      202691
      202692
      203164
      203165
      203166
      203167
      203168
      203169
      203170
      203171
      203172
      203173
      203174
      203175
      203176
      203177
      203178
      203179
      203180
      203181
      203654
      203655
      203656
      203657
      203658
      203659
      203660
      203661
      203662
      203663
      203664
      203665
      203666
      203668
      203669
      203670
      204145
      204146
      204147
      204148
      204149
      204150
      204151
      204152
      204153
      204154
      204155
      204156
      204159
      204637
      204638
      204639
      204640
      204641
      204644
      204645
      204648
      205130
      205131
      205132
      205133
      205134
      205135
      205136
      205618
      205619
      205621
      189979
      189980
      189981
      189982
      190468
      190470
      190471
      190472
      190473
      190474
      190958
      190959
      190960
      190961
      190962
      190963
      191447
      191448
      191449
      191450
      191451
      191452
      191935
      191937
      191938
      191939
      191940
      191941
      191942
      192424
      192425
      192426
      192427
      192428
      192429
      192430
      192431
      192432
      192913
      192914
      192915
      192916
      192917
      192918
      192919
      192920
      192921
      192922
      193402
      193403
      193404
      193405
      193406
      193407
      193408
      193409
      193410
      193411
      193891
      193892
      193893
      193894
      193895
      193896
      193897
      193898
      193899
      193900
      194380
      194381
      194382
      194383
      194384
      194385
      194386
      194387
      194388
      194389
      194390
      194869
      194870
      194871
      194872
      194873
      194874
      194875
      194876
      194877
      194878
      194879
      195358
      195359
      195360
      195361
      195362
      195363
      195364
      195365
      195366
      195367
      195368
      195847
      195848
      195849
      195850
      195851
      195852
      195853
      195854
      195855
      195856
      195857
      196336
      196337
      196338
      196339
      196340
      196341
      196342
      196343
      196344
      196345
      196346
      196825
      196826
      196827
      196828
      196829
      196830
      196831
      196832
      196833
      197314
      197315
      197316
      197317
      197319
      197320
      197803
      197804
      197805
      198292
      198293
      198294
      198781
      198782
      188521
      188522
      189009
      189010
      189011
      189012
      189497
      189498
      189499
      189500
      189501
      189983
      189984
      189985
      189986
      189987
      189988
      189989
      189990
      189991
      190475
      190476
      190477
      190478
      190479
      190480
      190965
      190966
      190967
      190968
      190969
      190970
      191453
      191454
      191455
      191456
      191457
      191458
      191459
      191943
      191944
      191945
      191946
      191947
      191948
      191949
      192433
      192434
      192435
      192436
      192437
      192438
      192923
      192924
      192925
      192926
      192927
      192928
      193412
      193413
      193414
      193415
      193416
      193417
      193902
      193903
      193906
      193907
      194391
      194392
      194393
      194394
      194395
      194880
      194881
      194882
      194883
      195369
      195370
      187535
      187540
      188024
      188520
      189008
      189491
      189492
      189493
      189494
      189495
      189496
      190469
      190964
      186577
      186578
      186579
      186580
      186581
      186582
      186583
      186584
      186585
      186586
      186587
      186588
      186589
      186590
      186591
      187065
      187066
      187067
      187068
      187069
      187070
      187071
      187072
      187073
      187074
      187075
      187076
      187077
      187078
      187549
      187550
      187551
      187552
      187553
      187554
      187555
      187556
      187557
      187558
      187559
      187560
      187561
      187562
      187563
      187564
      187565
      188040
      188041
      188042
      188043
      188044
      188045
      188046
      188047
      188048
      188049
      188050
      188051
      188052
      188053
      188054
      188530
      188531
      188532
      188533
      188534
      188535
      188536
      188537
      188538
      188539
      188540
      188541
      188542
      189020
      189021
      189022
      189023
      189024
      189025
      189026
      189027
      189028
      189029
      189030
      189031
      189032
      189509
      189510
      189511
      189512
      189513
      189514
      189515
      189516
      189517
      189518
      189519
      189997
      189998
      189999
      190000
      190001
      190002
      190003
      190005
      190006
      190486
      190488
      190489
      190490
      190491
      190492
      190493
      190494
      190977
      190978
      190979
      190980
      190981
      190982
      191466
      191467
      191468
      191469
      191953
      191956
      191957
      192442
      192445
      193419
      187545
      187546
      187547
      187548
      188033
      188034
      188035
      188036
      188037
      188038
      188039
      188523
      188524
      188525
      188526
      188527
      188528
      188529
      189013
      189014
      189015
      189016
      189017
      189018
      189019
      189502
      189503
      189504
      189505
      189506
      189507
      189508
      189992
      189993
      189994
      189995
      189996
      190481
      190482
      190483
      190484
      190485
      190487
      190971
      190972
      190973
      190974
      190975
      190976
      191460
      191461
      191462
      191463
      191464
      191465
      191950
      191951
      191952
      191954
      191955
      192440
      192441
      192443
      192444
      192929
      192930
      192931
      192932
      193418
      193420
      193904
      193908
      192933
      193421
      193913
      194397
      194888
      196352
      196834
      197318
      197321
      197807
      197808
      197809
      197817
      198295
      198305
      199770
      201224
      201714
      201722
      201724
      202205
      202213
      202695
      202696
      202697
      202204
      202210
      202693
      202694
      202698
      202699
      202700
      203182
      203183
      203184
      203185
      203186
      203187
      203188
      203190
      203671
      203672
      203673
      203674
      203675
      203676
      203677
      203678
      203680
      204158
      204160
      204161
      204162
      204163
      204164
      204165
      204166
      204167
      204168
      204647
      204649
      204650
      204651
      204652
      204653
      204654
      204655
      204656
      204657
      205137
      205138
      205139
      205140
      205141
      205142
      205143
      205144
      205145
      205146
      205147
      205625
      205626
      205627
      205628
      205629
      205630
      205631
      205632
      205633
      205634
      205635
      205636
      205637
      206114
      206115
      206116
      206117
      206118
      206119
      206120
      206121
      206122
      206123
      206124
      206125
      206126
      206603
      206604
      206605
      206606
      206607
      206608
      206609
      206610
      206611
      206612
      206613
      206614
      206615
      206616
      207092
      207093
      207094
      207095
      207096
      207097
      207098
      207099
      207100
      207101
      207102
      207103
      207104
      207105
      207581
      207582
      207583
      207584
      207585
      207586
      207587
      207588
      207589
      207590
      207591
      207592
      207593
      207594
      207595
      208070
      208071
      208072
      208073
      208074
      208075
      208076
      208077
      208078
      208079
      208080
      208081
      208082
      208083
      208084
      208559
      208560
      208561
      208562
      208563
      208564
      208565
      208566
      208567
      208568
      208569
      208570
      208571
      208572
      208573
      208574
      209048
      209049
      209050
      209051
      209052
      209053
      209054
      209055
      209056
      209057
      209058
      209059
      209060
      209061
      209062
      209063
      209064
      209537
      209538
      209539
      209540
      209541
      209542
      209543
      209544
      209545
      209546
      209547
      209548
      209549
      209550
      209551
      209552
      209553
      210026
      210027
      210028
      210029
      210030
      210031
      210032
      210033
      210034
      210035
      210036
      210037
      210038
      210039
      210040
      210041
      210515
      210516
      210517
      210518
      210519
      210520
      210521
      210522
      210523
      210524
      210525
      210526
      210527
      210528
      210529
      210531
      210532
      211004
      211005
      211006
      211007
      211008
      211009
      211010
      211011
      211012
      211013
      211014
      211015
      211018
      211019
      211020
      211021
      211493
      211494
      211495
      211496
      211497
      211498
      211499
      211500
      211501
      211502
      211503
      211504
      211505
      211506
      211507
      211982
      211983
      211984
      211985
      211986
      211987
      211989
      211990
      211991
      211992
      212471
      212472
      212473
      212474
      212475
      212960
      212961
      212962
      212963
      213449
      213450
      213451
      174862
      174863
      174866
      174867
      175343
      175344
      175345
      175346
      175347
      175348
      175349
      175350
      175352
      175353
      175354
      175355
      175356
      175829
      175830
      175831
      175832
      175833
      175834
      175835
      175836
      175837
      175838
      175839
      175840
      175841
      175842
      175845
      176311
      176316
      176317
      176318
      176319
      176320
      176321
      176322
      176323
      176324
      176325
      176326
      176327
      176328
      176329
      176330
      176331
      176332
      176333
      176334
      176804
      176805
      176806
      176807
      176808
      176809
      176810
      176811
      176812
      176813
      176814
      176815
      176816
      176817
      176818
      176819
      177292
      177293
      177296
      177297
      177298
      177299
      177300
      177301
      177302
      177303
      177304
      177305
      177306
      177779
      177781
      177782
      177783
      177784
      177785
      177786
      177788
      177789
      177790
      177791
      177799
      177800
      177801
      178268
      178269
      178270
      178272
      178273
      178274
      178275
      178276
      178277
      178278
      178285
      178286
      178287
      178288
      178289
      178290
      178757
      178758
      178759
      178760
      178761
      178762
      178763
      178764
      178765
      178771
      178772
      178773
      178774
      178775
      178776
      178777
      178778
      178779
      179244
      179246
      179247
      179248
      179249
      179250
      179258
      179259
      179260
      179263
      179264
      179265
      179266
      179267
      179268
      179734
      179736
      179744
      179745
      179746
      179747
      179748
      179749
      179750
      179751
      179752
      179753
      179754
      179755
      179756
      179757
      180224
      180232
      180235
      180236
      180237
      180238
      180239
      180240
      180241
      180242
      180243
      180244
      180245
      180246
      180721
      180724
      180725
      180726
      180727
      180728
      180729
      180730
      180731
      180732
      180733
      180734
      180735
      180736
      181211
      181212
      181213
      181214
      181215
      181216
      181217
      181218
      181219
      181220
      181221
      181222
      181223
      181224
      181225
      181698
      181699
      181700
      181701
      181702
      181703
      181704
      181705
      181706
      181707
      181708
      181709
      181710
      181711
      181712
      181713
      181714
      181715
      182185
      182186
      182187
      182188
      182189
      182190
      182191
      182192
      182193
      182194
      182195
      182196
      182197
      182198
      182199
      182200
      182201
      182202
      182203
      182204
      182673
      182674
      182675
      182676
      182677
      182678
      182679
      182680
      182681
      182682
      182683
      182684
      182685
      182686
      182687
      182688
      182689
      182690
      182691
      182692
      182693
      183158
      183160
      183161
      183162
      183163
      183164
      183165
      183166
      183167
      183168
      183169
      183170
      183171
      183172
      183173
      183174
      183175
      183176
      183177
      183178
      183179
      183180
      183181
      183182
      183645
      183646
      183648
      183649
      183650
      183651
      183652
      183653
      183654
      183655
      183656
      183657
      183658
      183659
      183660
      183661
      183662
      183663
      183664
      183665
      183666
      183667
      183668
      183669
      183670
      183671
      183672
      184134
      184135
      184136
      184137
      184138
      184139
      184140
      184141
      184142
      184143
      184144
      184145
      184146
      184147
      184148
      184149
      184150
      184151
      184152
      184153
      184154
      184155
      184156
      184157
      184158
      184159
      184160
      184621
      184622
      184623
      184624
      184625
      184626
      184627
      184628
      184629
      184630
      184631
      184632
      184633
      184634
      184635
      184636
      184637
      184638
      184639
      184640
      184641
      184642
      184643
      184644
      184645
      185110
      185111
      185112
      185113
      185114
      185115
      185116
      185117
      185118
      185119
      185120
      185121
      185122
      185123
      185124
      185125
      185126
      185127
      185128
      185129
      185130
      185598
      185599
      185600
      185601
      185602
      185603
      185604
      185605
      185606
      185607
      185608
      185609
      185610
      185611
      185612
      185613
      185614
      185615
      185616
      185617
      186087
      186088
      186089
      186090
      186091
      186092
      186093
      186094
      186095
      186096
      186097
      186098
      186099
      186100
      186101
      186102
      186103
      186104
      186592
      187079
      200735
      201225
      205617
      207088
      209523
      209535
      210023
      210511
      210512
      211000
      211488
      212465
      212941
      213441
      213939
      214425
      214426
      214907
      215395
      215396
      215397
      215398
      215884
      215887
      216373
      216374
      216860
      216861
      216862
      217840
      217841
      218324
      219301
      219304
      222739
      224202
      224690
      225667
      199753
      203162
      204144
      204635
      205127
      205128
      205129
      205598
      205620
      206089
      206112
      207070
      207089
      207579
      208054
      208543
      208544
      209034
      210007
      210010
      210499
      210987
      212452
      212940
      212959
      213442
      213445
      213930
      213938
      214421
      214892
      214908
      214909
      214910
      215399
      215400
      215401
      215888
      215889
      216375
      216376
      216863
      216864
      217352
      217837
      218326
      218327
      203667
      204157
      204642
      204643
      204646
      205622
      205623
      205624
      206108
      206109
      206110
      206111
      206113
      206598
      206599
      206600
      206601
      206602
      207090
      207091
      207580
      208069
      208558
      209047
      209536
      210024
      210025
      210513
      210514
      211001
      211002
      211003
      211489
      211490
      211491
      211492
      211977
      211978
      211979
      211980
      211981
      212466
      212467
      212468
      212469
      212470
      212954
      212955
      212956
      212957
      212958
      213443
      213444
      213446
      213447
      213448
      213931
      213932
      213933
      213934
      213935
      213936
      213937
      214419
      214420
      214422
      214423
      214424
      214911
      214912
      217349
      217350
      217351
      217838
      217839
      187566
      188543
      189033
      189520
      190004
      190007
      190516
      191488
      191489
      191494
      191958
      191974
      192461
      192946
      192947
      193434
      193915
      193920
      193924
      193925
      193926
      194400
      194402
      194891
      194892
      194897
      194898
      194899
      194910
      195383
      195384
      195392
      195393
      197323
      197810
      198298
      198785
      199271
      200745
      202206
      202207
      202208
      196347
      196835
      198786
      199273
      199281
      201229
      201716
      201717
      201718
      201721
      207643
      207644
      207653
      207658
      210050
      210057
      210628
      211022
      211023
      211509
      211994
      212093
      212094
      212102
      212476
      212584
      212966
      212967
      212968
      213075
      213452
      213454
      213567
      213571
      214061
      214429
      214542
      214543
      214549
      215032
      215038
      215522
      215523
      215527
      215528
      216010
      216012
      216013
      216018
      216499
      216501
      216502
      216507
      216990
      216991
      216992
      216996
      217479
      217480
      217481
      217968
      217969
      218457
      218458
      218856
      218857
      218946
      218947
      219333
      219334
      219335
      219336
      219339
      219340
      219341
      219344
      219345
      219346
      219350
      219352
      219435
      219436
      219820
      219821
      219822
      219824
      219826
      219827
      219829
      219845
      219924
      219925
      219929
      219930
      220304
      220305
      220306
      220307
      220308
      220312
      220314
      220316
      220335
      220337
      220338
      220413
      220414
      220418
      220419
      220791
      220793
      220798
      220799
      220828
      220829
      220831
      220832
      220902
      220903
      220907
      221279
      221280
      221282
      221321
      221323
      221324
      221325
      221391
      221392
      221393
      221396
      221763
      221768
      221769
      221814
      221815
      221816
      221817
      221880
      221882
      221885
      221886
      222251
      222253
      222255
      222257
      222306
      222307
      222308
      222310
      222311
      222312
      222371
      222374
      222375
      222800
      222803
      222860
      223292
      223293
      223294
      223784
      223785
      223786
      223841
      224274
      224276
      224277
      224330
      224764
      224767
      225256
      225257
      225258
      225307
      225746
      225747
      225751
      225752
      225793
      225796
      225797
      226231
      226232
      226233
      226234
      226236
      226238
      226239
      226240
      226241
      226242
      226243
      226282
      226286
      226727
      226728
      226729
      226730
      226731
      226732
      226733
      226771
      227210
      227211
      227214
      227215
      227217
      227218
      227219
      227220
      227221
      227222
      227260
      227707
      227708
      227709
      227710
      227711
      227749
      228196
      228198
      228199
      228200
      228201
      228238
      228688
      228689
      228690
      228691
      228727
      228730
      229174
      229178
      229179
      229180
      229181
      229216
      229218
      229219
      229663
      229666
      229668
      229669
      229671
      229705
      229707
      229708
      230154
      230155
      230158
      230159
      230194
      230196
      230640
      230643
      230644
      230648
      230649
      230650
      230683
      230685
      231133
      231134
      231136
      231138
      231172
      231174
      231627
      231628
      231629
      231632
      231638
      231639
      231640
      231641
      231662
      231664
      232118
      232128
      232151
      232604
      232607
      232608
      232640
      208088
      208089
      208584
      209065
      209066
      209067
      209068
      209559
      209560
      209561
      209562
      210042
      210043
      210044
      210530
      211016
      211017
      211508
      211988
      211993
      206259
      206748
      209193
      209682
      210171
      211637
      214569
      218968
      214571
      215060
      216017
      216506
      216995
      217484
      217973
      218462
      218951
      219440
      231183
      231184
      231673
      232161
      232649
      232650
      232651
      200394
      200883
      201372
      206261
      206750
      207239
      207728
      208217
      208706
      209195
      209684
      212129
      213106
      213572
      213595
      213626
      213627
      213628
      213630
      213631
      213632
      213634
      214083
      214084
      214114
      214124
      214570
      214601
      214602
      214608
      214609
      214612
      214613
      215040
      215089
      215098
      215101
      215103
      215530
      215548
      215549
      215550
      215552
      215553
      215554
      215555
      215562
      215564
      215565
      215569
      215578
      215587
      215592
      216037
      216041
      216526
      216530
      216571
      216576
      217060
      217064
      217065
      217110
      217111
      217485
      217502
      217505
      217550
      217553
      217554
      217599
      217600
      217992
      217994
      217997
      218039
      218042
      218043
      218044
      218054
      218055
      218482
      218483
      218486
      218529
      218530
      218531
      218532
      218533
      218534
      218543
      218544
      218952
      218971
      218974
      219018
      219019
      219020
      219021
      219022
      219023
      219032
      219033
      219067
      219441
      219458
      219460
      219461
      219463
      219464
      219508
      219509
      219510
      219511
      219512
      219521
      219522
      219523
      219556
      219947
      219950
      219998
      219999
      220000
      220001
      220007
      220008
      220009
      220015
      220016
      220018
      220045
      220435
      220489
      220490
      220492
      220493
      220494
      220495
      220496
      220499
      220501
      220504
      220505
      220507
      220534
      220908
      220989
      220996
      220997
      221413
      221479
      221481
      221484
      221485
      221486
      221487
      221901
      221903
      221904
      221968
      221970
      221973
      222389
      222390
      222392
      222393
      222466
      222878
      222879
      222947
      222949
      222955
      223367
      223436
      223438
      223441
      223855
      223926
      223927
      223928
      223929
      223930
      223931
      223932
      223933
      223934
      223935
      224342
      224344
      224346
      224382
      224425
      224819
      224831
      224832
      224835
      224871
      224872
      224873
      224914
      225321
      225360
      225361
      225362
      225403
      225404
      225849
      225850
      225851
      225893
      226298
      226299
      226338
      226339
      226340
      226377
      226382
      226383
      226384
      226385
      226386
      226387
      226388
      226389
      226390
      226785
      226791
      226827
      226828
      226829
      226872
      226873
      226874
      226875
      226876
      226877
      226878
      226879
      226880
      226881
      226882
      226883
      226884
      226885
      226886
      226887
      226888
      226889
      226890
      226891
      226892
      226893
      226894
      226895
      226896
      227314
      227316
      227317
      227318
      227385
      227762
      227763
      227767
      227768
      227805
      227806
      227807
      227844
      227845
      227874
      228256
      228257
      228294
      228295
      228296
      228330
      228332
      228333
      228334
      228363
      228746
      228783
      228784
      228785
      228819
      228820
      228821
      228822
      228823
      229230
      229272
      229273
      229274
      229308
      229309
      229310
      229311
      229312
      229717
      229718
      229723
      229757
      229761
      229762
      229763
      229797
      229798
      229799
      229800
      229801
      230207
      230245
      230246
      230249
      230250
      230251
      230252
      230286
      230287
      230288
      230289
      230290
      230696
      230697
      230734
      230735
      230736
      230737
      230738
      230739
      230740
      230741
      230775
      230776
      230777
      230778
      230779
      231182
      231185
      231186
      231223
      231224
      231225
      231226
      231227
      231228
      231229
      231230
      231264
      231265
      231266
      231267
      231672
      231710
      231711
      231712
      231713
      231714
      231715
      231716
      231717
      231718
      231754
      231774
      231775
      232159
      232199
      232200
      232201
      232202
      232203
      232204
      232205
      232206
      232207
      232263
      232264
      232688
      232689
      232690
      232691
      232692
      232693
      232694
      232695
      232696
      232752
      232753
      230694
      231671
      214917
      215892
      216381
      216869
      217356
      217844
      218820
      219308
      219794
      219795
      220282
      220283
      221258
      221746
      222234
      222250
      222723
      223212
      223701
      223710
      224190
      224679
      225168
      225657
      226147
      226636
      226643
      227125
      227130
      227615
      196480
      196969
      197458
      197947
      198436
      198925
      199414
      199903
      225319
      232648
      200247
      204140
      204141
      204627
      204629
      204633
      204634
      205115
      205117
      205119
      205604
      205605
      205606
      205608
      206095
      206096
      206585
      206586
      206589
      206593
      207080
      207081
      207570
      207572
      207573
      207576
      208058
      208059
      208549
      209038
      209527
      209533
      210016
      210017
      210504
      210506
      210510
      210992
      210995
      210998
      211478
      211480
      211481
      211484
      211485
      211966
      211967
      211968
      211971
      211972
      212454
      212455
      212457
      212458
      212459
      212460
      212461
      212942
      212944
      212946
      212948
      212949
      213433
      213435
      213437
      213918
      213919
      213922
      213923
      213926
      214408
      214409
      214410
      214411
      214414
      214415
      214897
      214898
      214899
      214900
      214903
      214905
      214915
      215385
      215386
      215389
      215390
      215404
      215405
      215406
      215869
      215880
      215881
      215882
      215890
      215893
      215894
      215895
      216357
      216362
      216368
      216369
      216383
      216857
      216871
      217357
      217359
      217834
      217845
      217846
      217847
      218322
      218330
      218332
      218334
      218818
      218822
      218828
      218829
      219299
      219306
      219309
      219310
      219313
      219317
      219318
      219788
      219792
      219796
      219798
      219802
      219804
      219805
      219807
      220278
      220280
      220284
      220285
      220287
      220288
      220295
      220296
      220770
      220772
      220773
      220776
      220777
      220783
      220784
      221259
      221265
      221266
      221270
      221273
      221747
      221748
      221754
      221755
      221759
      222235
      222242
      222243
      222244
      222245
      222246
      222727
      222730
      222731
      222732
      222733
      222736
      222737
      223213
      223214
      223215
      223216
      223219
      223220
      223221
      223706
      223711
      223712
      224191
      224196
      224680
      224686
      224689
      225169
      225175
      225177
      225658
      225659
      225662
      225664
      225665
      226148
      226149
      226150
      226151
      226152
      226153
      226154
      226637
      226638
      226639
      226640
      226641
      226642
      227126
      227127
      227128
      227129
      227131
      227616
      227618
      227619
      211608
      212591
      213081
      214058
      214059
      214060
      214547
      214548
      215036
      215037
      215525
      215526
      216014
      216016
      216503
      216505
      216994
      217482
      217483
      217971
      217972
      218460
      218461
      218949
      218950
      219438
      219439
      219927
      219928
      220416
      220417
      220905
      220906
      221394
      221395
      221883
      221884
      222373
      222862
      223349
      223351
      223838
      223840
      224327
      224329
      224816
      224818
      225305
      210141
      211121
      211613
      212104
      212587
      212589
      213078
      223842
      224331
      224820
      225309
      225798
      232154
      208170
      209635
      210126
      210136
      210137
      210610
      210618
      211104
      211105
      211106
      211111
      211112
      211587
      211596
      211600
      211601
      211602
      211603
      211607
      212086
      212090
      212575
      212592
      213065
      213066
      213555
      214044
      214533
      214534
      215021
      215022
      215023
      215510
      215511
      215512
      215514
      215515
      215997
      215998
      215999
      216000
      216001
      216002
      216003
      216486
      216487
      216488
      216489
      216490
      216491
      216492
      216975
      216976
      216977
      216978
      216979
      216980
      216981
      217463
      217464
      217465
      217466
      217467
      217468
      217469
      217470
      217951
      217952
      217953
      217954
      217955
      217956
      217957
      217958
      217959
      217970
      218439
      218440
      218441
      218442
      218443
      218444
      218445
      218446
      218447
      218459
      218927
      218928
      218929
      218930
      218931
      218932
      218933
      218934
      219416
      219417
      219418
      219419
      219420
      219421
      219422
      219904
      219905
      219906
      219907
      219913
      219926
      220395
      220415
      220904
      222863
      224815
      225304
      226285
      226774
      232638
      211605
      211606
      212092
      212101
      212581
      212582
      212583
      213074
      213082
      213563
      213564
      213568
      214052
      214053
      214057
      214540
      214541
      215029
      215030
      215031
      215035
      215039
      215518
      215519
      215520
      215524
      215529
      216006
      216007
      216008
      216009
      216011
      216495
      216496
      216497
      216498
      216500
      216984
      216985
      216986
      216987
      216988
      216989
      217473
      217474
      217475
      217476
      217477
      217478
      217962
      217963
      217964
      217965
      217966
      217967
      218450
      218451
      218452
      218453
      218454
      218455
      218456
      218939
      218940
      218941
      218942
      218943
      218944
      218945
      219427
      219428
      219429
      219430
      219431
      219432
      219434
      219914
      219915
      219916
      219917
      219918
      219919
      219920
      219921
      219922
      219923
      220403
      220404
      220405
      220406
      220407
      220408
      220409
      220410
      220411
      220412
      220892
      220893
      220894
      220895
      220896
      220897
      220898
      220899
      220900
      220901
      221380
      221381
      221382
      221383
      221384
      221385
      221386
      221387
      221388
      221389
      221390
      221868
      221869
      221870
      221871
      221872
      221873
      221874
      221875
      221876
      221877
      221878
      221879
      222357
      222358
      222359
      222360
      222361
      222362
      222363
      222364
      222365
      222366
      222367
      222368
      222370
      222845
      222846
      222847
      222848
      222849
      222850
      222851
      222852
      222853
      222854
      222855
      222856
      222857
      222859
      223333
      223334
      223335
      223336
      223337
      223338
      223339
      223340
      223341
      223342
      223343
      223344
      223823
      223824
      223825
      223826
      223827
      223828
      223829
      223830
      223831
      223832
      223833
      223835
      224313
      224314
      224315
      224316
      224317
      224318
      224319
      224320
      224321
      224322
      224324
      224802
      224803
      224804
      224805
      224806
      224807
      224808
      224809
      224810
      224811
      224813
      225293
      225294
      225295
      225296
      225297
      225298
      225299
      225300
      225302
      225782
      225783
      225784
      225785
      225786
      225787
      225788
      225789
      225791
      226273
      226274
      226275
      226276
      226277
      226278
      226280
      226765
      226766
      226767
      209647
      212095
      212100
      212585
      213079
      213565
      214054
      214544
      230197
      230686
      231175
      232153
      210052
      210538
      211024
      211997
      212483
      213456
      213457
      213942
      197813
      198302
      200248
      207628
      208111
      208596
      209567
      210539
      211998
      212485
      212971
      212972
      212973
      212974
      213459
      213944
      213945
      213946
      213947
      214431
      214432
      214439
      214918
      214919
      214920
      214921
      218843
      218844
      218845
      218846
      218847
      218848
      218849
      218854
      218855
      218858
      218859
      219331
      219332
      219337
      219338
      219353
      219808
      219812
      219813
      219815
      219816
      219818
      219819
      219823
      220299
      220787
      220788
      221277
      221762
      211512
      211999
      212486
      212487
      212488
      212489
      212490
      212975
      212976
      213460
      213461
      213462
      213463
      213464
      213465
      213948
      213949
      213956
      213957
      214433
      214434
      214435
      214436
      214437
      214438
      214440
      214441
      214442
      214922
      214923
      214924
      214925
      214926
      214927
      214928
      215407
      215408
      215409
      215413
      215414
      215419
      215420
      215421
      215422
      215423
      215896
      215897
      215898
      215899
      215900
      215901
      215902
      215903
      215904
      215905
      215906
      215907
      215908
      215909
      215910
      215911
      215912
      215913
      216384
      216385
      216386
      216387
      216388
      216389
      216390
      216391
      216392
      216393
      216394
      216395
      216396
      216397
      216398
      216399
      216400
      216401
      216402
      216403
      216404
      216872
      216873
      216874
      216875
      216876
      216877
      216878
      216879
      216880
      216881
      216882
      216883
      216884
      216885
      216886
      216887
      216888
      216889
      216890
      217361
      217362
      217363
      217364
      217365
      217366
      217367
      217368
      217369
      217370
      217371
      217372
      217373
      217374
      217375
      217376
      217377
      217378
      217379
      217850
      217851
      217852
      217853
      217854
      217855
      217856
      217857
      217858
      217859
      217860
      217861
      217862
      217863
      217864
      217865
      217866
      217867
      217868
      217870
      217871
      217872
      217873
      217874
      218339
      218340
      218341
      218342
      218343
      218344
      218345
      218346
      218347
      218348
      218349
      218350
      218351
      218352
      218353
      218354
      218355
      218356
      218357
      218358
      218359
      218360
      218361
      218362
      218363
      218830
      218831
      218832
      218833
      218834
      218835
      218836
      218837
      218838
      218839
      218840
      218841
      218842
      218850
      218851
      218852
      218853
      219319
      219320
      219321
      219322
      219323
      219324
      219325
      219326
      219327
      219328
      219329
      219330
      219806
      219809
      219810
      219811
      219814
      219817
      220297
      220300
      220301
      220302
      220303
      220785
      220786
      220789
      220790
      221274
      221276
      221278
      221900
      222387
      222864
      223353
      223364
      223853
      224830
      226296
      226775
      227264
      227753
      228242
      228731
      229220
      229709
      230198
      230205
      230687
      231176
      231665
      212614
      218479
      219941
      220434
      221899
      222875
      223362
      224341
      226287
      228739
      214575
      214576
      214577
      214584
      215062
      215068
      215069
      215070
      216036
      217974
      218463
      221412
      223352
      223854
      225808
      228251
      232160
      203646
      203647
      203648
      203650
      204137
      204138
      204139
      204624
      204628
      205607
      206094
      206102
      206587
      206588
      207077
      207568
      207569
      208548
      209045
      210013
      210015
      211477
      211479
      211969
      211975
      212456
      213434
      213440
      214417
      214894
      216370
      216382
      216844
      216845
      216870
      217331
      217333
      217346
      217358
      217360
      217818
      217820
      217821
      217842
      217848
      217849
      218305
      218309
      218310
      218333
      218335
      218336
      218337
      218338
      218792
      218811
      218821
      218823
      218824
      218825
      218826
      218827
      219280
      219281
      219282
      219311
      219312
      219314
      219315
      219316
      219768
      219769
      219797
      219799
      219800
      219801
      219803
      220256
      220279
      220286
      220289
      220290
      220291
      220292
      220293
      220294
      220744
      220771
      220774
      220775
      220778
      220779
      220780
      220781
      220782
      221260
      221261
      221262
      221263
      221264
      221267
      221268
      221269
      221271
      221272
      221749
      221750
      221751
      221752
      221753
      221756
      221757
      221758
      222207
      222236
      222237
      222238
      222239
      222240
      222241
      222248
      222249
      222695
      222724
      222725
      222726
      222728
      222729
      222734
      222735
      223217
      223218
      223222
      223223
      223224
      223702
      223703
      223704
      223705
      223707
      223708
      223709
      224192
      224193
      224194
      224195
      224197
      224198
      224199
      224200
      224643
      224681
      224682
      224683
      224684
      224685
      224687
      224688
      225170
      225171
      225172
      225173
      225174
      225176
      225660
      225661
      225663
      227617
      205709
      206187
      206670
      226776
      227265
      228732
      208652
      208663
      209144
      209154
      209634
      209646
      210122
      210123
      210125
      210613
      210617
      211103
      211107
      211108
      211109
      211110
      211119
      211586
      211597
      211598
      211599
      211604
      212087
      212088
      212089
      212091
      212576
      212577
      212578
      212579
      212580
      213067
      213068
      213069
      213070
      213071
      213072
      213073
      213556
      213557
      213558
      213559
      213560
      213561
      213562
      214045
      214046
      214047
      214048
      214049
      214050
      214051
      214535
      214536
      214537
      214538
      214539
      214546
      215024
      215025
      215026
      215027
      215028
      215513
      215516
      215517
      215521
      216004
      216005
      216493
      216494
      216982
      216983
      217471
      217472
      217960
      217961
      218448
      218449
      218936
      218937
      218938
      218948
      219425
      219426
      219433
      219437
      220891
      223348
      223837
      210170
      214080
      216524
      223355
      223850
      224829
      227758
      227760
      228243
      228249
      229226
      229711
      229714
      229716
      230200
      230203
      230693
      231177
      231179
      231180
      231668
      232157
      232158
      232643
      232647
      227754
      229221
      229710
      230199
      230688
      231666
      232155
      232644
      225799
      225800
      225802
      225803
      226288
      226289
      226290
      226291
      226292
      226293
      226294
      226777
      226778
      226779
      226780
      226781
      226782
      226783
      226784
      227266
      227267
      227268
      227269
      227270
      227271
      227272
      227273
      227755
      227756
      227757
      227759
      227761
      228244
      228245
      228246
      228247
      228248
      228250
      228733
      228734
      228735
      228736
      228737
      228738
      229222
      229223
      229224
      229225
      229227
      229712
      229713
      229715
      230201
      230202
      230204
      230689
      230690
      230691
      230692
      231178
      231181
      231667
      231669
      231670
      232156
      232645
      232646
