          73
      143568
      143569
      144049
      144050
      144051
      144053
      144054
      144055
      144056
      144057
      144538
      144539
      144540
      144541
      144542
      144543
      144544
      144545
      144546
      144547
      145027
      145028
      145029
      145030
      145516
      145517
      145518
      146002
      146493
      146494
      146495
      146496
      146982
      146983
      146984
      146985
      146986
      146987
      146988
      146989
      146990
      146991
      146992
      147470
      147471
      147472
      147473
      147474
      147475
      147476
      147477
      147478
      147479
      147480
      147481
      147959
      147960
      147961
      147962
      147963
      147964
      147965
      147966
      147967
      147968
      147969
      148454
      148455
      148456
      148457
      148458
      148459
      148460
