          59
      194085
      194086
      194087
      194574
      194575
      194576
      195063
      195064
      195065
      195552
      195553
      195554
      196041
      196042
      196043
      196529
      196530
      196531
      196532
      197018
      197019
      197020
      197021
      197508
      197509
      197996
      197997
      197998
      198484
      198485
      198486
      198487
      198973
      198974
      198975
      198976
      199462
      199463
      199464
      199465
      199466
      199951
      199952
      199953
      199954
      199955
      200442
      200443
      200444
      200930
      200932
      200933
      201418
      201419
      201906
      201907
      202395
      202884
      204351
