          52
      154715
      155192
      155680
      155698
      156169
      156171
      156658
      156669
      157143
      157144
      157630
      158115
      158141
      158604
      158606
      158616
      158617
      158621
      159095
      159104
      159592
      159604
      160077
      160078
      160084
      160086
      160087
      160092
      160569
      160571
      160572
      160591
      161053
      161065
      161066
      161079
      161550
      161570
      162040
      163032
      163035
      163510
      163520
      163992
      164008
      164012
      165459
      165463
      165479
      165968
      166459
      168392
