          79
       21415
       21925
       22392
       22902
       23865
       23866
       24346
       24347
       24353
       24354
       24367
       24835
       24842
       24843
       24844
       24852
       24853
       24854
       24855
       25331
       25332
       25333
       25334
       25342
       25343
       25819
       25820
       25821
       25822
       25823
       25824
       25827
       25828
       25831
       26300
       26307
       26308
       26310
       26311
       26312
       26313
       26314
       26315
       26795
       26796
       26799
       26800
       26801
       26802
       27284
       27288
       27289
       27290
       27765
       27773
       27777
       27778
       27779
       28262
       28263
       28264
       28265
       28751
       28752
       28753
       28754
       29241
       29242
       29243
       29731
       30220
       30708
       30709
       31197
       31198
       31685
       31686
       32175
       32664
