         223
       98649
      102560
      102561
      104515
      105495
      105984
      106470
      107940
      108426
      108429
      108917
      108918
      109402
      109406
      109407
      109895
      109896
      110380
      110382
      110869
      110871
      111358
      111360
      111847
      111849
      111861
      112336
      112337
      112338
      112350
      112825
      113314
      113328
      113803
      114291
      114305
      114779
      114780
      114792
      115268
      115756
      116258
      116747
      117711
      118201
      118690
      119177
      120156
      121619
      121622
      122596
      123087
      123575
      123576
      110395
      110404
      110887
      110893
      111373
      111377
      111863
      111864
      111865
      111866
      111868
      112356
      112357
      112358
      112361
      112842
      112847
      112851
      113337
      108447
      108935
      109917
      110398
      110399
      110884
      110888
      110890
      110894
      110897
      111374
      111375
      111379
      111380
      111381
      111867
      112351
      112352
      112353
      112355
      112359
      112360
      112362
      112839
      112841
      112843
      112849
      113329
      113338
      110383
      112826
      114304
      115769
      117231
      117235
      117720
      117721
      117724
      118199
      118210
      118211
      118213
      118688
      118699
      118700
      118702
      119179
      119188
      119189
      119191
      119666
      119677
      119678
      119680
      120153
      120154
      120166
      120167
      120168
      120169
      120643
      120655
      120656
      120657
      120658
      121132
      121144
      121145
      121146
      121621
      121633
      121634
      121635
      122109
      122113
      122121
      122122
      122123
      122124
      122598
      122602
      122610
      122611
      122612
      122613
      123090
      123099
      123100
      123101
      123102
      123573
      123574
      123588
      123589
      123590
      124063
      124065
      124077
      124078
      124079
      124552
      124553
      124554
      124558
      124566
      124568
      125039
      125044
      125047
      125055
      125057
      125528
      125533
      125544
      125545
      125546
      126017
      126034
      126523
      127012
      127483
      127495
      127496
      127501
      127984
      127985
      127986
      127987
      127988
      127989
      127990
      128473
      128474
      128475
      128476
      128477
      128478
      128479
      128961
      128964
      128965
      128966
      128967
      128968
      129450
      129454
      129455
      129943
      130922
      131412
