        5616
      132667
      132668
      132669
      132670
      132671
      133153
      133154
      133155
      133156
      133157
      133158
      133159
      133160
      133161
      133640
      133641
      133642
      133643
      133644
      133645
      133646
      133647
      133648
      133649
      133650
      133651
      134127
      134128
      134129
      134130
      134131
      134132
      134133
      134134
      134135
      134136
      134137
      134138
      134139
      134140
      134615
      134616
      134617
      134618
      134619
      134620
      134621
      134622
      134623
      134624
      134625
      134626
      134627
      134628
      134629
      134630
      135102
      135103
      135104
      135105
      135106
      135107
      135108
      135109
      135110
      135111
      135112
      135113
      135114
      135115
      135116
      135117
      135118
      135119
      135590
      135591
      135592
      135593
      135594
      135595
      135596
      135597
      135598
      135599
      135600
      135601
      135602
      135603
      135604
      135605
      135606
      135607
      135608
      135609
      136078
      136079
      136080
      136081
      136082
      136083
      136084
      136085
      136086
      136087
      136088
      136089
      136090
      136091
      136092
      136093
      136094
      136095
      136096
      136097
      136098
      136566
      136567
      136568
      136569
      136570
      136571
      136572
      136573
      136574
      136575
      136576
      136577
      136578
      136579
      136580
      136581
      136582
      136583
      136584
      136585
      136586
      136587
      137054
      137055
      137056
      137057
      137058
      137059
      137060
      137061
      137062
      137063
      137064
      137065
      137066
      137067
      137068
      137069
      137070
      137071
      137072
      137073
      137074
      137075
      137076
      137077
      137541
      137542
      137543
      137544
      137545
      137546
      137547
      137548
      137549
      137550
      137551
      137552
      137553
      137554
      137555
      137556
      137557
      137558
      137559
      137560
      137561
      137562
      137563
      137564
      137565
      137566
      138029
      138030
      138031
      138032
      138033
      138034
      138035
      138036
      138037
      138038
      138039
      138040
      138041
      138042
      138043
      138044
      138045
      138046
      138047
      138048
      138049
      138050
      138051
      138052
      138053
      138054
      138055
      138518
      138519
      138521
      138522
      138523
      138524
      138525
      138526
      138527
      138528
      138529
      138530
      138531
      138532
      138533
      138534
      138535
      138536
      138537
      138538
      138539
      138540
      138541
      138542
      138543
      138544
      138545
      139006
      139007
      139008
      139009
      139010
      139011
      139012
      139013
      139014
      139015
      139016
      139017
      139018
      139019
      139020
      139021
      139022
      139023
      139024
      139025
      139026
      139027
      139028
      139029
      139030
      139031
      139032
      139033
      139034
      139496
      139497
      139498
      139499
      139500
      139501
      139502
      139503
      139504
      139505
      139506
      139507
      139508
      139509
      139510
      139511
      139512
      139513
      139514
      139515
      139516
      139517
      139518
      139519
      139520
      139521
      139522
      139523
      139986
      139987
      139988
      139989
      139990
      139991
      139992
      139993
      139994
      139995
      139996
      139997
      139998
      139999
      140000
      140001
      140002
      140003
      140004
      140005
      140006
      140007
      140008
      140009
      140010
      140011
      140012
      140475
      140476
      140477
      140478
      140479
      140480
      140481
      140482
      140483
      140484
      140485
      140486
      140487
      140488
      140489
      140963
      140964
      140965
      140966
      140967
      140968
      140969
      140970
      140971
      140972
      140973
      140974
      140975
      140976
      140977
      141450
      141451
      141452
      141453
      141454
      141455
      141456
      141457
      141458
      141459
      141460
      141461
      141462
      141463
      141464
      141465
      141466
      141938
      141939
      141940
      141941
      141942
      141943
      141944
      141945
      141946
      141947
      141948
      141949
      141950
      141951
      141952
      141953
      141954
      141955
      142426
      142427
      142428
      142429
      142430
      142431
      142432
      142433
      142434
      142435
      142436
      142437
      142438
      142439
      142440
      142441
      142442
      142443
      142444
      142914
      142915
      142916
      142917
      142918
      142919
      142920
      142921
      142922
      142923
      142924
      142925
      142926
      142927
      142928
      142929
      142930
      142931
      142932
      142933
      143403
      143404
      143405
      143406
      143407
      143408
      143409
      143410
      143411
      143412
      143413
      143414
      143415
      143416
      143417
      143418
      143419
      143420
      143421
      143422
      143892
      143893
      143894
      143895
      143896
      143897
      143898
      143899
      143900
      143901
      143902
      143903
      143904
      143905
      143906
      143907
      143908
      143909
      143910
      143911
      144381
      144382
      144383
      144384
      144385
      144386
      144387
      144388
      144389
      144390
      144391
      144392
      144393
      144394
      144395
      144396
      144397
      144398
      144399
      144869
      144870
      144871
      144872
      144873
      144874
      144875
      144876
      144877
      144878
      144879
      144880
      144881
      144882
      144883
      144884
      144885
      144886
      144887
      144888
      145357
      145358
      145359
      145360
      145361
      145362
      145363
      145364
      145365
      145366
      145367
      145368
      145369
      145370
      145371
      145372
      145373
      145374
      145375
      145376
      145377
      145845
      145846
      145847
      145848
      145849
      145850
      145851
      145852
      145853
      145854
      145855
      145856
      145857
      145858
      145859
      145860
      145861
      145862
      145863
      145864
      145865
      145866
      146333
      146334
      146335
      146336
      146337
      146338
      146339
      146340
      146341
      146342
      146343
      146344
      146345
      146346
      146347
      146348
      146349
      146350
      146351
      146352
      146353
      146354
      146822
      146823
      146824
      146825
      146826
      146827
      146828
      146829
      146830
      146831
      146832
      146833
      146834
      146835
      146836
      146837
      146838
      146839
      146840
      146841
      146842
      146843
      147311
      147312
      147313
      147314
      147315
      147316
      147317
      147318
      147319
      147320
      147321
      147322
      147323
      147324
      147325
      147326
      147327
      147328
      147329
      147330
      147331
      147332
      147800
      147801
      147802
      147803
      147804
      147805
      147806
      147807
      147808
      147809
      147810
      147811
      147812
      147813
      147814
      147815
      147816
      147817
      147818
      147819
      147820
      148289
      148290
      148291
      148292
      148293
      148294
      148295
      148296
      148297
      148298
      148299
      148300
      148301
      148302
      148303
      148304
      148305
      148306
      148307
      148308
      148309
      148778
      148779
      148780
      148781
      148782
      148783
      148784
      148785
      148786
      148787
      148788
      148789
      148790
      148791
      148792
      148793
      148794
      148795
      148796
      148797
      148798
      149267
      149268
      149269
      149270
      149271
      149272
      149273
      149274
      149275
      149276
      149277
      149278
      149279
      149280
      149281
      149282
      149283
      149284
      149285
      149286
      149756
      149757
      149758
      149759
      149760
      149761
      149762
      149763
      149764
      149765
      149766
      149767
      149768
      149769
      149770
      149771
      149772
      149773
      149774
      149775
      150245
      150246
      150247
      150248
      150249
      150250
      150251
      150252
      150253
      150254
      150255
      150256
      150257
      150258
      150259
      150260
      150261
      150262
      150263
      150734
      150735
      150736
      150737
      150738
      150739
      150740
      150741
      150742
      150743
      150744
      150745
      150746
      150747
      150748
      150749
      150750
      150751
      150752
      151223
      151224
      151225
      151226
      151227
      151228
      151229
      151230
      151231
      151232
      151233
      151234
      151235
      151236
      151237
      151238
      151239
      151240
      151712
      151713
      151714
      151715
      151716
      151717
      151718
      151719
      151720
      151721
      151722
      151723
      151724
      151725
      151726
      151727
      151728
      151729
      152201
      152202
      152203
      152204
      152205
      152206
      152207
      152208
      152209
      152210
      152211
      152212
      152213
      152214
      152215
      152216
      152217
      152690
      152691
      152692
      152693
      152694
      152695
      152696
      152697
      152698
      152699
      152700
      152701
      152702
      152703
      152704
      152705
      153179
      153180
      153181
      153182
      153183
      153184
      153185
      153186
      153187
      153188
      153189
      153190
      153191
      153192
      153193
      153194
      153668
      153669
      153670
      153671
      153672
      153673
      153674
      153675
      153676
      153677
      153678
      153679
      153680
      153681
      153682
      154157
      154158
      154159
      154160
      154161
      154162
      154163
      154164
      154165
      154166
      154167
      154168
      154169
      154646
      154647
      154648
      154649
      154650
      154651
      154652
      154653
      154654
      155135
      155136
      155137
      155138
      140490
      140491
      140492
      140493
      140494
      140495
      140496
      140497
      140498
      140499
      140500
      140978
      140979
      140980
      140981
      140982
      140983
      140984
      140985
      140986
      140987
      140988
      140989
      141467
      141468
      141469
      141470
      141471
      141472
      141473
      141474
      141475
      141476
      141477
      141478
      141956
      141957
      141958
      141959
      141960
      141961
      141962
      141963
      141964
      141965
      141966
      141967
      142445
      142446
      142447
      142448
      142449
      142450
      142451
      142452
      142453
      142454
      142455
      142934
      142935
      142936
      142937
      142938
      142939
      142940
      142941
      142942
      142943
      142944
      143423
      143424
      143425
      143426
      143427
      143428
      143429
      143430
      143431
      143432
      143433
      143912
      143913
      143914
      143915
      143916
      143917
      143918
      143919
      143920
      143921
      143922
      144400
      144401
      144402
      144403
      144404
      144405
      144406
      144407
      144408
      144409
      144410
      144889
      144890
      144891
      144892
      144893
      144894
      144895
      144896
      144897
      144898
      144899
      145378
      145379
      145380
      145381
      145382
      145383
      145384
      145385
      145386
      145387
      145388
      145867
      145868
      145869
      145870
      145871
      145872
      145873
      145874
      145875
      145876
      146355
      146356
      146357
      146358
      146359
      146360
      146361
      146362
      146363
      146364
      146365
      146844
      146845
      146846
      146847
      146848
      146849
      146850
      146851
      146852
      146853
      147333
      147334
      147335
      147336
      147337
      147338
      147339
      147340
      147341
      147342
      147821
      147822
      147823
      147824
      147825
      147826
      147827
      147828
      147829
      147830
      148310
      148311
      148312
      148313
      148314
      148315
      148316
      148317
      148318
      148319
      148799
      148800
      148801
      148802
      148803
      148804
      148805
      148806
      148807
      149287
      149288
      149289
      149290
      149291
      149292
      149293
      149294
      149295
      149296
      149776
      149777
      149778
      149779
      149780
      149781
      149782
      149783
      149784
      150264
      150265
      150266
      150267
      150268
      150269
      150270
      150271
      150272
      150273
      150753
      150754
      150755
      150756
      150757
      150758
      150759
      150760
      150761
      151241
      151242
      151243
      151244
      151245
      151246
      151247
      151248
      151249
      151250
      151730
      151731
      151732
      151733
      151734
      151735
      151736
      151737
      151738
      152218
      152219
      152220
      152221
      152222
      152223
      152224
      152225
      152226
      152227
      152706
      152707
      152708
      152709
      152710
      152711
      152712
      152713
      152714
      152715
      153195
      153196
      153197
      153198
      153199
      153200
      153201
      153202
      153683
      139524
      139525
      139526
      139527
      139528
      139529
      139530
      139531
      139532
      139533
      139534
      139535
      139536
      139537
      140013
      140014
      140015
      140016
      140017
      140018
      140019
      140020
      140021
      140022
      140023
      140024
      140025
      140026
      140501
      140502
      140503
      140504
      140505
      140506
      140507
      140508
      140509
      140510
      140511
      140512
      140513
      140514
      140515
      140990
      140991
      140992
      140993
      140994
      140995
      140996
      140997
      140998
      140999
      141000
      141001
      141002
      141003
      141004
      141479
      141480
      141481
      141482
      141483
      141484
      141485
      141486
      141487
      141488
      141489
      141490
      141491
      141492
      141968
      141969
      141970
      141971
      141972
      141973
      141974
      141975
      141976
      141977
      141978
      141979
      141980
      141981
      142456
      142457
      142458
      142459
      142460
      142461
      142462
      142463
      142464
      142465
      142466
      142467
      142468
      142469
      142470
      142945
      142946
      142947
      142948
      142949
      142950
      142951
      142952
      142953
      142954
      142955
      142956
      142957
      142958
      142959
      143434
      143435
      143436
      143437
      143438
      143439
      143440
      143441
      143442
      143443
      143444
      143445
      143446
      143447
      143448
      143923
      143924
      143925
      143926
      143927
      143928
      143929
      143930
      143931
      143932
      143933
      143934
      143935
      143936
      143937
      144411
      144412
      144413
      144414
      144415
      144416
      144417
      144418
      144419
      144420
      144421
      144422
      144423
      144424
      144425
      144426
      144900
      144901
      144902
      144903
      144904
      144905
      144906
      144907
      144908
      144909
      144910
      144911
      144912
      144913
      144914
      144915
      145389
      145390
      145391
      145392
      145393
      145394
      145395
      145396
      145397
      145398
      145399
      145400
      145401
      145402
      145403
      145404
      145405
      145877
      145878
      145879
      145880
      145881
      145882
      145883
      145884
      145885
      145886
      145887
      145888
      145889
      145890
      145891
      145892
      145893
      145894
      146366
      146367
      146368
      146369
      146370
      146371
      146372
      146373
      146374
      146375
      146376
      146377
      146378
      146379
      146380
      146381
      146382
      146383
      146854
      146855
      146856
      146857
      146858
      146859
      146860
      146861
      146862
      146863
      146864
      146865
      146866
      146867
      146868
      146869
      146870
      146871
      146872
      147343
      147344
      147345
      147346
      147347
      147348
      147349
      147350
      147351
      147352
      147353
      147354
      147355
      147356
      147357
      147358
      147359
      147360
      147361
      147362
      147831
      147832
      147833
      147834
      147835
      147836
      147837
      147838
      147839
      147840
      147841
      147842
      147843
      147844
      147845
      147846
      147847
      147848
      147849
      147850
      147851
      148320
      148321
      148322
      148323
      148324
      148325
      148326
      148327
      148328
      148329
      148330
      148331
      148332
      148333
      148334
      148335
      148336
      148337
      148338
      148339
      148340
      148808
      148809
      148810
      148811
      148812
      148813
      148814
      148815
      148816
      148817
      148818
      148819
      148820
      148821
      148822
      148823
      148824
      148825
      148826
      148827
      148828
      148829
      149297
      149298
      149299
      149300
      149301
      149302
      149303
      149304
      149305
      149306
      149307
      149308
      149309
      149310
      149311
      149312
      149313
      149314
      149315
      149316
      149785
      149786
      149787
      149788
      149789
      149790
      149791
      149792
      149793
      149794
      149795
      149796
      149797
      149798
      149799
      149800
      149801
      149802
      149803
      149804
      149805
      150274
      150275
      150276
      150277
      150278
      150279
      150280
      150281
      150282
      150283
      150284
      150285
      150286
      150287
      150288
      150289
      150290
      150291
      150292
      150293
      150294
      150762
      150763
      150764
      150765
      150766
      150767
      150768
      150769
      150770
      150771
      150772
      150773
      150774
      150775
      150776
      150777
      150778
      150779
      150780
      150781
      150782
      151251
      151252
      151253
      151254
      151255
      151256
      151257
      151258
      151259
      151260
      151261
      151262
      151263
      151264
      151265
      151266
      151267
      151268
      151269
      151270
      151271
      151739
      151740
      151741
      151742
      151743
      151744
      151745
      151746
      152228
      152229
      152230
      146332
      146820
      146821
      147307
      147308
      147309
      147310
      147794
      147795
      147796
      147797
      147798
      147799
      148282
      148283
      148284
      148285
      148286
      148288
      148765
      148766
      148767
      148768
      148769
      148770
      148771
      148772
      148773
      148774
      148775
      148776
      148777
      149252
      149253
      149254
      149256
      149257
      149258
      149259
      149260
      149261
      149262
      149263
      149264
      149265
      149266
      149740
      149741
      149742
      149743
      149744
      149745
      149746
      149747
      149748
      149749
      149750
      149751
      149752
      149753
      149754
      149755
      150227
      150228
      150229
      150230
      150231
      150232
      150233
      150234
      150235
      150236
      150237
      150238
      150239
      150240
      150241
      150242
      150243
      150244
      150717
      150718
      150719
      150720
      150721
      150722
      150723
      150724
      150725
      150726
      150727
      150728
      150729
      150730
      150731
      150732
      150733
      151206
      151207
      151208
      151209
      151210
      151211
      151212
      151213
      151214
      151215
      151216
      151217
      151218
      151219
      151220
      151221
      151222
      151695
      151696
      151697
      151698
      151699
      151700
      151701
      151702
      151703
      151704
      151705
      151706
      151707
      151708
      151709
      151710
      151711
      152185
      152186
      152187
      152188
      152189
      152190
      152191
      152192
      152193
      152194
      152195
      152196
      152197
      152198
      152199
      152200
      152674
      152675
      152676
      152677
      152678
      152679
      152680
      152681
      152682
      152683
      152684
      152685
      152686
      152687
      152688
      152689
      153163
      153164
      153165
      153166
      153167
      153168
      153169
      153170
      153171
      153172
      153173
      153174
      153175
      153176
      153177
      153178
      153653
      153654
      153655
      153656
      153657
      153658
      153659
      153660
      153661
      153662
      153663
      153664
      153665
      153666
      153667
      154142
      154143
      154144
      154145
      154146
      154147
      154148
      154149
      154150
      154151
      154152
      154153
      154154
      154155
      154156
      154631
      154632
      154633
      154634
      154635
      154636
      154637
      154638
      154639
      154640
      154641
      154642
      154643
      154644
      154645
      155121
      155122
      155123
      155124
      155125
      155126
      155127
      155128
      155129
      155130
      155131
      155132
      155133
      155134
      155610
      155611
      155612
      155613
      155614
      155615
      155616
      155617
      155618
      155619
      155620
      155621
      155622
      155623
      155624
      155625
      156099
      156100
      156101
      156102
      156103
      156104
      156105
      156106
      156107
      156108
      156109
      156110
      156111
      156112
      156113
      156114
      156588
      156589
      156590
      156591
      156592
      156593
      156594
      156595
      156596
      156597
      156598
      156599
      156600
      156601
      156602
      156603
      157078
      157079
      157080
      157081
      157082
      157083
      157084
      157085
      157086
      157087
      157088
      157089
      157090
      157091
      157092
      157567
      157568
      157569
      157570
      157571
      157572
      157573
      157574
      157575
      157576
      157577
      157578
      157579
      157580
      157581
      158056
      158057
      158058
      158059
      158060
      158061
      158062
      158063
      158064
      158065
      158066
      158067
      158068
      158069
      158070
      158545
      158546
      158547
      158548
      158549
      158550
      158551
      158552
      158553
      158554
      158555
      158556
      158557
      158558
      158559
      159034
      159035
      159036
      159037
      159038
      159039
      159040
      159041
      159042
      159043
      159044
      159045
      159046
      159047
      159048
      159523
      159524
      159525
      159526
      159527
      159528
      159529
      159530
      159531
      159532
      159533
      159534
      159535
      159536
      159537
      160012
      160013
      160014
      160015
      160016
      160017
      160018
      160019
      160020
      160021
      160022
      160023
      160024
      160025
      160026
      160501
      160502
      160503
      160504
      160505
      160506
      160507
      160508
      160509
      160510
      160511
      160512
      160513
      160514
      160515
      160990
      160991
      160992
      160993
      160994
      160995
      160996
      160998
      160999
      161001
      161479
      161480
      161481
      161484
      161485
      132183
      132184
      132185
      132672
      132673
      132674
      132675
      132676
      132677
      133162
      133163
      133164
      133165
      133166
      133167
      133168
      133652
      133653
      133654
      133655
      133656
      133657
      133658
      133659
      134141
      134142
      134143
      134144
      134145
      134146
      134147
      134148
      134149
      134150
      134151
      134631
      134632
      134633
      134634
      134635
      134636
      134637
      134638
      134639
      134640
      134641
      134642
      135120
      135121
      135122
      135123
      135124
      135125
      135126
      135127
      135128
      135129
      135130
      135131
      135132
      135133
      135134
      135610
      135611
      135612
      135613
      135614
      135615
      135616
      135617
      135618
      135619
      135620
      135621
      135622
      135623
      135624
      135625
      135626
      136099
      136100
      136101
      136102
      136103
      136104
      136105
      136106
      136107
      136108
      136109
      136110
      136111
      136112
      136113
      136114
      136588
      136589
      136590
      136591
      136592
      136593
      136594
      136595
      136596
      136597
      136598
      136599
      136600
      136601
      136602
      136603
      136607
      137078
      137079
      137080
      137081
      137082
      137083
      137084
      137085
      137086
      137087
      137088
      137089
      137090
      137091
      137092
      137096
      137567
      137568
      137569
      137570
      137571
      137572
      137573
      137574
      137575
      137576
      137577
      137578
      137579
      137580
      137581
      137582
      138056
      138057
      138058
      138059
      138060
      138061
      138062
      138063
      138064
      138065
      138066
      138067
      138068
      138069
      138070
      138071
      138546
      138547
      138548
      138549
      138550
      138551
      138552
      138553
      138554
      138555
      138556
      138557
      138558
      138559
      138560
      139035
      139036
      139037
      139038
      139039
      139040
      139041
      139042
      139043
      139044
      139045
      139046
      139047
      139048
      139049
      153203
      153684
      153685
      153686
      153687
      153688
      153689
      153690
      153691
      153692
      154170
      154171
      154172
      154173
      154174
      154175
      154176
      154177
      154178
      154179
      154180
      154655
      154656
      154657
      154658
      154659
      154660
      154661
      154662
      154663
      154664
      154665
      154666
      154667
      154668
      154669
      155139
      155140
      155141
      155142
      155143
      155144
      155145
      155146
      155147
      155148
      155149
      155150
      155151
      155152
      155153
      155154
      155155
      155156
      155157
      155158
      155626
      155627
      155628
      155629
      155630
      155631
      155632
      155633
      155634
      155635
      155636
      155637
      155638
      155639
      155640
      155641
      155642
      155643
      155644
      155645
      155646
      155647
      156115
      156116
      156117
      156118
      156119
      156120
      156121
      156122
      156123
      156124
      156125
      156126
      156127
      156128
      156129
      156130
      156131
      156132
      156133
      156134
      156135
      156136
      156604
      156605
      156606
      156607
      156608
      156609
      156610
      156611
      156612
      156613
      156614
      156615
      156616
      156617
      156618
      156619
      156620
      156621
      156622
      156623
      156624
      156625
      157093
      157094
      157095
      157096
      157097
      157098
      157099
      157100
      157101
      157102
      157103
      157104
      157105
      157106
      157107
      157108
      157109
      157110
      157111
      157112
      157113
      157114
      157582
      157583
      157584
      157585
      157586
      157587
      157588
      157589
      157590
      157591
      157592
      157593
      157594
      157595
      157596
      157597
      157598
      157599
      157600
      157601
      157602
      157603
      158071
      158072
      158073
      158074
      158075
      158076
      158077
      158078
      158079
      158080
      158081
      158082
      158083
      158084
      158085
      158086
      158087
      158088
      158089
      158090
      158091
      158092
      158560
      158561
      158562
      158563
      158564
      158565
      158566
      158567
      158568
      158569
      158570
      158571
      158572
      158573
      158574
      158575
      158576
      158577
      158578
      158579
      158580
      158581
      159049
      159050
      159051
      159052
      159053
      159054
      159055
      159056
      159057
      159058
      159059
      159060
      159061
      159062
      159063
      159064
      159065
      159066
      159067
      159068
      159069
      159070
      159538
      159539
      159540
      159541
      159542
      159543
      159544
      159545
      159546
      159547
      159548
      159549
      159550
      159551
      159552
      159553
      159554
      159555
      159556
      159557
      159558
      159559
      160027
      160028
      160029
      160030
      160031
      160032
      160033
      160034
      160035
      160036
      160037
      160038
      160039
      160040
      160041
      160042
      160043
      160044
      160045
      160046
      160047
      160048
      160516
      160517
      160518
      160519
      160520
      160521
      160522
      160523
      160524
      160525
      160526
      160527
      160528
      160529
      160530
      160531
      160532
      160533
      160534
      160535
      160536
      160537
      160538
      161003
      161004
      161005
      161006
      161007
      161008
      161009
      161010
      161011
      161012
      161013
      161014
      161015
      161016
      161017
      161018
      161019
      161020
      161021
      161022
      161023
      161024
      161025
      161027
      161492
      161493
      161494
      161495
      161496
      161497
      161498
      161499
      161500
      161501
      161502
      161503
      161504
      161505
      161506
      161507
      161508
      161509
      161510
      161511
      161512
      161513
      161514
      161515
      161981
      161982
      161983
      161984
      161985
      161986
      161987
      161988
      161989
      161990
      161991
      161992
      161993
      161994
      161995
      161996
      161997
      161998
      161999
      162000
      162001
      162002
      162003
      162005
      162006
      162470
      162471
      162472
      162473
      162474
      162475
      162476
      162477
      162478
      162479
      162480
      162481
      162482
      162483
      162484
      162485
      162486
      162487
      162488
      162489
      162490
      162491
      162492
      162959
      162960
      162961
      162962
      162963
      162964
      162965
      162966
      162967
      162968
      162969
      162970
      162971
      162972
      162973
      162974
      162975
      162976
      162977
      162978
      162979
      162980
      162981
      162982
      162983
      163448
      163449
      163450
      163451
      163452
      163453
      163454
      163455
      163456
      163457
      163458
      163459
      163460
      163461
      163462
      163463
      163464
      163465
      163466
      163467
      163468
      163469
      163470
      163473
      163937
      163938
      163939
      163940
      163941
      163942
      163943
      163944
      163945
      163946
      163947
      163948
      163949
      163950
      163951
      163952
      163953
      163954
      163955
      163956
      163957
      163958
      163959
      163960
      163961
      163963
      163964
      164426
      164427
      164428
      164429
      164430
      164431
      164432
      164433
      164434
      164435
      164436
      164437
      164438
      164439
      164440
      164441
      164442
      164443
      164444
      164445
      164446
      164447
      164448
      164450
      164451
      164453
      164454
      164915
      164916
      164917
      164918
      164919
      164920
      164921
      164922
      164923
      164924
      164925
      164926
      164927
      164928
      164929
      164930
      164931
      164932
      164933
      164934
      164935
      164936
      164937
      164938
      164939
      164940
      164941
      164942
      164943
      164944
      164945
      165404
      165405
      165406
      165407
      165408
      165409
      165410
      165411
      165412
      165413
      165414
      165415
      165416
      165417
      165418
      165419
      165420
      165421
      165422
      165423
      165424
      165425
      165426
      165427
      165428
      165429
      165430
      165431
      165432
      165433
      165434
      165435
      165436
      165893
      165894
      165895
      165896
      165897
      165898
      165899
      165900
      165901
      165902
      165903
      165904
      165905
      165906
      165907
      165908
      165909
      165910
      165911
      165912
      165913
      165914
      165915
      165916
      165917
      165918
      165919
      165920
      165921
      165922
      165923
      165924
      165927
      166382
      166383
      166384
      166385
      166386
      166387
      166388
      166389
      166390
      166391
      166392
      166393
      166394
      166395
      166396
      166397
      166398
      166399
      166400
      166401
      166402
      166403
      166404
      166405
      166406
      166407
      166408
      166409
      166410
      166411
      166412
      166413
      166415
      166871
      166872
      166873
      166874
      166875
      166876
      166877
      166878
      166879
      166880
      166881
      166882
      166883
      166884
      166885
      166886
      166887
      166888
      166889
      166890
      166891
      166892
      166893
      166894
      166895
      166896
      166897
      166898
      166899
      166900
      166901
      166903
      167360
      167361
      167362
      167363
      167364
      167365
      167366
      167367
      167368
      167369
      167370
      167371
      167372
      167373
      167374
      167375
      167376
      167377
      167378
      167379
      167380
      167381
      167382
      167383
      167384
      167385
      167386
      167387
      167388
      167389
      167390
      167391
      167392
      167849
      167850
      167851
      167852
      167853
      167854
      167855
      167856
      167857
      167858
      167859
      167860
      167861
      167862
      167863
      167864
      167865
      167866
      167867
      167868
      167869
      167870
      167871
      167872
      167873
      167874
      167875
      167876
      167877
      168338
      168339
      168340
      168341
      168342
      168343
      168344
      168345
      168346
      168347
      168348
      168349
      168350
      168351
      168352
      168353
      168354
      160997
      161000
      161002
      161482
      161483
      161486
      161487
      161488
      161489
      161490
      161491
      161973
      161974
      161975
      161976
      161977
      161978
      161979
      161980
      162463
      162464
      162465
      162466
      162467
      162468
      162469
      162952
      162953
      162954
      162955
      162956
      162957
      162958
      163441
      163442
      163443
      163444
      163445
      163446
      163447
      163930
      163931
      163932
      163933
      163934
      163935
      163936
      164419
      164420
      164421
      164422
      164423
      164424
      164425
      164908
      164909
      164910
      164911
      164912
      164913
      164914
      165397
      165398
      165399
      165400
      165401
      165402
      165403
      165885
      165886
      165887
      165888
      165889
      165890
      165891
      165892
      166371
      166372
      166373
      166374
      166375
      166376
      166377
      166378
      166379
      166380
      166381
      166859
      166860
      166861
      166862
      166863
      166864
      166865
      166866
      166867
      166869
      166870
      167347
      167348
      167349
      167351
      167352
      167353
      167354
      167355
      167356
      167357
      167358
      167359
      167836
      167838
      167839
      167841
      167842
      167843
      167844
      167845
      167846
      167847
      167848
      168327
      168329
      168331
      168333
      168334
      168335
      168336
      168337
      168814
      168825
      168826
      168827
      168828
      169790
      169794
      167878
      167879
      168355
      168356
      168357
      168358
      168359
      168360
      168361
      168362
      168363
      168364
      168365
      168366
      168367
      168368
      168829
      168830
      168831
      168832
      168833
      168834
      168835
      168836
      168837
      168838
      168839
      168840
      168841
      168842
      168843
      168844
      168845
      168846
      168847
      168848
      168849
      168850
      168851
      168852
      168853
      168854
      168855
      168856
      168857
      169316
      169317
      169318
      169319
      169320
      169321
      169322
      169323
      169324
      169325
      169326
      169327
      169328
      169329
      169330
      169331
      169332
      169333
      169334
      169335
      169336
      169337
      169338
      169339
      169340
      169341
      169342
      169343
      169344
      169805
      169806
      169807
      169808
      169809
      169810
      169811
      169812
      169813
      169814
      169815
      169816
      169817
      169818
      169819
      169820
      169821
      169822
      169823
      169824
      169825
      169826
      169827
      169828
      169829
      169830
      169832
      169833
      170294
      170295
      170296
      170297
      170298
      170299
      170300
      170301
      170302
      170303
      170304
      170305
      170306
      170307
      170308
      170309
      170310
      170311
      170312
      170313
      170314
      170315
      170316
      170317
      170318
      170319
      170783
      170784
      170785
      170786
      170787
      170788
      170789
      170790
      170791
      170792
      170793
      170794
      170795
      170796
      170797
      170798
      170799
      170800
      170801
      170802
      170803
      170804
      170805
      170806
      170807
      170808
      170809
      171272
      171273
      171274
      171275
      171276
      171277
      171278
      171279
      171280
      171281
      171282
      171283
      171284
      171285
      171286
      171287
      171288
      171289
      171290
      171291
      171292
      171293
      171294
      171295
      171296
      171297
      171298
      171761
      171762
      171763
      171764
      171765
      171766
      171767
      171768
      171769
      171770
      171771
      171772
      171773
      171774
      171775
      171776
      171777
      171778
      171779
      171780
      171781
      171782
      171783
      171784
      171785
      171786
      171787
      171788
      171790
      172250
      172251
      172252
      172253
      172254
      172255
      172256
      172257
      172258
      172259
      172260
      172261
      172262
      172263
      172264
      172265
      172266
      172267
      172268
      172269
      172270
      172271
      172272
      172273
      172274
      172275
      172276
      172277
      172278
      172279
      172739
      172740
      172741
      172742
      172743
      172744
      172745
      172746
      172747
      172748
      172749
      172750
      172751
      172752
      172753
      172754
      172755
      172756
      172757
      172758
      172759
      172760
      172761
      172762
      172763
      172764
      172765
      172766
      172767
      172768
      173228
      173229
      173230
      173231
      173232
      173233
      173234
      173235
      173236
      173237
      173238
      173239
      173240
      173241
      173242
      173243
      173244
      173245
      173246
      173247
      173248
      173249
      173250
      173251
      173252
      173253
      173254
      173255
      173256
      173257
      173717
      173718
      173719
      173720
      173721
      173722
      173723
      173724
      173725
      173726
      173727
      173728
      173729
      173730
      173731
      173732
      173733
      173734
      173735
      173736
      173737
      173738
      173739
      173740
      173741
      173742
      173743
      173744
      173745
      173746
      174206
      174207
      174208
      174209
      174210
      174211
      174212
      174213
      174214
      174215
      174216
      174217
      174218
      174219
      174220
      174221
      174222
      174223
      174224
      174225
      174226
      174227
      174228
      174229
      174230
      174231
      174232
      174233
      174234
      174235
      174695
      174696
      174697
      174698
      174699
      174700
      174701
      174702
      174703
      174704
      174705
      174706
      174707
      174708
      174709
      174710
      174711
      174712
      174713
      174714
      174715
      174716
      174717
      174718
      174719
      174720
      174721
      174722
      174723
      174724
      175184
      175185
      175186
      175187
      175188
      175189
      175190
      175191
      175192
      175193
      175194
      175195
      175196
      175197
      175198
      175199
      175200
      175201
      175202
      175203
      175204
      175205
      175206
      175207
      175208
      175209
      175210
      175211
      175212
      175213
      175214
      175673
      175674
      175675
      175676
      175677
      175678
      175679
      175680
      175681
      175682
      175683
      175684
      175685
      175686
      175687
      175688
      175689
      175690
      175691
      175692
      175693
      175694
      175695
      175696
      175697
      175698
      175699
      175700
      175701
      175702
      175703
      176162
      176163
      176164
      176165
      176166
      176167
      176168
      176169
      176170
      176171
      176172
      176173
      176174
      176175
      176176
      176177
      176178
      176179
      176180
      176181
      176182
      176183
      176184
      176185
      176186
      176187
      176188
      176189
      176190
      176191
      176192
      176651
      176652
      176653
      176654
      176655
      176656
      176657
      176658
      176659
      176660
      176661
      176662
      176663
      176664
      176665
      176666
      176667
      176668
      176669
      176670
      176671
      176672
      176674
      176675
      176676
      176677
      176678
      176679
      176680
      176681
      176682
      177140
      177141
      177142
      177143
      177144
      177145
      177146
      177147
      177148
      177149
      177150
      177151
      177152
      177153
      177154
      177155
      177156
      177157
      177158
      177159
      177160
      177161
      177162
      177163
      177164
      177165
      177166
      177167
      177168
      177169
      177170
      177629
      177630
      177631
      177632
      177633
      177634
      177635
      177636
      177637
      177638
      177639
      177640
      177641
      177642
      177643
      177644
      177645
      177646
      177647
      177648
      177649
      177650
      177651
      177652
      177653
      177654
      177655
      177656
      177657
      178118
      178119
      178120
      178121
      178122
      178123
      178124
      178125
      178126
      178127
      178128
      178129
      178130
      178131
      178132
      178133
      178134
      178135
      178136
      178137
      178138
      178139
      178140
      178144
      178607
      178608
      178609
      178610
      178611
      178612
      178613
      178614
      178615
      178616
      178617
      178618
      178619
      178620
      178621
      178622
      178623
      178624
      178625
      178626
      178627
      179096
      179097
      179098
      179099
      179100
      179101
      179102
      179103
      179104
      179105
      179106
      179107
      179108
      179109
      179110
      179111
      179112
      179113
      179114
      179115
      179116
      179585
      179586
      179587
      179588
      179589
      179590
      179591
      179592
      179593
      179594
      179595
      179596
      179597
      179598
      179599
      179600
      179601
      179602
      179603
      179604
      179605
      179606
      179608
      179609
      179610
      179611
      179616
      180074
      180075
      180076
      180077
      180078
      180079
      180080
      180081
      180082
      180083
      180084
      180085
      180086
      180087
      180088
      180089
      180090
      180091
      180092
      180093
      180094
      180095
      180096
      180097
      180098
      180099
      180100
      180101
      180102
      180103
      180104
      180563
      180564
      180565
      180566
      180567
      180568
      180569
      180570
      180571
      180572
      180573
      180574
      180575
      180576
      180577
      180578
      180579
      180580
      180581
      180582
      180583
      180584
      180585
      180586
      180587
      180588
      180589
      180590
      180591
      181052
      181053
      181054
      181055
      181056
      181057
      181058
      181059
      181060
      181061
      181062
      181063
      181067
      181068
      181069
      181070
      181071
      181072
      181073
      181074
      181075
      181076
      181543
      181544
      181547
      181548
      181549
      181550
      181551
      181552
      181553
      181554
      181555
      181556
      181557
      181558
      181559
      181560
      181561
      181562
      181563
      182030
      182031
      182032
      182033
      182034
      182035
      182036
      182037
      182038
      182045
      182046
      182049
      182050
      182051
      182052
      182519
      182520
      182522
      182523
      182533
      182534
      182535
      182540
      182541
      182542
      183009
      183010
      183025
      183026
      183027
      183497
      183498
      183499
      183515
      183516
      183520
      183521
      183522
      183523
      183524
      183986
      184005
      184495
      184496
      184500
      167837
      168324
      168325
      168328
      168330
      168812
      168815
      168816
      168818
      168819
      168820
      168821
      168822
      168823
      168824
      169300
      169301
      169303
      169304
      169305
      169306
      169307
      169308
      169309
      169310
      169311
      169312
      169313
      169314
      169315
      169788
      169789
      169792
      169793
      169795
      169796
      169797
      169798
      169799
      169800
      169801
      169802
      169803
      169804
      170277
      170278
      170280
      170281
      170282
      170284
      170285
      170286
      170287
      170288
      170289
      170290
      170291
      170292
      170293
      170765
      170766
      170767
      170768
      170769
      170770
      170771
      170772
      170773
      170774
      170775
      170776
      170777
      170778
      170779
      170780
      170781
      170782
      171253
      171255
      171256
      171257
      171258
      171260
      171261
      171262
      171263
      171264
      171265
      171266
      171267
      171268
      171269
      171270
      171271
      171744
      171746
      171747
      171750
      171751
      171752
      171753
      171754
      171755
      171756
      171757
      171758
      171759
      171760
      172230
      172232
      172233
      172235
      172236
      172237
      172238
      172239
      172240
      172241
      172242
      172243
      172244
      172245
      172246
      172247
      172248
      172249
      172718
      172719
      172720
      172721
      172722
      172723
      172724
      172725
      172726
      172727
      172728
      172729
      172730
      172731
      172732
      172733
      172734
      172735
      172736
      172737
      172738
      173207
      173208
      173209
      173210
      173211
      173212
      173213
      173214
      173215
      173216
      173217
      173218
      173219
      173220
      173221
      173222
      173223
      173224
      173225
      173226
      173227
      173696
      173698
      173699
      173700
      173701
      173702
      173703
      173704
      173705
      173706
      173707
      173708
      173709
      173710
      173711
      173712
      173713
      173714
      173715
      173716
      174187
      174188
      174189
      174190
      174191
      174192
      174193
      174194
      174195
      174196
      174197
      174198
      174199
      174200
      174201
      174202
      174203
      174204
      174205
      174677
      174678
      174679
      174680
      174681
      174682
      174683
      174684
      174685
      174686
      174687
      174688
      174689
      174690
      174691
      174692
      174693
      174694
      175168
      175169
      175170
      175171
      175172
      175173
      175174
      175175
      175176
      175177
      175178
      175179
      175180
      175181
      175182
      175183
      175658
      175659
      175660
      175661
      175662
      175663
      175664
      175665
      175666
      175667
      175668
      175669
      175670
      175671
      175672
      176149
      176150
      176151
      176152
      176153
      176154
      176155
      176156
      176157
      176158
      176159
      176160
      176161
      176640
      176641
      176642
      176643
      176644
      176645
      176646
      176647
      176648
      176649
      176650
      177131
      177132
      177133
      177134
      177135
      177136
      177137
      177138
      177139
      177628
      173695
      174183
      174184
      174185
      174672
      174673
      174674
      174675
      175160
      175163
      175164
      175166
      175167
      175649
      175650
      175651
      175652
      175653
      175654
      175655
      175656
      175657
      176139
      176140
      176141
      176142
      176143
      176145
      176146
      176147
      176148
      176628
      176629
      176630
      176631
      176632
      176633
      176634
      176635
      176636
      176637
      176638
      176639
      177118
      177119
      177120
      177121
      177122
      177123
      177126
      177127
      177128
      177129
      177130
      177608
      177609
      177610
      177611
      177612
      177613
      177614
      177615
      177616
      177617
      177618
      177619
      177620
      177621
      177622
      177623
      177624
      177625
      177626
      177627
      178098
      178099
      178100
      178102
      178103
      178106
      178107
      178108
      178109
      178110
      178111
      178112
      178113
      178114
      178115
      178116
      178117
      178589
      178590
      178594
      178595
      178598
      178599
      178600
      178601
      178602
      178603
      178604
      178605
      178606
      179079
      179081
      179082
      179087
      179088
      179089
      179090
      179091
      179092
      179093
      179094
      179095
      179570
      179576
      179577
      179578
      179579
      179580
      179581
      179582
      179583
      179584
      180065
      180066
      180067
      180068
      180069
      180070
      180071
      180072
      180073
      180552
      180553
      180554
      180555
      180556
      180557
      180558
      180559
      180560
      180561
      180562
      181039
      181040
      181041
      181043
      181044
      181045
      181046
      181047
      181048
      181049
      181050
      181051
      181532
      181533
      181534
      181535
      181536
      181537
      181538
      181539
      181540
      182018
      182019
      182020
      182021
      182022
      182023
      182024
      182025
      182026
      182027
      182028
      182029
      182510
      182511
      182512
      182513
      182514
      182515
      182516
      182517
      182998
      182999
      183000
      183001
      183002
      183003
      183004
      183005
      183006
      183488
      183489
      183490
      183491
      183492
      183493
      183494
      183495
      183496
      183978
      183979
      183980
      183981
      183982
      183983
      183984
      184468
      184469
      184470
      184471
      184472
      184473
      184474
      184960
      184961
      184962
      185447
      185937
      165396
      166868
      167346
      167835
      167840
      168323
      168326
      168332
      168813
      168817
      169302
      169791
      170276
      170279
      170283
      171254
      171259
      171741
      171742
      171743
      171745
      171748
      171749
      172231
      172234
      173697
      174186
      174661
      174676
      175161
      175162
      175165
      175648
      176144
      176625
      177124
      177125
      178090
      178101
      178104
      178105
      178578
      178591
      178592
      178593
      178596
      179066
      179080
      180058
      180064
      180535
      180541
      180542
      180545
      181027
      181042
      181510
      181525
      181529
      181530
      181531
      181541
      181542
      182497
      182507
      182508
      182509
      182518
      183007
      183008
      183486
      183487
      183987
      185434
      185449
      185450
      185907
      185920
      185923
      185935
      185938
      186406
      186408
      186422
      176203
      176673
      176683
      176685
      176688
      176690
      177171
      177174
      177177
      177658
      177659
      177660
      177661
      177662
      178141
      178142
      178143
      178145
      178146
      178149
      178153
      178628
      178629
      178633
      178634
      178635
      178636
      178637
      178640
      178641
      179117
      179118
      179119
      179120
      179121
      179122
      179123
      179124
      179133
      179134
      179141
      179142
      179607
      179612
      179613
      179620
      179621
      180108
      180592
      180593
      180594
      180595
      180596
      180597
      180598
      180604
      180612
      181064
      181065
      181077
      181078
      181079
      181080
      181081
      181082
      181083
      181084
      181085
      181086
      181087
      181088
      181089
      181090
      181091
      181092
      181545
      181546
      181564
      181572
      181573
      181574
      181575
      181576
      181577
      181578
      181579
      182044
      182047
      182048
      182053
      182054
      182060
      182061
      182062
      182063
      182064
      182065
      182066
      182067
      182068
      182069
      182070
      182521
      182536
      182537
      182538
      182539
      182543
      182544
      182545
      182546
      182547
      182548
      182549
      182550
      182551
      182552
      182553
      182554
      182555
      182556
      182557
      182564
      182565
      182566
      182567
      183011
      183023
      183024
      183028
      183029
      183030
      183031
      183032
      183033
      183034
      183035
      183036
      183037
      183038
      183039
      183040
      183041
      183042
      183043
      183044
      183045
      183046
      183054
      183514
      183517
      183518
      183519
      183525
      183526
      183527
      183528
      183529
      183530
      183531
      183532
      183533
      183534
      183535
      183536
      183540
      183541
      183542
      183544
      184004
      184006
      184007
      184008
      184009
      184010
      184011
      184017
      184018
      184019
      184020
      184021
      184022
      184023
      184024
      184027
      184029
      184033
      184037
      184038
      184497
      184498
      184499
      184501
      184502
      184503
      184504
      184505
      184506
      184507
      184508
      184509
      184510
      184511
      184512
      184514
      184515
      184516
      184517
      184518
      184519
      184525
      184985
      184986
      184987
      184988
      184989
      184990
      184991
      184992
      184993
      184994
      184995
      184996
      184997
      184998
      184999
      185000
      185001
      185002
      185006
      185007
      185008
      185009
      185010
      185475
      185479
      185480
      185481
      185482
      185484
      185485
      185486
      185487
      185492
      185493
      185965
      185966
      185967
      185968
      185969
      185970
      185971
      185972
      185974
      185975
      185976
      185979
      185983
      186455
      186456
      186457
      186458
      186459
      186460
      186461
      186462
      186463
      186464
      186465
      186945
      186946
      186947
      186948
      186949
      186951
      186396
      186397
      186398
      186399
      186400
      186401
      186402
      186403
      186404
      186405
      186407
      186409
      186410
      186411
      186412
      186413
      186414
      186415
      186416
      186417
      186418
      186419
      186420
      186421
      186423
      186424
      186885
      186886
      186887
      186888
      186889
      186890
      186891
      186892
      186893
      186894
      186895
      186896
      186897
      186898
      186899
      186900
      186901
      186902
      186903
      186904
      186905
      186906
      186907
      186908
      186909
      186910
      186911
      186912
      187374
      187375
      187376
      187377
      187378
      187379
      187380
      187381
      187382
      187383
      187384
      187385
      187386
      187387
      187388
      187389
      187390
      187391
      187392
      187393
      187394
      187395
      187396
      187397
      187398
      187862
      187863
      187864
      187865
      187866
      187867
      187868
      187869
      187870
      187871
      187872
      187873
      187874
      187875
      187876
      187877
      187878
      187879
      187880
      187881
      187882
      187883
      187884
      187885
      187886
      187887
      188351
      188352
      188353
      188354
      188355
      188356
      188357
      188358
      188359
      188360
      188361
      188362
      188363
      188364
      188365
      188366
      188367
      188368
      188369
      188370
      188371
      188372
      188373
      188374
      188840
      188841
      188842
      188843
      188844
      188845
      188846
      188847
      188848
      188849
      188850
      188851
      188852
      188853
      188854
      188855
      188856
      188857
      188858
      188860
      188861
      189328
      189329
      189330
      189331
      189332
      189333
      189334
      189335
      189336
      189337
      189338
      189339
      189341
      189342
      189343
      189344
      189345
      189346
      189347
      189348
      189817
      189818
      189819
      189820
      189821
      189822
      189823
      189824
      189825
      189826
      189827
      189828
      189829
      189830
      189831
      189832
      189833
      189834
      189835
      189836
      190306
      190307
      190308
      190309
      190310
      190311
      190312
      190313
      190314
      190315
      190316
      190317
      190318
      190319
      190320
      190321
      190322
      190795
      190796
      190797
      190798
      190799
      190800
      190801
      190802
      190803
      190804
      190805
      190806
      190807
      190808
      190809
      191284
      191285
      191286
      191287
      191288
      191289
      191290
      191291
      191292
      191293
      191294
      191295
      191296
      191773
      191775
      191776
      191777
      191778
      191779
      191780
      191781
      191782
      191783
      191784
      192261
      192262
      192264
      192265
      192266
      192267
      192268
      192269
      192270
      192750
      192751
      192752
      192753
      192754
      192755
      192756
      192757
      193239
      193240
      193241
      193242
      193243
      193244
      193246
      193247
      193248
      193727
      193728
      193729
      193730
      193731
      193732
      193733
      193734
      193735
      193736
      193737
      194216
      194217
      194218
      194219
      194220
      194221
      194222
      194223
      194224
      194705
      194706
      194707
      194708
      194709
      194710
      194711
      194712
      194713
      195195
      195197
      195198
      195199
      195200
      195201
      195202
      195684
      195686
      195687
      195689
      195690
      196172
      196173
      196174
      196175
      186454
      186950
      186952
      187435
      187436
      174660
      175146
      175633
      175634
      176121
      176122
      176137
      176626
      176627
      177114
      177115
      177116
      177117
      177602
      177603
      177604
      177605
      177606
      177607
      178091
      178092
      178093
      178094
      178095
      178096
      178097
      178579
      178580
      178581
      178582
      178583
      178584
      178585
      178586
      178587
      178588
      179067
      179068
      179069
      179070
      179071
      179072
      179073
      179074
      179075
      179076
      179077
      179078
      179555
      179556
      179557
      179558
      179559
      179560
      179561
      179562
      179563
      179564
      179565
      179566
      179567
      179568
      179569
      180044
      180045
      180046
      180047
      180048
      180049
      180050
      180051
      180052
      180053
      180054
      180055
      180056
      180057
      180533
      180534
      180536
      180537
      180538
      180539
      180540
      180543
      180544
      181022
      181023
      181024
      181025
      181026
      181028
      181029
      181030
      181031
      181032
      181511
      181512
      181513
      181514
      181515
      181516
      181517
      181518
      181519
      181520
      181521
      181526
      181527
      181528
      181999
      182000
      182001
      182002
      182003
      182004
      182005
      182006
      182007
      182008
      182009
      182010
      182011
      182013
      182014
      182015
      182016
      182017
      182488
      182489
      182490
      182491
      182492
      182493
      182494
      182495
      182496
      182498
      182499
      182500
      182501
      182502
      182503
      182504
      182505
      182506
      182977
      182978
      182979
      182980
      182981
      182982
      182983
      182984
      182985
      182986
      182987
      182988
      182989
      182990
      182991
      182992
      182993
      182994
      182995
      182996
      182997
      183465
      183466
      183467
      183468
      183469
      183470
      183471
      183472
      183473
      183474
      183475
      183476
      183477
      183478
      183479
      183480
      183481
      183482
      183483
      183484
      183485
      183953
      183954
      183955
      183956
      183957
      183958
      183959
      183960
      183961
      183962
      183963
      183964
      183965
      183966
      183967
      183968
      183969
      183970
      183971
      183972
      183973
      183974
      183975
      183976
      183977
      184442
      184443
      184444
      184445
      184446
      184447
      184448
      184449
      184450
      184458
      184459
      184460
      184461
      184462
      184463
      184464
      184465
      184466
      184467
      184930
      184931
      184932
      184933
      184934
      184935
      184936
      184937
      184938
      184939
      184946
      184947
      184948
      184949
      184950
      184951
      184952
      184953
      184954
      184955
      184956
      184957
      184958
      184959
      185419
      185420
      185421
      185422
      185423
      185424
      185425
      185426
      185427
      185435
      185436
      185437
      185438
      185439
      185440
      185441
      185442
      185443
      185444
      185445
      185446
      185448
      185908
      185909
      185910
      185911
      185912
      185913
      185914
      185915
      185916
      185921
      185922
      185924
      185925
      185926
      185927
      185928
      185929
      185930
      185931
      185932
      185933
      185934
      185936
      171319
      171815
      172303
      172779
      172780
      172783
      172784
      172785
      172786
      173275
      173276
      173277
      173278
      173762
      173763
      174250
      174740
      174755
      175229
      175243
      175716
      176204
      176205
      176213
      176217
      176684
      176689
      176693
      176703
      177175
      177176
      177181
      177189
      177192
      177663
      177664
      177665
      177666
      177667
      177668
      177680
      177684
      177687
      178147
      178148
      178150
      178151
      178152
      178154
      178167
      178168
      178172
      178176
      178630
      178631
      178632
      178639
      178642
      178644
      178645
      178646
      178653
      178655
      178660
      179125
      179126
      179127
      179128
      179129
      179130
      179131
      179132
      179140
      179144
      179148
      179149
      179150
      179614
      179615
      179617
      179622
      179629
      179630
      179631
      179632
      179633
      180105
      180106
      180107
      180109
      180116
      180599
      180600
      180601
      180603
      180613
      181066
      181093
      181094
      181095
      181101
      181105
      181565
      181566
      181571
      181580
      181588
      181589
      181594
      181597
      182039
      182055
      182056
      182057
      182058
      182059
      182071
      182076
      182083
      182084
      182558
      182562
      182563
      182568
      182569
      182570
      182571
      182573
      183048
      183050
      183057
      183058
      183059
      183062
      183068
      183537
      183538
      183539
      183543
      183550
      184012
      184013
      184014
      184015
      184016
      184026
      184030
      184031
      184039
      184475
      184494
      184513
      184984
      185015
      185476
      185477
      185478
      185483
      185488
      185491
      185501
      185502
      185964
      185973
      185977
      185978
      185984
      186466
      186467
      186468
      186469
      161966
      161971
      162951
      163421
      163440
      163907
      166370
      178597
      179083
      179086
      179571
      179575
      180551
      181021
      181033
      181522
      181524
      182012
      183985
      184451
      185433
      185451
      186425
      187400
      188859
      189349
      190323
      190810
      191297
      192785
      192786
      193275
      195223
      214260
      217677
      219640
