         300
       58641
       58642
       58643
       58644
       59132
       59133
       59136
       59617
       59618
       59619
       59620
       59621
       59622
       59623
       59624
       59625
       59626
       59627
       59628
       59629
       60106
       60107
       60108
       60109
       60110
       60111
       60112
       60113
       60114
       60115
       60116
       60117
       60118
       60119
       60595
       60596
       60597
       60598
       60599
       60600
       60601
       60602
       60603
       60604
       60605
       60606
       60607
       60608
       60609
       60610
       61084
       61085
       61086
       61087
       61088
       61089
       61090
       61091
       61092
       61093
       61094
       61095
       61096
       61098
       61099
       61573
       61574
       61575
       61576
       61577
       61578
       61579
       61580
       61581
       61582
       61583
       61584
       61585
       61588
       61597
       62061
       62062
       62063
       62064
       62065
       62066
       62067
       62068
       62069
       62070
       62071
       62072
       62073
       62074
       62075
       62076
       62077
       62079
       62081
       62083
       62550
       62551
       62552
       62553
       62554
       62555
       62556
       62557
       62558
       62559
       62561
       62562
       62563
       62564
       62565
       62568
       62569
       62575
       63039
       63040
       63041
       63042
       63043
       63044
       63045
       63046
       63047
       63048
       63051
       63052
       63053
       63054
       63055
       63056
       63058
       63059
       63060
       63529
       63530
       63531
       63532
       63533
       63534
       63535
       63536
       63537
       63538
       63539
       63540
       63541
       63542
       63543
       63544
       63545
       63546
       63548
       63549
       64018
       64019
       64020
       64021
       64022
       64023
       64024
       64025
       64026
       64027
       64028
       64029
       64030
       64031
       64032
       64033
       64034
       64507
       64508
       64509
       64510
       64511
       64512
       64513
       64514
       64515
       64516
       64517
       64518
       64519
       64520
       64521
       64522
       64523
       64525
       64996
       64997
       64998
       64999
       65000
       65001
       65002
       65003
       65004
       65005
       65006
       65007
       65008
       65009
       65010
       65011
       65012
       65014
       65486
       65487
       65488
       65489
       65490
       65491
       65492
       65493
       65494
       65495
       65496
       65497
       65498
       65499
       65500
       65501
       65975
       65976
       65977
       65978
       65979
       65980
       65981
       65982
       65983
       65984
       65985
       65986
       65987
       65988
       65989
       65990
       66464
       66465
       66466
       66467
       66468
       66469
       66470
       66471
       66472
       66473
       66474
       66475
       66476
       66477
       66478
       66479
       66953
       66954
       66955
       66956
       66957
       66958
       66959
       66960
       66961
       66962
       66963
       66964
       66965
       66966
       66967
       66968
       67444
       67445
       67446
       67447
       67448
       67449
       67450
       67452
       67934
       67935
       67936
       67937
       67938
       67939
       67940
       67941
       68424
       68425
       68426
       68427
       68914
       68915
       68916
       68917
       69405
       69406
