          56
      154216
      154217
      154707
      154708
      155193
      155194
      155681
      155682
      155683
      155684
      155685
      155686
      156170
      157155
      157653
      158130
      158618
      159094
      159107
      159108
      159109
      159111
      159591
      159593
      159594
      159597
      159600
      160076
      160082
      160088
      160568
      160577
      161057
      161058
      161543
      161548
      161549
      161553
      162038
      162041
      162042
      162528
      162529
      163013
      163020
      163503
      163970
      164491
      164492
      164956
      164974
      164981
      164983
      165449
      166912
      167405
