          56
       57034
       57035
       57036
       57037
       57521
       57522
       57523
       57524
       57526
       57527
       57528
       57529
       57531
       57532
       58013
       58014
       58015
       58016
       58017
       58018
       58019
       58020
       58021
       58503
       58504
       58505
       58508
       58509
       58510
       58994
       58995
       58996
       58997
       58998
       58999
       59000
       59486
       59487
       59488
       59489
       59490
       59977
       59979
       59980
       60467
       60468
       60470
       60958
       60960
       61448
       61449
       61450
       61938
       61939
       62428
       62429
