          57
       12983
       12985
       14476
       14477
       14478
       14930
       14965
       15456
       16402
       16404
       16405
       16411
       16430
       16431
       16886
       16901
       16919
       16921
       16923
       17377
       17412
       17867
       17883
       18389
       18848
       18860
       18861
       18864
       19339
       19368
       19369
       19829
       19842
       19857
       19858
       20317
       20333
       20335
       20336
       20337
       20338
       20807
       20808
       20839
       21297
       21314
       21337
       21802
       22760
       23242
       23287
       23296
       23726
       24267
       24268
       24271
       24277
