          41
      205817
      206306
      206795
      207284
      207773
      208261
      208262
      208750
      208751
      209238
      209239
      209240
      209727
      209728
      209729
      210215
      210216
      210691
      210692
      210693
      210694
      210695
      210696
      210704
      211180
      211181
      211186
      211187
      211188
      211193
      211669
      211678
      211679
      211680
      211682
      212169
      212170
      212646
      212647
      212654
      213146
