          59
       63426
       66361
       66851
       67339
       67804
       67828
       68317
       69296
       69785
       70274
       70763
       71251
       71252
       71740
       71741
       72229
       72697
       72717
       72718
       73207
       73696
       74185
       74672
       74674
       75651
       76138
       76627
       77087
       77606
       78582
       79065
       79538
       79559
       81010
       81499
       81987
       81988
       82003
       82475
       82477
       82492
       83469
       84935
       87374
       87867
       88840
       88849
       90306
       91789
       92757
       93257
       94233
       94723
       96676
       98159
      100084
      100088
      100586
      102047
