         180
       73223
       73712
       77624
       78113
       78602
       79091
       79580
       80069
       80558
       81047
       81536
       82025
       82514
       83003
       83004
       83005
       83492
       83493
       83494
       83981
       83983
       85938
       85939
       86427
       86428
       87893
       88382
       89359
       89848
       90337
       91300
       93270
       93746
       93759
       95701
       99625
      102050
      102557
      103031
      104493
      104498
      105472
      105960
      105961
      106449
      106941
      107445
      107912
      107918
      109378
      110372
      110845
      111355
      111826
      111838
      112799
       93231
       93721
       95197
       95685
       96167
       96657
       96670
       97144
       97632
       97640
       98118
       98605
       98609
       98616
      100070
      100075
      100561
      100571
      101054
      101537
      102512
      103000
      103014
       94248
       96189
       97181
       98630
       99121
      101092
      101564
      101581
      102053
      102054
      102542
      102543
      103516
      103519
      104007
      104009
      105475
      105963
      105980
      106937
      107914
      108423
      110355
      111337
      113775
      115241
      115245
      115729
      115730
       75163
       76621
       77098
       77109
       78575
       81006
       81997
       82004
       82474
       82478
       82480
       82485
       82964
       82968
       82974
       82975
       82981
       83958
       84433
       84440
       84922
       84930
       85899
       85906
       86396
       86879
       87373
       87856
       87879
       88345
       88834
       89333
       89811
       89817
       90300
       90788
       90789
       92254
       92255
       92749
       93726
       95186
       95674
       95680
       96169
       96176
       96651
       96652
       97629
       97633
       98120
       98122
       99105
       99106
       99583
       99586
       99592
       99595
      100073
      100077
      100570
      101536
      101539
      101547
      102027
      102513
      102514
      103002
      103490
      103496
      103978
      105448
