          39
       79886
       80375
       81841
       82818
       83307
       83795
       83796
       84284
       84285
       84773
       85750
       86239
       86728
       87217
       87706
       88195
       88684
       89173
       90150
       90639
       91128
       91617
       92105
       92594
       93083
       93572
       94061
       94550
       95039
       95528
       96017
       96996
       97485
       97974
       99442
       99931
      100421
      102378
      104824
