          42
       59646
       63550
       65016
       65504
       68432
       71354
       71848
       73311
       73799
       74288
       75258
       75262
       75265
       75748
       75751
       76239
       76240
       76241
       76727
       76729
       78194
       78682
       79169
       79654
       79655
       79658
       80140
       80143
       80144
       80146
       80629
       80630
       80631
       80634
       81119
       81122
       81147
       82098
       82586
       83073
       83561
       84537
