         484
         437
         441
         442
         443
         444
         445
         446
         447
         448
         449
         450
         451
         452
         453
         454
         455
         456
         457
         459
         925
         926
         930
         931
         932
         933
         934
         935
         936
         937
         938
         939
         940
         941
         942
         943
         944
         945
         946
         947
         948
         949
         950
        1414
        1415
        1419
        1420
        1421
        1422
        1423
        1424
        1425
        1426
        1427
        1428
        1429
        1430
        1431
        1432
        1433
        1434
        1435
        1436
        1437
        1438
        1439
        1440
        1441
        1903
        1904
        1908
        1909
        1910
        1911
        1912
        1913
        1914
        1915
        1916
        1917
        1918
        1919
        1920
        1921
        1922
        1923
        1924
        1925
        1926
        1927
        1928
        1929
        1930
        1931
        1932
        2392
        2393
        2397
        2398
        2399
        2400
        2401
        2402
        2403
        2404
        2405
        2406
        2407
        2408
        2409
        2410
        2411
        2412
        2414
        2415
        2416
        2417
        2418
        2419
        2421
        2422
        2423
        2881
        2882
        2886
        2887
        2888
        2889
        2890
        2891
        2892
        2893
        2894
        2895
        2896
        2897
        2898
        2899
        2900
        2901
        2902
        2903
        2904
        2905
        2906
        2907
        2908
        2909
        2910
        2912
        3370
        3375
        3376
        3377
        3378
        3379
        3380
        3381
        3382
        3383
        3384
        3385
        3386
        3387
        3388
        3389
        3390
        3391
        3392
        3393
        3394
        3395
        3396
        3397
        3398
        3399
        3401
        3859
        3863
        3864
        3865
        3866
        3867
        3868
        3869
        3870
        3871
        3872
        3873
        3874
        3875
        3876
        3877
        3878
        3879
        3880
        3881
        3882
        3883
        3884
        3885
        3886
        3888
        3889
        4352
        4353
        4354
        4355
        4356
        4357
        4358
        4359
        4360
        4361
        4362
        4363
        4364
        4365
        4366
        4367
        4368
        4369
        4370
        4371
        4372
        4373
        4374
        4375
        4376
        4377
        4378
        4841
        4842
        4843
        4844
        4845
        4846
        4847
        4848
        4849
        4850
        4851
        4852
        4853
        4854
        4855
        4856
        4857
        4858
        4859
        4860
        4861
        4862
        4863
        4864
        4865
        4866
        5330
        5331
        5332
        5333
        5334
        5335
        5336
        5337
        5338
        5339
        5340
        5341
        5342
        5343
        5344
        5345
        5346
        5347
        5348
        5349
        5350
        5351
        5352
        5353
        5354
        5819
        5820
        5821
        5822
        5823
        5824
        5825
        5826
        5827
        5828
        5829
        5830
        5831
        5832
        5833
        5834
        5835
        5836
        5837
        5838
        5839
        5840
        5841
        5842
        6308
        6309
        6310
        6311
        6312
        6313
        6314
        6315
        6316
        6317
        6318
        6319
        6320
        6321
        6322
        6323
        6324
        6325
        6326
        6327
        6328
        6329
        6330
        6797
        6798
        6799
        6800
        6801
        6802
        6803
        6804
        6805
        6806
        6807
        6808
        6809
        6810
        6811
        6812
        6813
        6814
        6815
        6816
        6817
        6818
        6819
        7286
        7287
        7288
        7289
        7290
        7291
        7292
        7293
        7294
        7295
        7296
        7297
        7298
        7299
        7300
        7301
        7302
        7303
        7304
        7305
        7306
        7307
        7775
        7776
        7777
        7778
        7779
        7780
        7781
        7782
        7783
        7784
        7785
        7786
        7787
        7788
        7789
        7790
        7791
        7792
        7793
        7794
        7795
        8264
        8265
        8266
        8267
        8268
        8269
        8270
        8271
        8272
        8273
        8274
        8275
        8276
        8277
        8278
        8279
        8280
        8281
        8282
        8283
        8753
        8754
        8755
        8756
        8757
        8758
        8759
        8760
        8761
        8762
        8763
        8764
        8765
        8766
        8767
        8768
        8769
        8770
        9242
        9243
        9244
        9245
        9246
        9247
        9248
        9249
        9250
        9251
        9252
        9253
        9254
        9255
        9256
        9257
        9258
        9731
        9732
        9733
        9734
        9735
        9736
        9737
        9738
        9739
        9740
        9741
        9742
        9743
        9744
        9745
       10220
       10221
       10222
       10223
       10224
       10225
       10226
       10227
       10228
       10229
       10230
       10231
       10709
       10710
       10711
       10712
       10713
       10714
       10715
       10716
