          53
      154995
      155484
      155973
      156462
      156478
      156951
      157431
      157439
      157440
      157455
      157920
      157928
      157929
      158417
      158418
      158906
      158907
      158921
      159386
      159395
      159396
      159875
      159884
      159885
      160364
      160373
      160374
      160853
      160862
      160863
      161351
      161353
      161840
      161842
      162329
      162331
      162341
      162808
      162818
      162820
      163297
      163307
      163309
      163796
      163798
      164285
      164287
      164774
      164776
      165755
      165756
      166246
      166247
