          54
      140871
      141850
      143313
      145265
      145757
      146246
      146734
      147221
      147229
      147233
      147723
      148198
      148205
      148214
      148686
      148687
      148694
      148704
      149172
      149175
      149181
      149188
      149663
      149670
      150158
      150169
      150646
      151135
      151616
      151623
      152112
      152113
      152114
      152115
      152116
      152117
      152118
      152119
      152601
      152602
      152609
      152610
      153086
      153090
      153092
      153574
      153575
      153581
      154070
      154559
      155063
      156027
      156518
      157501
