          41
       72116
       72118
       72128
       72604
       72607
       72618
       73092
       73584
       73594
       74068
       74071
       74571
       74574
       75047
       75060
       75061
       76025
       76039
       76040
       76515
       76517
       77008
       77495
       77497
       71644
       72134
       72623
       74091
       75084
       75571
       75573
       76061
       76550
       77037
       77038
       77039
       80952
       81443
       81930
       81931
       81932
