         186
      109250
      110230
      110719
      110720
      111209
      111210
      111211
      112190
      112662
      112679
      112680
      112687
      113168
      113169
      113641
      113642
      113655
      113656
      113657
      113658
      113659
      113660
      114135
      114136
      114137
      114138
      114139
      114144
      114145
      114146
      114147
      114148
      114149
      114150
      114151
      114152
      114153
      114154
      114155
      114619
      114626
      114628
      114629
      114632
      114633
      114634
      114635
      114636
      114637
      114638
      114639
      114640
      114641
      114642
      114643
      115109
      115118
      115119
      115120
      115121
      115122
      115123
      115124
      115125
      115126
      115127
      115128
      115129
      115608
      115609
      115610
      115611
      115612
      115613
      115614
      115615
      115616
      116088
      116098
      116099
      116100
      116101
      116102
      116103
      116104
      116105
      116577
      116578
      116588
      116589
      116590
      116591
      116592
      116593
      116594
      116595
      116596
      117067
      117077
      117078
      117079
      117080
      117081
      117082
      117083
      117084
      117085
      117086
      117087
      117556
      117566
      117567
      117568
      117569
      117570
      117571
      117572
      117573
      117574
      117575
      117576
      118055
      118056
      118057
      118534
      118544
      118545
      118546
      119033
      119034
      119035
      119513
      119522
      119523
      119524
      120011
      120012
      120013
      120023
      120024
      120492
      120493
      120500
      120501
      120502
      120506
      120509
      120510
      120511
      120982
      120989
      120990
      120991
      120992
      120993
      120994
      120995
      120996
      120997
      120998
      120999
      121471
      121478
      121479
      121480
      121481
      121482
      121483
      121484
      121485
      121486
      121487
      121488
      121962
      121966
      121967
      121968
      121971
      121972
      122451
      122452
      122453
      122454
      122455
      122456
      122943
