         327
      100214
      100215
      100700
      100701
      100702
      100703
      100704
      100705
      100706
      100707
      100708
      101187
      101188
      101189
      101190
      101191
      101192
      101193
      101194
      101195
      101196
      101197
      101198
      101199
      101200
      101675
      101676
      101677
      101678
      101679
      101680
      101681
      101682
      101683
      101684
      101685
      101686
      101687
      101688
      101689
      101690
      101691
      102164
      102165
      102166
      102167
      102168
      102169
      102170
      102171
      102172
      102173
      102174
      102175
      102176
      102177
      102178
      102179
      102180
      102652
      102653
      102654
      102655
      102656
      102657
      102658
      102659
      102660
      102661
      102662
      102663
      102664
      102665
      102666
      102667
      102668
      102669
      102670
      103141
      103142
      103143
      103144
      103145
      103146
      103147
      103148
      103149
      103150
      103151
      103152
      103153
      103154
      103155
      103156
      103157
      103158
      103159
      103630
      103631
      103632
      103633
      103634
      103635
      103636
      103637
      103638
      103639
      103640
      103641
      103642
      103643
      103644
      103645
      103646
      103647
      103648
      104119
      104120
      104121
      104122
      104123
      104124
      104125
      104126
      104127
      104128
      104129
      104130
      104131
      104132
      104133
      104134
      104135
      104137
      104608
      104609
      104610
      104611
      104612
      104613
      104614
      104615
      104616
      104617
      104618
      104619
      104620
      104621
      104622
      104623
      104624
      105097
      105098
      105099
      105100
      105101
      105102
      105103
      105104
      105105
      105106
      105107
      105108
      105109
      105110
      105111
      105112
      105113
      105586
      105587
      105588
      105589
      105590
      105591
      105592
      105593
      105594
      105595
      105596
      105597
      105598
      105599
      105600
      105601
      105602
      106075
      106076
      106077
      106078
      106079
      106080
      106081
      106082
      106083
      106084
      106085
      106086
      106087
      106088
      106089
      106090
      106091
      106564
      106565
      106566
      106567
      106568
      106569
      106570
      106571
      106572
      106573
      106574
      106575
      106576
      106577
      106578
      106579
      107053
      107054
      107055
      107056
      107057
      107058
      107059
      107060
      107061
      107062
      107063
      107064
      107065
      107066
      107067
      107068
      107542
      107543
      107544
      107545
      107546
      107547
      107548
      107549
      107550
      107551
      107552
      107553
      107554
      107555
      107556
      107557
      108031
      108032
      108033
      108034
      108035
      108036
      108037
      108038
      108039
      108040
      108041
      108042
      108043
      108044
      108045
      108046
      108520
      108521
      108522
      108523
      108524
      108525
      108526
      108527
      108528
      108529
      108530
      108531
      108532
      108533
      108534
      108535
      109009
      109010
      109011
      109012
      109013
      109014
      109015
      109016
      109017
      109018
      109019
      109020
      109021
      109022
      109023
      109024
      109498
      109499
      109500
      109501
      109502
      109503
      109504
      109505
      109506
      109507
      109508
      109509
      109510
      109511
      109512
      109513
      109514
      109993
      109994
      109995
      109996
      109997
      109998
      109999
      110000
      110001
      110002
      110003
      110492
