          59
      165382
      165383
      165384
      165869
      165873
      166355
      166356
      166357
      166358
      166846
      167827
      168803
      169291
      169780
      186373
      186378
      186379
      186867
      186868
      186869
      186870
      187354
      187355
      187356
      187357
      187850
      188830
      189301
      189307
      189319
      189320
      189790
      189792
      189796
      189798
      189799
      189808
      190281
      190282
      190287
      190288
      190769
      190770
      190772
      190776
      191265
      191745
      191749
      191752
      191754
      192238
      192241
      192730
      193220
      193706
      193709
      194194
      194198
      194682
