          57
       66562
       67051
       67537
       67538
       68025
       68026
       68027
       68514
       68516
       68517
       68518
       68519
       69002
       69006
       69489
       69490
       69491
       69494
       69977
       69979
       69980
       69981
       70463
       70464
       70465
       70468
       70952
       70953
       70954
       70957
       71440
       71441
       71442
       71445
       71929
       71930
       71931
       71932
       72418
       72419
       72906
       72907
       72920
       72921
       72925
       73393
       73394
       73395
       73416
       73881
       73882
       73902
       74370
       74371
       74858
       74859
       74882
