          52
       86969
       87461
       87948
       87949
       88437
       88438
       88442
       88924
       88925
       88927
       89412
       89413
       89414
       89900
       89901
       89902
       89903
       89904
       90385
       90389
       90390
       90391
       90392
       90878
       91364
       91853
       91856
       91857
       92342
       92343
       92344
       92831
       92832
       92833
       93319
       93321
       93322
       93808
       94297
       94785
       95273
       95274
       95763
       97223
       94781
       94786
       95275
       96250
       96252
       97227
       97228
       98203
