         105
       72117
       72129
       72605
       72606
       72616
       72617
       73093
       73094
       73095
       73104
       73105
       73106
       73107
       73581
       73582
       73583
       73593
       73595
       73596
       74069
       74070
       74072
       74082
       74083
       74084
       74085
       74557
       74558
       74559
       74560
       74561
       74572
       74573
       75048
       75049
       75050
       75062
       75063
       75536
       75537
       75538
       75539
       75550
       75551
       76026
       76027
       76028
       76029
       76041
       76516
       76518
       77005
       77006
       77007
       77496
       71153
       71154
       71155
       71156
       71157
       71641
       71642
       71643
       71645
       71646
       71647
       72130
       72131
       72132
       72133
       72135
       72136
       72619
       72620
       72621
       72622
       72624
       73108
       73109
       73110
       73111
       73112
       73113
       73597
       73598
       73599
       73600
       73601
       73602
       74086
       74087
       74088
       74089
       74090
       74575
       74576
       74577
       74578
       74579
       75572
       76060
       76548
       76549
       81441
       81442
