          40
      118043
      118532
      119511
      120001
      120490
      120980
      121469
      121958
      121959
      121980
      122467
      122468
      122938
      123427
      123428
      123442
      123443
      123444
      123928
      123929
      123930
      124407
      124408
      124409
      124410
      124415
      124416
      124417
      124898
      124899
      124900
      124901
      124902
      124903
      125388
      125389
      125390
      125391
      125392
      125877
