          39
       54020
       55977
       56465
       58902
       58908
       59392
       60857
       61818
       61831
       61832
       61833
       63281
       64258
       64747
       65236
       65725
       66215
       67194
       67210
       67211
       67684
       67696
       68174
       68175
       68176
       68177
       68178
       68182
       68668
       68669
       68670
       71608
       71614
       72090
       72091
       72094
       72095
       72578
       73066
