          47
      153748
      155212
      155696
      156174
      156176
      156181
      156182
      156668
      156690
      157154
      157181
      157640
      158637
      159121
      159127
      159131
      159605
      159622
      160095
      160102
      160112
      160581
      160597
      161069
      161083
      161571
      162048
      162059
      162543
      163516
      163517
      163519
      163524
      164003
      164493
      164495
      164501
      164982
      164990
      164994
      165480
      165490
      165969
      165970
      166460
      170365
      170852
