          95
      203649
      204630
      204631
      204632
      205116
      205120
      205121
      205122
      205123
      205124
      205609
      205610
      205611
      205612
      205613
      205615
      206097
      206098
      206099
      206100
      206101
      206103
      206105
      206590
      206591
      206592
      206594
      206596
      207078
      207079
      207082
      207083
      207084
      207086
      207087
      207571
      207574
      207575
      208060
      208061
      208062
      208063
      208064
      208065
      208066
      208067
      208550
      208551
      208552
      208553
      208554
      208555
      208556
      209039
      209040
      209041
      209042
      209043
      209044
      209528
      209529
      209530
      209531
      209532
      210018
      210019
      210020
      210021
      210505
      210507
      210508
      210509
      210993
      210994
      210996
      210997
      211482
      211483
      211486
      211970
      211973
      211974
      212462
      212463
      212950
      212951
      213927
      213928
      214916
      215403
      212969
      213455
      219351
      219844
      221767
