         472
      203098
      203099
      203103
      203585
      203586
      203587
      203590
      203591
      203592
      204073
      204074
      204075
      204076
      204077
      204078
      204079
      204080
      204081
      204082
      204083
      204562
      204563
      204564
      204565
      204566
      204567
      204568
      204569
      204570
      204571
      204572
      205050
      205052
      205053
      205054
      205055
      205056
      205057
      205058
      205059
      205060
      205061
      205062
      205541
      205542
      205543
      205544
      205545
      205546
      205547
      205548
      205549
      205550
      205551
      205552
      206029
      206030
      206031
      206032
      206033
      206034
      206035
      206036
      206037
      206038
      206039
      206040
      206041
      206519
      206520
      206521
      206522
      206523
      206524
      206525
      206526
      206527
      206528
      206529
      206530
      206531
      207007
      207008
      207009
      207010
      207011
      207012
      207013
      207014
      207015
      207016
      207017
      207018
      207019
      207020
      207497
      207498
      207499
      207500
      207501
      207502
      207503
      207504
      207505
      207506
      207507
      207508
      207509
      207510
      207986
      207987
      207988
      207989
      207990
      207991
      207992
      207993
      207994
      207995
      207996
      207997
      207998
      207999
      208475
      208476
      208477
      208478
      208479
      208480
      208481
      208482
      208483
      208484
      208485
      208486
      208487
      208488
      208489
      208965
      208966
      208967
      208968
      208969
      208970
      208971
      208972
      208973
      208974
      208975
      208976
      208977
      208978
      209454
      209455
      209456
      209457
      209458
      209459
      209460
      209461
      209462
      209463
      209464
      209465
      209466
      209467
      209468
      209943
      209944
      209945
      209946
      209947
      209948
      209949
      209950
      209951
      209952
      209953
      209954
      209955
      209956
      209957
      210432
      210433
      210434
      210435
      210436
      210437
      210438
      210439
      210440
      210441
      210442
      210443
      210444
      210445
      210446
      210447
      210921
      210922
      210923
      210924
      210925
      210926
      210927
      210928
      210929
      210930
      210931
      210932
      210933
      210934
      210935
      210936
      211410
      211411
      211412
      211413
      211414
      211415
      211416
      211417
      211418
      211419
      211420
      211421
      211422
      211423
      211424
      211425
      211899
      211900
      211901
      211902
      211903
      211904
      211905
      211906
      211907
      211908
      211909
      211910
      211911
      211912
      211913
      211914
      212388
      212389
      212390
      212391
      212392
      212393
      212394
      212395
      212396
      212397
      212398
      212399
      212400
      212401
      212402
      212403
      212877
      212878
      212879
      212880
      212881
      212882
      212883
      212884
      212885
      212886
      212887
      212888
      212889
      212890
      212891
      213366
      213367
      213368
      213369
      213370
      213371
      213372
      213373
      213374
      213375
      213376
      213377
      213378
      213379
      213380
      213855
      213856
      213857
      213858
      213859
      213860
      213861
      213862
      213863
      213864
      213865
      213866
      213867
      213868
      214344
      214345
      214346
      214347
      214348
      214349
      214350
      214351
      214352
      214353
      214354
      214355
      214356
      214357
      214832
      214833
      214834
      214835
      214836
      214837
      214838
      214839
      214840
      214841
      214842
      214843
      214844
      214845
      215321
      215322
      215323
      215324
      215325
      215326
      215327
      215328
      215329
      215330
      215331
      215332
      215333
      215334
      215810
      215811
      215812
      215813
      215814
      215815
      215816
      215817
      215818
      215819
      215820
      215821
      215822
      216299
      216300
      216301
      216302
      216303
      216304
      216305
      216306
      216307
      216308
      216309
      216310
      216311
      216787
      216788
      216789
      216790
      216791
      216792
      216793
      216794
      216795
      216796
      216797
      216798
      216799
      216800
      217276
      217277
      217278
      217279
      217280
      217281
      217282
      217283
      217284
      217285
      217286
      217287
      217288
      217765
      217766
      217767
      217768
      217769
      217770
      217771
      217772
      217773
      217774
      217775
      217776
      217777
      218254
      218255
      218256
      218257
      218258
      218259
      218260
      218261
      218262
      218263
      218264
      218265
      218743
      218744
      218745
      218746
      218747
      218748
      218749
      218750
      218751
      218752
      218753
      218754
      219232
      219233
      219234
      219235
      219236
      219237
      219238
      219239
      219240
      219241
      219242
      219243
      219722
      219723
      219724
      219725
      219726
      219727
      219728
      219729
      219730
      219731
      220213
      220214
      220215
      220216
      220219
      220220
      220704
      220705
      220706
      220707
      220708
      221196
