         105
         196
         197
         198
         199
         200
         201
         202
         203
         688
         689
         690
         691
         692
         693
         694
        1167
        1168
        1169
        1171
        1172
        1173
        1174
        1176
        1177
        1178
        1179
        1180
        1183
        1184
        1652
        1672
        1673
        1675
        2146
        2147
        2148
        2149
        2638
        2645
        2646
        2647
        2649
        3134
        3135
        3137
        3138
        3139
        3141
        3628
        3629
        6053
        6054
        6055
        6056
        6057
        6058
        6059
        6060
        6541
        6542
        6543
        6544
        6545
        6546
        6547
        6548
        6549
        6551
        6552
        6553
        7032
        7033
        7034
        7035
        7036
        7037
        7038
        7039
        7040
        7041
        7042
        7043
        7044
        7045
        7046
        7527
        7528
        7529
        7530
        7531
        7532
        7533
        7534
        7535
        7536
        7537
        7538
        7539
        7540
        8020
        8021
        8022
        8023
        8024
        8025
