         268
      101626
      101627
      102113
      102114
      102116
      102117
      102603
      102604
      102605
      103091
      103092
      103093
      103094
      103095
      103579
      103580
      103581
      103582
      103583
      103584
      104066
      104067
      104069
      104070
      104071
      104072
      104073
      104074
      104076
      104077
      104559
      104561
      104562
      104563
      104565
      104566
      105044
      105045
      105046
      105048
      105050
      105051
      105052
      105054
      105056
      105057
      105533
      105534
      105535
      105537
      105539
      105540
      105543
      105544
      105545
      105546
      105547
      105548
      105549
      105550
      106019
      106020
      106021
      106022
      106023
      106024
      106025
      106026
      106029
      106037
      106508
      106509
      106510
      106511
      106512
      106514
      106515
      106516
      106517
      106518
      106519
      106520
      106521
      106522
      106998
      107000
      107001
      107002
      107003
      107004
      107005
      107006
      107007
      107008
      107009
      107010
      107012
      107013
      107014
      107486
      107487
      107489
      107490
      107491
      107492
      107493
      107494
      107495
      107496
      107497
      107498
      107499
      107500
      107501
      107502
      107503
      107504
      107974
      107975
      107976
      107977
      107978
      107979
      107980
      107981
      107982
      107983
      107984
      107985
      107986
      107987
      107988
      107989
      107990
      107994
      108463
      108464
      108465
      108466
      108467
      108468
      108469
      108470
      108471
      108472
      108473
      108474
      108475
      108476
      108477
      108478
      108479
      108480
      108481
      108482
      108952
      108954
      108955
      108956
      108957
      108958
      108959
      108960
      108961
      108962
      108963
      108964
      108965
      108966
      108967
      108968
      108969
      108970
      108971
      109444
      109445
      109446
      109447
      109448
      109449
      109450
      109451
      109452
      109453
      109454
      109455
      109456
      109457
      109458
      109932
      109933
      109934
      109935
      109936
      109937
      109938
      109939
      109940
      109941
      109942
      109943
      109944
      109945
      109946
      109947
      109948
      110424
      110425
      110426
      110427
      110428
      110429
      110430
      110431
      110432
      110433
      110434
      110435
      110436
      110914
      110915
      110916
      110917
      110918
      110919
      110920
      110921
      110922
      110923
      110924
      110925
      111404
      111405
      111406
      111407
      111408
      111409
      111410
      111411
      111412
      111413
      111894
      111895
      111896
      111897
      111898
      111899
      111900
      111901
      112384
      112385
      112386
      112387
      112388
      112389
      112390
      112874
      112875
      112876
      112877
      112878
      113364
      113365
      113366
      113853
      113854
      113855
      114343
