         208
       64848
       64852
       65341
       65344
       65826
       65827
       65829
       65831
       65833
       65838
       65839
       65840
       66313
       66314
       66318
       66320
       66321
       66328
       66804
       66805
       66806
       66808
       66809
       66810
       66812
       66813
       66814
       66816
       67286
       67293
       67294
       67295
       67301
       67303
       67304
       67307
       67777
       67778
       67779
       67780
       67785
       67787
       67794
       67795
       67797
       67798
       67801
       67802
       68260
       68264
       68265
       68269
       68270
       68271
       68272
       68273
       68274
       68275
       68276
       68277
       68278
       68284
       68286
       68288
       68289
       68290
       68752
       68764
       68766
       68767
       68768
       68769
       68770
       68775
       68777
       68778
       69240
       69255
       69256
       69259
       69260
       69265
       69266
       69267
       69743
       69745
       69746
       69748
       69749
       69750
       69751
       69755
       69756
       69757
       70235
       70236
       70238
       70239
       70240
       70241
       70242
       70244
       70246
       70725
       70727
       70728
       70729
       70731
       70734
       70735
       70736
       70737
       70740
       71218
       71220
       71223
       71224
       71226
       71228
       71707
       71708
       71710
       71713
       71714
       72192
       72193
       72197
       72199
       72200
       72202
       72203
       72204
       72205
       72677
       72683
       72687
       72689
       72695
       73166
       73167
       73172
       73175
       73176
       73178
       73181
       73182
       73183
       73656
       73660
       73663
       73665
       73666
       73667
       73670
       73672
       73673
       74150
       74151
       74154
       74155
       74157
       74161
       74637
       74640
       74641
       74642
       74644
       74645
       74646
       74649
       74650
       74651
       74652
       74653
       75127
       75130
       75131
       75132
       75133
       75135
       75138
       75140
       75141
       75618
       75620
       75622
       75627
       76108
       76109
       76110
       76111
       76112
       76116
       76117
       76118
       76598
       76599
       76601
       76602
       77089
       77090
       77091
       77095
       77578
       77581
       77584
       77585
       78070
