          91
      156660
      158124
      159096
      159102
      160561
      160563
      161029
      161032
      161516
      161525
      161540
      161552
      161557
      162009
      162010
      162012
      162029
      162030
      162032
      162045
      162494
      162495
      162496
      162518
      162519
      162522
      162533
      162985
      162986
      162989
      162991
      162992
      163000
      163003
      163009
      163010
      163011
      163471
      163472
      163478
      163483
      163490
      163491
      163492
      163493
      163501
      163502
      163962
      163971
      163974
      163976
      163982
      163989
      163990
      163993
      164449
      164452
      164474
      164478
      164479
      164480
      164482
      164965
      164966
      164967
      164973
      165455
      165456
      165457
      165458
      165461
      165462
      165925
      165947
      166436
      166437
      166902
      166911
      168374
      168385
      168391
      168862
      168884
      169346
      169350
      169834
      170325
      170811
      170812
      170813
      171300
