          70
       21273
       25158
       25183
       25658
       25667
       26146
       26630
       26640
       27595
       28080
       28117
       29091
       29096
       29580
       29581
       31008
       31009
       31010
       31011
       31027
       31028
       31029
       31030
       31031
       20323
       24213
       24721
       25198
       25204
       25205
       25206
       25211
       25688
       26174
       26187
       26198
       26669
       26679
       26680
       26681
       26685
       26686
       27150
       27154
       27640
       27644
       28148
       28149
       28150
       28157
       28613
       28614
       28617
       28622
       29114
       29115
       29136
       29137
       29138
       29139
       29141
       30573
       30603
       31062
       31063
       31070
       31556
       31557
       31558
       31559
