        4710
       85807
       85813
       85815
       86772
       86790
       86795
       86796
       86797
       86798
       87258
       87259
       87282
       87283
       87760
       87776
       88253
       86799
       87287
       87288
       87289
       87777
       87778
       87779
       87780
       88265
       88266
       88267
       88268
       88269
       88270
       88271
       88756
       88757
       88758
       88759
       88760
       89247
       89248
       89249
       89250
       89251
       89738
       89739
       90228
       90229
       90718
       90719
       91207
       91208
       91209
       91697
       91698
       91699
       91700
       92186
       92187
       92188
       92189
       92676
       92677
       92678
       92679
       93165
       93166
       93167
       93168
       93655
       93656
       93657
       93658
       53033
       54990
       55966
       58411
       58412
       58899
       58900
       59388
       61339
       80881
       81858
       82347
       82836
       83325
       83814
       84302
       84791
       85280
       85769
       85785
       85786
       85787
       85808
       85809
       85810
       85811
       85812
       86258
       86270
       86271
       86272
       86273
       86274
       86277
       86293
       86294
       86295
       86296
       86297
       86298
       86299
       86300
       86301
       86302
       86303
       86304
       86746
       86747
       86758
       86759
       86760
       86761
       86762
       86763
       86764
       86765
       86766
       86773
       86774
       86775
       86776
       86777
       86778
       86779
       86780
       86781
       86782
       86783
       86784
       86785
       86786
       86787
       86788
       86789
       86791
       86792
       86793
       86794
       87235
       87236
       87249
       87250
       87251
       87260
       87261
       87262
       87263
       87264
       87265
       87266
       87267
       87268
       87269
       87270
       87271
       87272
       87273
       87274
       87275
       87276
       87277
       87278
       87279
       87280
       87281
       87284
       87286
       87724
       87725
       87739
       87740
       87761
       87762
       87763
       87764
       87765
       87774
       87775
       88213
       88214
       88254
       88255
       88259
       88260
       88261
       88262
       88263
       88702
       88703
       88748
       88749
       88750
       88751
       88752
       88753
       88754
       89192
       89239
       89240
       89241
       89242
       89243
       89244
       89662
       89679
       89681
       89730
       89731
       89732
       89733
       90151
       90168
       90170
       90221
       90222
       90660
       91148
       91149
       91637
       91638
       91639
       92106
       92125
       92126
       92127
       92128
       92129
       92595
       92614
       92615
       92616
       92617
       92618
       93084
       93103
       93104
       93105
       93106
       93107
       93573
       93593
       93594
       93595
       93596
       94147
       94636
       95126
       97085
       94145
       94146
       94637
       95616
       96105
       97574
       77050
       77523
       77539
       77997
       77998
       77999
       78000
       78012
       78028
       78485
       78486
       78487
       78488
       78490
       78491
       78500
       78501
       78517
       78974
       78975
       78976
       78977
       78978
       78980
       78981
       78989
       78990
       78991
       78992
       79006
       79464
       79465
       79466
       79468
       79469
       79470
       79471
       79477
       79478
       79479
       79480
       79481
       79493
       79956
       79957
       79958
       79960
       79961
       79962
       79963
       79964
       79965
       79966
       79967
       79968
       79969
       79970
       79971
       79972
       79982
       80448
       80449
       80450
       80452
       80453
       80454
       80455
       80456
       80457
       80458
       80459
       80460
       80461
       80473
       80936
       80937
       80938
       80939
       80940
       80941
       80942
       80943
       80944
       80945
       80946
       80947
       80948
       80949
       80962
       81423
       81424
       81428
       81429
       81430
       81431
       81432
       81433
       81434
       81435
       81436
       81437
       81438
       81439
       81449
       81914
       81915
       81919
       81920
       81921
       81922
       81923
       81924
       81925
       81926
       81927
       81928
       81938
       82405
       82410
       82411
       82412
       82413
       82414
       82415
       82416
       82429
       82894
       82895
       82896
       82897
       82899
       82900
       82901
       82902
       82903
       82904
       82905
       82914
       82915
       82916
       83384
       83385
       83386
       83387
       83388
       83389
       83390
       83391
       83392
       83393
       83394
       83395
       83403
       83404
       83405
       83874
       83875
       83876
       83877
       83878
       83879
       83880
       83881
       83882
       83883
       83884
       83885
       83891
       83892
       83893
       84365
       84366
       84367
       84368
       84369
       84370
       84371
       84372
       84373
       84374
       84375
       84380
       84381
       84854
       84855
       84856
       84857
       84858
       84859
       84860
       84861
       84862
       84863
       84864
       84865
       84866
       84867
       84868
       84869
       84870
       85345
       85346
       85347
       85348
       85349
       85350
       85351
       85352
       85353
       85354
       85355
       85356
       85357
       85358
       85359
       85836
       85837
       85838
       85839
       85840
       85841
       85842
       85843
       85844
       85845
       85846
       85847
       85848
       86326
       86327
       86328
       86329
       86330
       86331
       86332
       86333
       86334
       86335
       86336
       86337
       86338
       86816
       86817
       86818
       86819
       86820
       86821
       86822
       86823
       86824
       86825
       86826
       87306
       87307
       87308
       87309
       87310
       87311
       87312
       87313
       87314
       87315
       87795
       87796
       87797
       87798
       87799
       87800
       87801
       87802
       87803
       87804
       88285
       88286
       88287
       88288
       88289
       88290
       88291
       88292
       88293
       88775
       88776
       88777
       88778
       88779
       88780
       88781
       88782
       89245
       89265
       89266
       89267
       89268
       89269
       89270
       89271
       89734
       89735
       89754
       89755
       89756
       89757
       89758
       89759
       90223
       90224
       90225
       90243
       90244
       90245
       90246
       90247
       90248
       90714
       90715
       90732
       90733
       90734
       90735
       90736
       90737
       91204
       91205
       91222
       91223
       91224
       91225
       91226
       91694
       91711
       91712
       91713
       91714
       91715
       92185
       92201
       92202
       92203
       92690
       92691
       92692
       93159
       93179
       93180
       93181
       93650
       93669
       93670
       77034
       78489
       78979
       78988
       78994
       79463
       79467
       79472
       79482
       79955
       79959
       80446
       80447
       80451
       80935
       80950
       81427
       81913
       81916
       82403
       82404
       82406
       82409
       82426
       82893
       82898
       83383
       83402
       83873
       84363
       84364
       84376
       84379
       84853
       85343
       85344
       85834
       85835
       86325
       86815
       87305
       87794
       88284
       88774
       89263
       89264
       89753
       90716
       91203
       91206
       91221
       91693
       92184
       92200
       93668
       94062
       94551
       95040
       95529
       96997
       97486
       97975
       98954
       99443
      100911
      101400
      101889
      102868
      104825
      105314
      105803
      107271
      109718
      111676
       94082
       94083
       94084
       94572
       94573
       94574
       95061
       95062
       95063
       95550
       95551
       95552
       96039
       96040
       96041
       96528
       96529
       96530
       97018
       97019
       97507
       97508
       97996
       97997
       98485
       98486
       98974
       99463
       99952
      100441
      100931
      101910
      103378
      103868
       71611
       71612
       72098
       72099
       72101
       72102
       72586
       72587
       72588
       72589
       72590
       72592
       72593
       72594
       73074
       73075
       73076
       73078
       73079
       73080
       73081
       73082
       73083
       73084
       73085
       73562
       73563
       73564
       73565
       73566
       73568
       73569
       73570
       73571
       73572
       73575
       73576
       74051
       74052
       74053
       74054
       74055
       74056
       74057
       74058
       74059
       74060
       74061
       74062
       74063
       74065
       74079
       74080
       74539
       74540
       74541
       74542
       74543
       74544
       74545
       74546
       74547
       74548
       74549
       74550
       74551
       74552
       74553
       74554
       74568
       74569
       75027
       75028
       75029
       75030
       75031
       75032
       75033
       75034
       75035
       75036
       75037
       75038
       75039
       75040
       75041
       75042
       75043
       75057
       75058
       75516
       75517
       75518
       75519
       75520
       75521
       75522
       75523
       75524
       75525
       75526
       75527
       75528
       75529
       75530
       75531
       75533
       75547
       75548
       76005
       76006
       76007
       76008
       76009
       76010
       76011
       76012
       76013
       76014
       76015
       76016
       76017
       76018
       76019
       76020
       76022
       76023
       76037
       76494
       76495
       76496
       76497
       76498
       76499
       76500
       76501
       76502
       76503
       76504
       76505
       76506
       76507
       76508
       76509
       76510
       76511
       76512
       76526
       76527
       76982
       76983
       76984
       76985
       76986
       76987
       76988
       76989
       76990
       76991
       76992
       76993
       76994
       76995
       76996
       76997
       76998
       76999
       77000
       77002
       77471
       77472
       77473
       77474
       77475
       77476
       77477
       77478
       77479
       77480
       77481
       77482
       77483
       77484
       77485
       77486
       77487
       77489
       77491
       77492
       77960
       77961
       77962
       77963
       77964
       77965
       77966
       77967
       77968
       77969
       77970
       77971
       77972
       77973
       77974
       77975
       77976
       77977
       77978
       77979
       77980
       77981
       77982
       78449
       78450
       78451
       78452
       78453
       78454
       78455
       78456
       78457
       78458
       78459
       78460
       78461
       78462
       78463
       78464
       78465
       78466
       78468
       78469
       78471
       78472
       78473
       78474
       78478
       78479
       78480
       78481
       78482
       78483
       78484
       78938
       78939
       78940
       78941
       78942
       78943
       78944
       78945
       78946
       78947
       78948
       78949
       78950
       78951
       78952
       78953
       78954
       78955
       78956
       78957
       78958
       78959
       78960
       78961
       78962
       78963
       78964
       78965
       78966
       78967
       78968
       78969
       78970
       78971
       78972
       78973
       79427
       79428
       79429
       79430
       79431
       79432
       79433
       79434
       79435
       79436
       79440
       79441
       79442
       79443
       79444
       79445
       79446
       79447
       79448
       79449
       79450
       79451
       79452
       79453
       79454
       79455
       79456
       79457
       79458
       79459
       79460
       79461
       79917
       79918
       79919
       79920
       79935
       84822
       84823
       85311
       85312
       85801
       85802
       94138
       95117
       95118
       95606
       95607
       96095
       96098
       96099
       96585
       96587
       96588
       96589
       97075
       97076
       97078
       97079
       97080
       97567
       97568
       97569
       98055
       98056
       98058
       98059
       98060
       98547
       98550
       99038
       99039
       99049
       99527
       99528
       99529
      100016
      100018
      100502
      100503
      100504
      100505
      100507
      100508
      100509
      100515
      100992
      100993
      100995
      100996
      100998
      100999
      101000
      101001
      101002
      101003
      101004
      101005
      101482
      101484
      101485
      101489
      101490
      101491
      101492
      101493
      101494
      101495
      101971
      101973
      101975
      101976
      101977
      101978
      101979
      101980
      101981
      101982
      101983
      101985
      102463
      102464
      102465
      102466
      102467
      102468
      102469
      102470
      102471
      102472
      102473
      102474
      102475
      102951
      102953
      102954
      102955
      102956
      102957
      102958
      102959
      102960
      102961
      102962
      102963
      102964
      102965
      103443
      103444
      103445
      103446
      103447
      103448
      103449
      103450
      103451
      103452
      103453
      103454
      103455
      103933
      103934
      103935
      103936
      103937
      103938
      103939
      103940
      103941
      103942
      103943
      103944
      103945
      104422
      104423
      104424
      104425
      104426
      104427
      104428
      104429
      104430
      104431
      104432
      104433
      104434
      104435
      104912
      104913
      104914
      104915
      104916
      104917
      104918
      104919
      104920
      104921
      104922
      104923
      104924
      105402
      105403
      105404
      105405
      105406
      105407
      105408
      105409
      105410
      105411
      105412
      105413
      105414
      105892
      105893
      105894
      105895
      105896
      105897
      105898
      105899
      105900
      105901
      105902
      105903
      105904
      106382
      106383
      106384
      106385
      106386
      106387
      106388
      106389
      106390
      106391
      106392
      106393
      106394
      106871
      106872
      106873
      106874
      106875
      106876
      106877
      106878
      106879
      106880
      106881
      106882
      106883
      107361
      107362
      107363
      107364
      107365
      107366
      107367
      107368
      107369
      107370
      107371
      107372
      107373
      107851
      107852
      107853
      107854
      107855
      107856
      107857
      107858
      107859
      107860
      107861
      107862
      107863
      108340
      108341
      108342
      108343
      108344
      108345
      108346
      108347
      108348
      108349
      108350
      108351
      108352
      108830
      108831
      108832
      108833
      108834
      108835
      108836
      108837
      108838
      108839
      108840
      108841
      108842
      109320
      109321
      109322
      109323
      109324
      109325
      109326
      109327
      109328
      109329
      109330
      109331
      109332
      109809
      109810
      109811
      109812
      109813
      109814
      109815
      109816
      109817
      109818
      109819
      109820
      109821
      110299
      110300
      110301
      110302
      110303
      110304
      110305
      110306
      110307
      110308
      110309
      110310
      110311
      110788
      110789
      110790
      110791
      110792
      110793
      110794
      110795
      110796
      110797
      110798
      110799
      111278
      111279
      111280
      111281
      111282
      111283
      111284
      111285
      111286
      111287
      111767
      111768
      111769
      111770
      111771
      111772
      111773
      112257
      112258
      112259
      112260
      112261
      112746
      112747
      112748
      113722
      114227
      114228
      114713
      114714
      114716
      114717
      115201
      115202
      115203
      115204
      115205
      115688
      115689
      115690
      115693
      116176
      116177
      116178
      116179
      116180
      116181
      116182
      116667
      116668
      116669
      116670
      116671
      117152
      117153
      117154
      117155
      117156
      117640
       94137
       94157
       94627
       94628
       95608
       95609
       96094
       96096
       96097
       96584
       96586
       97074
       97077
       97564
       97565
       97566
       97570
       98057
       98546
       98548
       98549
       98558
       98560
       99036
       99037
       99047
       99526
       99536
       99538
      100013
      100015
      100017
      100019
      100506
      100514
      100991
      100994
      100997
      101480
      101483
      101486
      101487
      101488
      101970
      101974
      101984
      102459
      102462
      102948
      103437
      103925
      104414
      104903
      105381
      105869
      105879
      105880
       93182
       93183
       93184
       93185
       93671
       93672
       93673
       93674
       93675
       94158
       94159
       94160
       94161
       94162
       94163
       94164
       94165
       94647
       94648
       94649
       94650
       94651
       94652
       94653
       94654
       95136
       95137
       95138
       95139
       95140
       95141
       95142
       95143
       95144
       95625
       95626
       95627
       95628
       95629
       95630
       95631
       95632
       95633
       96114
       96115
       96116
       96117
       96118
       96119
       96120
       96121
       96122
       96123
       96603
       96604
       96605
       96606
       96607
       96608
       96609
       96610
       96611
       96612
       96613
       97092
       97093
       97094
       97095
       97096
       97097
       97098
       97099
       97100
       97101
       97102
       97581
       97582
       97583
       97584
       97585
       97586
       97587
       97588
       97589
       97590
       97591
       97592
       98070
       98071
       98072
       98073
       98074
       98075
       98076
       98077
       98078
       98079
       98080
       98081
       98082
       98559
       98561
       98562
       98563
       98564
       98565
       98566
       98567
       98568
       98569
       98570
       98571
       99048
       99050
       99051
       99052
       99053
       99054
       99055
       99056
       99057
       99058
       99059
       99060
       99061
       99537
       99539
       99540
       99541
       99542
       99543
       99544
       99545
       99546
       99547
       99548
       99549
       99550
       99551
      100026
      100027
      100028
      100029
      100030
      100031
      100032
      100033
      100034
      100035
      100036
      100037
      100038
      100039
      100040
      100041
      100516
      100517
      100518
      100519
      100520
      100521
      100522
      100523
      100524
      100525
      100526
      100527
      100528
      100529
      100530
      101006
      101007
      101008
      101009
      101010
      101011
      101012
      101013
      101014
      101015
      101016
      101017
      101018
      101019
      101020
      101496
      101497
      101498
      101499
      101500
      101501
      101502
      101503
      101504
      101505
      101506
      101507
      101508
      101509
      101510
      101986
      101987
      101988
      101989
      101990
      101991
      101992
      101993
      101994
      101995
      101996
      101997
      101998
      101999
      102476
      102477
      102478
      102479
      102480
      102481
      102482
      102483
      102484
      102485
      102486
      102487
      102488
      102489
      102966
      102967
      102968
      102969
      102970
      102971
      102972
      102973
      102974
      102975
      102976
      102977
      102978
      102979
      103456
      103457
      103458
      103459
      103460
      103461
      103462
      103463
      103464
      103465
      103466
      103467
      103468
      103469
      103946
      103947
      103948
      103949
      103950
      103951
      103952
      103953
      103954
      103955
      103956
      103957
      103958
      104436
      104437
      104438
      104439
      104440
      104441
      104442
      104443
      104444
      104445
      104446
      104447
      104448
      104925
      104926
      104927
      104928
      104929
      104930
      104931
      104932
      104933
      104934
      104935
      104936
      104937
      104938
      105415
      105416
      105417
      105418
      105419
      105420
      105421
      105422
      105423
      105424
      105425
      105426
      105427
      105905
      105906
      105907
      105908
      105909
      105910
      105911
      105912
      105913
      105914
      105915
      105916
      105917
      106395
      106396
      106397
      106398
      106399
      106400
      106401
      106402
      106403
      106404
      106405
      106406
      106407
      106884
      106885
      106886
      106887
      106888
      106889
      106890
      106891
      106892
      106893
      106894
      106895
      106896
      107374
      107375
      107376
      107377
      107378
      107379
      107380
      107381
      107382
      107383
      107384
      107385
      107386
      107387
      107864
      107865
      107866
      107867
      107868
      107869
      107870
      107871
      107872
      107873
      107874
      107875
      107876
      108353
      108354
      108355
      108356
      108357
      108358
      108359
      108360
      108361
      108362
      108363
      108843
      108844
      108845
      108846
      108847
      108848
      108849
      108850
      108851
      109333
      109334
      109335
      109336
      109337
      109822
      109823
      109824
      109825
      110312
      110313
      110322
      110815
      110816
      111303
      111789
      111790
      111791
      112277
      112278
      112764
      112765
      112766
      113253
      113254
      113256
      113739
      113740
      113741
      113743
      113744
      113745
      114229
      114230
      114231
      114232
      114718
      114719
      114720
      115208
       71613
       72100
       72103
       72585
       72591
       72595
       73073
       73077
       73086
       73561
       73567
       73573
       73574
       74049
       74050
       74064
       74538
       74555
       75025
       75026
       75044
       75514
       75515
       75532
       75546
       76003
       76004
       76021
       76036
       76492
       76493
       76981
       77001
       77470
       77488
       77490
       78470
       79426
       79437
       79438
       79439
       79462
       79916
       79921
       79922
       79923
       79933
       79934
       79936
       80406
       80407
       80408
       83360
       84335
       84336
       84824
       85296
       85313
       85781
       85782
       85783
       85784
       85788
       85799
       86269
       86275
       86276
       86289
       87247
       87248
       87252
       87738
      101941
      103897
      104392
      104393
      104884
      104885
      104887
      104888
      105370
      105371
      105378
       79004
       79007
       79494
       79495
       79496
       79498
       79983
       79984
       79985
       79986
       79987
       79988
       79989
       79990
       79991
       79992
       79993
       79994
       79995
       79996
       79997
       79998
       79999
       80471
       80472
       80474
       80475
       80476
       80477
       80478
       80479
       80480
       80481
       80482
       80483
       80484
       80485
       80486
       80487
       80488
       80960
       80961
       80963
       80964
       80965
       80966
       80967
       80968
       80969
       80970
       80971
       80972
       80973
       80974
       80975
       80976
       80977
       81450
       81451
       81452
       81453
       81454
       81455
       81456
       81457
       81458
       81459
       81460
       81461
       81462
       81463
       81464
       81465
       81466
       81939
       81940
       81941
       81942
       81943
       81944
       81945
       81946
       81947
       81948
       81949
       81950
       81951
       81952
       81953
       81954
       81955
       82427
       82428
       82430
       82431
       82432
       82433
       82434
       82435
       82436
       82437
       82438
       82439
       82440
       82441
       82442
       82443
       82444
       82445
       82917
       82918
       82919
       82920
       82921
       82922
       82923
       82924
       82925
       82926
       82927
       82928
       82929
       82930
       82931
       82932
       82933
       82934
       83406
       83407
       83408
       83409
       83410
       83411
       83412
       83413
       83414
       83415
       83416
       83417
       83418
       83419
       83420
       83421
       83422
       83423
       83894
       83895
       83896
       83897
       83898
       83899
       83900
       83901
       83902
       83903
       83904
       83905
       83906
       83907
       83908
       83909
       83910
       83911
       83912
       84382
       84383
       84384
       84385
       84386
       84387
       84388
       84389
       84390
       84391
       84392
       84393
       84394
       84395
       84396
       84397
       84398
       84399
       84400
       84401
       84871
       84872
       84873
       84874
       84875
       84876
       84877
       84878
       84879
       84880
       84881
       84882
       84883
       84884
       84885
       84886
       84887
       84888
       84889
       84890
       85360
       85361
       85362
       85363
       85364
       85365
       85366
       85367
       85368
       85369
       85370
       85371
       85372
       85373
       85374
       85375
       85376
       85377
       85378
       85379
       85849
       85850
       85851
       85852
       85853
       85854
       85855
       85856
       85857
       85858
       85859
       85860
       85861
       85862
       85863
       85864
       85865
       85866
       85867
       85868
       85869
       86339
       86340
       86341
       86342
       86343
       86344
       86345
       86346
       86347
       86348
       86349
       86350
       86351
       86352
       86353
       86354
       86355
       86356
       86357
       86358
       86827
       86828
       86829
       86830
       86831
       86832
       86833
       86834
       86835
       86836
       86837
       86838
       86839
       86840
       86841
       86842
       86843
       86844
       86845
       86846
       86847
       87316
       87317
       87318
       87319
       87320
       87321
       87322
       87323
       87324
       87325
       87326
       87327
       87328
       87329
       87330
       87331
       87332
       87333
       87334
       87335
       87336
       87805
       87806
       87807
       87808
       87809
       87810
       87811
       87812
       87813
       87814
       87815
       87816
       87817
       87818
       87819
       87820
       87821
       87822
       87823
       87824
       87825
       88294
       88295
       88296
       88297
       88298
       88299
       88300
       88301
       88302
       88303
       88304
       88305
       88306
       88307
       88308
       88309
       88310
       88311
       88312
       88313
       88314
       88783
       88784
       88785
       88786
       88787
       88788
       88789
       88790
       88791
       88792
       88793
       88794
       88795
       88796
       88797
       88798
       88799
       88800
       88801
       88802
       88803
       89272
       89273
       89274
       89275
       89276
       89277
       89278
       89279
       89280
       89281
       89282
       89283
       89284
       89285
       89286
       89287
       89288
       89289
       89290
       89291
       89292
       89760
       89761
       89762
       89763
       89764
       89765
       89766
       89767
       89768
       89769
       89770
       89771
       89772
       89773
       89774
       89775
       89776
       89777
       89778
       89779
       89780
       89781
       90249
       90250
       90251
       90252
       90253
       90254
       90255
       90256
       90257
       90258
       90259
       90260
       90261
       90262
       90263
       90264
       90265
       90266
       90267
       90268
       90269
       90270
       90738
       90739
       90740
       90741
       90742
       90743
       90744
       90745
       90746
       90747
       90748
       90749
       90750
       90751
       90752
       90753
       90754
       90755
       90756
       90757
       90758
       90759
       90760
       91227
       91228
       91229
       91230
       91231
       91232
       91233
       91234
       91235
       91236
       91237
       91238
       91239
       91240
       91241
       91242
       91243
       91244
       91245
       91246
       91247
       91248
       91249
       91716
       91717
       91718
       91719
       91720
       91721
       91722
       91723
       91724
       91725
       91726
       91727
       91728
       91729
       91730
       91731
       91732
       91733
       91734
       91735
       91736
       91737
       91738
       92204
       92205
       92206
       92207
       92208
       92209
       92210
       92211
       92212
       92213
       92214
       92215
       92216
       92217
       92218
       92219
       92220
       92221
       92222
       92223
       92224
       92225
       92226
       92227
       92693
       92694
       92695
       92696
       92697
       92698
       92699
       92700
       92701
       92702
       92703
       92704
       92705
       92706
       92707
       92708
       92709
       92710
       92711
       92712
       92713
       92714
       92715
       92716
       93186
       93187
       93188
       93189
       93190
       93191
       93192
       93193
       93194
       93195
       93196
       93197
       93198
       93199
       93200
       93201
       93202
       93203
       93204
       93205
       93676
       93677
       93678
       93679
       93680
       93681
       93682
       93683
       93684
       93685
       93686
       93687
       93688
       93689
       93690
       93691
       93692
       93693
       93694
       93206
       93207
       93208
       93209
       93210
       93211
       93212
       93213
       93214
       93215
       93216
       93217
       93218
       93219
       93220
       93221
       93222
       93223
       93224
       93225
       93226
       93227
       93228
       93229
       93230
       93233
       93695
       93696
       93697
       93698
       93699
       93700
       93701
       93702
       93703
       93704
       93705
       93706
       93707
       93708
       93709
       93710
       93711
       93712
       93713
       93714
       93715
       93716
       93717
       93718
       93722
       94166
       94167
       94168
       94169
       94170
       94171
       94172
       94173
       94174
       94175
       94176
       94177
       94178
       94179
       94180
       94181
       94182
       94183
       94184
       94185
       94186
       94187
       94188
       94189
       94190
       94191
       94192
       94193
       94194
       94195
       94196
       94197
       94198
       94199
       94200
       94201
       94202
       94204
       94205
       94206
       94210
       94211
       94212
       94655
       94656
       94657
       94658
       94659
       94660
       94661
       94662
       94663
       94664
       94665
       94666
       94667
       94668
       94669
       94670
       94671
       94672
       94673
       94674
       94675
       94676
       94677
       94678
       94679
       94680
       94681
       94682
       94683
       94684
       94685
       94686
       94687
       94688
       94689
       94690
       94691
       94692
       94693
       94694
       94695
       94701
       95145
       95146
       95147
       95148
       95149
       95150
       95151
       95152
       95153
       95154
       95155
       95156
       95157
       95158
       95159
       95160
       95161
       95162
       95163
       95164
       95165
       95166
       95167
       95168
       95169
       95170
       95171
       95172
       95173
       95174
       95175
       95176
       95177
       95178
       95180
       95181
       95182
       95183
       95188
       95634
       95635
       95636
       95637
       95638
       95639
       95640
       95641
       95642
       95643
       95644
       95645
       95646
       95647
       95648
       95649
       95650
       95651
       95652
       95653
       95654
       95655
       95656
       95657
       95658
       95659
       95660
       95661
       95662
       95663
       95664
       95665
       95666
       95667
       95669
       95670
       95671
       95672
       95677
       96124
       96125
       96126
       96127
       96128
       96129
       96130
       96131
       96132
       96133
       96134
       96135
       96136
       96137
       96138
       96139
       96140
       96141
       96142
       96143
       96144
       96145
       96146
       96147
       96148
       96149
       96150
       96151
       96152
       96153
       96154
       96155
       96156
       96157
       96158
       96159
       96160
       96161
       96165
       96614
       96615
       96616
       96617
       96618
       96619
       96620
       96621
       96622
       96623
       96624
       96625
       96626
       96627
       96628
       96629
       96630
       96631
       96632
       96633
       96634
       96635
       96636
       96637
       96638
       96639
       96640
       96641
       96642
       96643
       96644
       96645
       96646
       96647
       96649
       96653
       96654
       97103
       97104
       97105
       97106
       97107
       97108
       97109
       97110
       97111
       97112
       97113
       97114
       97115
       97116
       97117
       97118
       97119
       97120
       97121
       97122
       97123
       97124
       97125
       97126
       97127
       97128
       97129
       97130
       97131
       97132
       97133
       97134
       97135
       97142
       97593
       97594
       97595
       97596
       97597
       97598
       97599
       97600
       97601
       97602
       97603
       97604
       97605
       97606
       97607
       97608
       97609
       97610
       97611
       97612
       97613
       97614
       97615
       97616
       97617
       97618
       97619
       97620
       97621
       97622
       97623
       97624
       97626
       98083
       98084
       98085
       98086
       98087
       98088
       98089
       98090
       98091
       98092
       98093
       98094
       98095
       98096
       98097
       98098
       98099
       98100
       98101
       98102
       98103
       98104
       98105
       98106
       98107
       98108
       98109
       98110
       98111
       98112
       98113
       98114
       98115
       98572
       98573
       98574
       98575
       98576
       98577
       98578
       98579
       98580
       98581
       98582
       98583
       98584
       98585
       98586
       98587
       98588
       98589
       98590
       98591
       98592
       98593
       98594
       98595
       98596
       98597
       98598
       98599
       98600
       98601
       98602
       98604
       99062
       99063
       99064
       99065
       99066
       99067
       99068
       99069
       99070
       99071
       99072
       99073
       99074
       99075
       99076
       99077
       99078
       99079
       99080
       99081
       99082
       99083
       99084
       99085
       99086
       99087
       99088
       99089
       99090
       99091
       99552
       99553
       99554
       99555
       99556
       99557
       99558
       99559
       99560
       99561
       99562
       99563
       99564
       99565
       99566
       99567
       99568
       99569
       99570
       99571
       99572
       99573
       99574
       99575
       99576
       99577
       99578
       99579
       99580
       99588
      100042
      100043
      100044
      100045
      100046
      100047
      100048
      100049
      100050
      100051
      100052
      100053
      100054
      100055
      100056
      100057
      100058
      100059
      100060
      100061
      100062
      100063
      100064
      100065
      100066
      100067
      100068
      100069
      100531
      100532
      100533
      100534
      100535
      100536
      100537
      100538
      100539
      100540
      100541
      100542
      100543
      100544
      100545
      100546
      100547
      100548
      100549
      100550
      100551
      100552
      100553
      100554
      100555
      100556
      100557
      100565
      101021
      101022
      101023
      101024
      101025
      101026
      101027
      101028
      101029
      101030
      101031
      101032
      101033
      101034
      101035
      101036
      101037
      101038
      101039
      101040
      101041
      101042
      101043
      101044
      101045
      101053
      101511
      101512
      101513
      101514
      101515
      101516
      101517
      101518
      101519
      101520
      101521
      101522
      101523
      101524
      101525
      101526
      101527
      101528
      101529
      101530
      101531
      101532
      101533
      101541
      102000
      102001
      102002
      102003
      102004
      102005
      102006
      102007
      102008
      102009
      102010
      102011
      102012
      102013
      102014
      102015
      102016
      102017
      102018
      102019
      102020
      102021
      102022
      102029
      102490
      102491
      102492
      102493
      102494
      102495
      102496
      102497
      102498
      102499
      102500
      102501
      102502
      102503
      102504
      102505
      102506
      102507
      102508
      102509
      102510
      102518
      102980
      102981
      102982
      102983
      102984
      102985
      102986
      102987
      102988
      102989
      102990
      102991
      102992
      102993
      102994
      102995
      102996
      102997
      102998
      103005
      103006
      103007
      103470
      103471
      103472
      103473
      103474
      103475
      103476
      103477
      103478
      103479
      103480
      103481
      103482
      103483
      103484
      103495
      103959
      103960
      103961
      103962
      103963
      103964
      103965
      103966
      103967
      103968
      103969
      103970
      103971
      103972
      103973
      103980
      103981
      103982
      104449
      104450
      104451
      104452
      104453
      104454
      104455
      104456
      104457
      104458
      104459
      104460
      104461
      104462
      104469
      104471
      104472
      104939
      104940
      104941
      104942
      104943
      104944
      104945
      104946
      104947
      104948
      104949
      104950
      104956
      104957
      104958
      104959
      105428
      105429
      105430
      105431
      105432
      105433
      105434
      105435
      105436
      105437
      105444
      105445
      105446
      105918
      105919
      105920
      105921
      105922
      105923
      105924
      105925
      105932
      105933
      105934
      106408
      106409
      106410
      106411
      106412
      106413
      106420
      106897
      106898
      106899
      106900
      106901
      106908
      106909
      107388
      107389
      107396
      107397
      107877
      107884
      108372
      108373
      108860
       72675
       73651
       73652
       74141
       74142
       74143
       74627
       74630
       74631
       74632
       74633
       75116
       75117
       75119
       75120
       75121
       75122
       75123
       75124
       75605
       75606
       75608
       75609
       75610
       75611
       75613
       75614
       76094
       76095
       76096
       76097
       76098
       76099
       76100
       76101
       76102
       76103
       76104
       76105
       76583
       76584
       76585
       76586
       76587
       76588
       76589
       76590
       76591
       76592
       76593
       76594
       76595
       77069
       77071
       77072
       77073
       77074
       77075
       77076
       77077
       77078
       77079
       77080
       77081
       77082
       77083
       77084
       77085
       77558
       77559
       77560
       77561
       77562
       77563
       77564
       77565
       77566
       77567
       77568
       77569
       77570
       77571
       77572
       77574
       77575
       77576
       78046
       78047
       78048
       78049
       78050
       78051
       78052
       78053
       78054
       78055
       78056
       78057
       78058
       78059
       78060
       78061
       78062
       78063
       78064
       78065
       78535
       78536
       78537
       78538
       78539
       78540
       78541
       78542
       78543
       78544
       78545
       78546
       78547
       78548
       78549
       78550
       78551
       78552
       78553
       78555
       78556
       79023
       79024
       79025
       79026
       79027
       79028
       79029
       79030
       79031
       79032
       79033
       79034
       79035
       79036
       79037
       79038
       79039
       79040
       79041
       79042
       79043
       79044
       79045
       79046
       79047
       79511
       79512
       79513
       79514
       79515
       79516
       79517
       79518
       79519
       79520
       79521
       79522
       79523
       79524
       79525
       79526
       79527
       79528
       79529
       79530
       79531
       79533
       79534
       79535
       79536
       80000
       80001
       80002
       80003
       80004
       80005
       80006
       80007
       80008
       80009
       80010
       80011
       80012
       80013
       80014
       80015
       80016
       80017
       80018
       80019
       80020
       80022
       80023
       80024
       80025
       80026
       80489
       80490
       80491
       80492
       80493
       80494
       80495
       80496
       80497
       80498
       80499
       80500
       80501
       80502
       80503
       80504
       80505
       80506
       80507
       80508
       80509
       80510
       80511
       80512
       80513
       80515
       80516
       80978
       80979
       80980
       80981
       80982
       80983
       80984
       80985
       80986
       80987
       80988
       80989
       80990
       80991
       80992
       80993
       80994
       80995
       80996
       80997
       80998
       80999
       81000
       81001
       81002
       81003
       81004
       81005
       81467
       81468
       81469
       81470
       81471
       81472
       81473
       81474
       81475
       81476
       81477
       81478
       81479
       81480
       81481
       81482
       81483
       81484
       81485
       81486
       81487
       81488
       81489
       81491
       81492
       81493
       81494
       81495
       81956
       81957
       81958
       81959
       81960
       81961
       81962
       81963
       81964
       81965
       81966
       81967
       81968
       81969
       81970
       81971
       81972
       81973
       81974
       81975
       81976
       81977
       81978
       81979
       81980
       81981
       81982
       81983
       81984
       82446
       82447
       82448
       82449
       82450
       82451
       82452
       82453
       82454
       82455
       82456
       82457
       82458
       82459
       82460
       82461
       82462
       82463
       82464
       82465
       82466
       82467
       82468
       82469
       82470
       82472
       82473
       82935
       82936
       82937
       82938
       82939
       82940
       82941
       82942
       82943
       82944
       82945
       82946
       82947
       82948
       82949
       82950
       82951
       82952
       82953
       82954
       82955
       82956
       82957
       82958
       82959
       82960
       82961
       82962
       82963
       83424
       83425
       83426
       83427
       83428
       83429
       83430
       83431
       83432
       83433
       83434
       83435
       83436
       83437
       83438
       83439
       83440
       83441
       83442
       83443
       83444
       83445
       83446
       83447
       83448
       83449
       83450
       83451
       83452
       83913
       83914
       83915
       83916
       83917
       83918
       83919
       83920
       83921
       83922
       83923
       83924
       83925
       83926
       83927
       83928
       83929
       83930
       83931
       83932
       83933
       83934
       83935
       83936
       83937
       83938
       83939
       83940
       83941
       83942
       83947
       84402
       84403
       84404
       84405
       84406
       84407
       84408
       84409
       84410
       84411
       84412
       84413
       84414
       84415
       84416
       84417
       84418
       84419
       84420
       84421
       84422
       84423
       84424
       84425
       84426
       84427
       84428
       84429
       84431
       84435
       84436
       84891
       84892
       84893
       84894
       84895
       84896
       84897
       84898
       84899
       84900
       84901
       84902
       84903
       84904
       84905
       84906
       84907
       84908
       84909
       84910
       84911
       84912
       84913
       84914
       84915
       84916
       84917
       84918
       84920
       84924
       84925
       85380
       85381
       85382
       85383
       85384
       85385
       85386
       85387
       85388
       85389
       85390
       85391
       85392
       85393
       85394
       85395
       85396
       85397
       85398
       85399
       85400
       85401
       85402
       85403
       85404
       85405
       85406
       85407
       85408
       85409
       85413
       85414
       85870
       85871
       85872
       85873
       85874
       85875
       85876
       85877
       85878
       85879
       85880
       85881
       85882
       85883
       85884
       85885
       85886
       85887
       85888
       85889
       85890
       85891
       85892
       85893
       85894
       85895
       85896
       85897
       85898
       85903
       86359
       86360
       86361
       86362
       86363
       86364
       86365
       86366
       86367
       86368
       86369
       86370
       86371
       86372
       86373
       86374
       86375
       86376
       86377
       86378
       86379
       86380
       86381
       86382
       86383
       86384
       86385
       86386
       86387
       86392
       86848
       86849
       86850
       86851
       86852
       86853
       86854
       86855
       86856
       86857
       86858
       86859
       86860
       86861
       86862
       86863
       86864
       86865
       86866
       86867
       86868
       86869
       86870
       86871
       86872
       86873
       86874
       86875
       86876
       86877
       86880
       86881
       87337
       87338
       87339
       87340
       87341
       87342
       87343
       87344
       87345
       87346
       87347
       87348
       87349
       87350
       87351
       87352
       87353
       87354
       87355
       87356
       87357
       87358
       87359
       87360
       87361
       87362
       87363
       87364
       87365
       87369
       87370
       87826
       87827
       87828
       87829
       87830
       87831
       87832
       87833
       87834
       87835
       87836
       87837
       87838
       87839
       87840
       87841
       87842
       87843
       87844
       87845
       87846
       87847
       87848
       87849
       87850
       87851
       87852
       87853
       87858
       87859
       87860
       88315
       88316
       88317
       88318
       88319
       88320
       88321
       88322
       88323
       88324
       88325
       88326
       88327
       88328
       88329
       88330
       88331
       88332
       88333
       88334
       88335
       88336
       88337
       88338
       88339
       88340
       88341
       88342
       88343
       88346
       88348
       88349
       88804
       88805
       88806
       88807
       88808
       88809
       88810
       88811
       88812
       88813
       88814
       88815
       88816
       88817
       88818
       88819
       88820
       88821
       88822
       88823
       88824
       88825
       88826
       88827
       88828
       88829
       88830
       88831
       88832
       88835
       88837
       89293
       89294
       89295
       89296
       89297
       89298
       89299
       89300
       89301
       89302
       89303
       89304
       89305
       89306
       89307
       89308
       89309
       89310
       89311
       89312
       89313
       89314
       89315
       89316
       89317
       89318
       89320
       89321
       89324
       89325
       89326
       89782
       89783
       89784
       89785
       89786
       89787
       89788
       89789
       89790
       89791
       89792
       89793
       89794
       89795
       89796
       89797
       89798
       89799
       89800
       89801
       89802
       89803
       89804
       89805
       89806
       89807
       89808
       89809
       89813
       89814
       89815
       90271
       90272
       90273
       90274
       90275
       90276
       90277
       90278
       90279
       90280
       90281
       90282
       90283
       90284
       90285
       90286
       90287
       90288
       90289
       90290
       90291
       90292
       90293
       90294
       90295
       90296
       90297
       90298
       90301
       90302
       90303
       90305
       90761
       90762
       90763
       90764
       90765
       90766
       90767
       90768
       90769
       90770
       90771
       90772
       90773
       90774
       90775
       90776
       90777
       90778
       90779
       90780
       90781
       90782
       90783
       90784
       90785
       90786
       90787
       90791
       90792
       90793
       91250
       91251
       91252
       91253
       91254
       91255
       91256
       91257
       91258
       91259
       91260
       91261
       91262
       91263
       91264
       91265
       91266
       91267
       91268
       91269
       91270
       91271
       91272
       91273
       91274
       91275
       91276
       91280
       91281
       91739
       91740
       91741
       91742
       91743
       91744
       91745
       91746
       91747
       91748
       91749
       91750
       91751
       91752
       91753
       91754
       91755
       91756
       91757
       91758
       91759
       91760
       91761
       91762
       91763
       91764
       91767
       91768
       91769
       91770
       92228
       92229
       92230
       92231
       92232
       92233
       92234
       92235
       92236
       92237
       92238
       92239
       92240
       92241
       92242
       92243
       92244
       92245
       92246
       92247
       92248
       92249
       92250
       92251
       92252
       92253
       92256
       92257
       92258
       92259
       92717
       92718
       92719
       92720
       92721
       92722
       92723
       92724
       92725
       92726
       92727
       92728
       92729
       92730
       92731
       92732
       92733
       92734
       92735
       92736
       92737
       92738
       92739
       92740
       92741
       92742
       92745
       92746
       93235
       93234
       93723
       94203
       94700
       95179
       95184
       95189
       95196
       95668
       95676
       96166
       96648
       97136
       97137
       97138
       97143
       97625
       99092
      101046
      101052
      101534
      102028
      102030
      102515
      103485
      103486
      103492
      103493
      103494
      103983
      104468
      104470
      105926
      106421
      106422
       71732
       72699
       73197
       73675
       73678
       73686
       74176
       74186
       74188
       74201
       74677
       74690
       75153
       75154
       75633
       75642
       75643
       76131
       76612
       76645
       77108
       77134
       77135
       77573
       77588
       77623
       78077
       78082
       78083
       78084
       78085
       78554
       78570
       78571
       78574
       79058
       79059
       79532
       79548
       79550
       80021
       80027
       80037
       80041
       80514
       80530
       81013
       81019
       81490
       81502
       81503
       81506
       81516
       81517
       81991
       81994
       82471
       82479
       82483
       82493
       82969
       82970
       82972
       82973
       83458
       83459
       83460
       83461
       83462
       83470
       83946
       83948
       83949
       83952
       83960
       84430
       84432
       84437
       84438
       84447
       84449
       84470
       84919
       84921
       84923
       84926
       84927
       85412
       85415
       85416
       85418
       85435
       85449
       85902
       85904
       85905
       85907
       85924
       86389
       86390
       86391
       86393
       86414
       86878
       86882
       86883
       86893
       87366
       87371
       87372
       87379
       87381
       87404
       87854
       87857
       87870
       88347
       88356
       88836
       88838
       88839
       88870
       89319
       89328
       89347
       89810
       89812
       89816
       90304
       90314
       90790
       90794
       90799
       90806
       91278
       91279
       91282
       91771
       91776
       92260
       92744
       92747
       92748
       92753
       92781
       93236
       93244
       93719
       93724
       93731
       93734
       94207
       94696
       94699
       94709
       95187
       95199
       95673
       95678
       95686
       96650
       96664
       97627
       97630
       97631
       97641
       98116
       98119
       98127
       98603
       98611
       98615
       99099
       99581
      100076
      100558
      100564
      101535
      101542
      102023
      102511
      102516
      102517
      102999
      103004
      103487
      103974
      103984
      104955
      105447
       93237
       93725
       94208
       94213
       94697
       94698
       95185
       95190
       95200
       96162
       96164
       96187
       96655
       96661
       96663
       97139
       97141
       97639
       97652
       97653
       98129
       98144
       99093
       99104
       99603
      100072
      100081
      101047
      101058
      101060
      101076
      101540
      102026
      102035
      102519
      103003
       72221
       73687
       74175
       74664
       76132
       76141
       77118
       77597
       78572
       78573
       78584
       79061
       79537
       79544
       79547
       79549
       79552
       80036
       80038
       80039
       80524
       80526
       80528
       80529
       81014
       81015
       81017
       81018
       81504
       81505
       81508
       81990
       81992
       81993
       82971
       83453
       83456
       83463
       83945
       83950
       83951
       84434
       84441
       85900
       85901
       86413
       86890
       89345
       91291
       91765
       66347
       69282
       70248
       70275
       71242
       71731
       72220
       72698
       72709
       72710
       73198
       73199
       73697
       74164
       74656
       75145
       75652
       76620
       78086
       79060
       79062
       79063
       79546
       79551
       80033
       80035
       80040
       80522
       80525
       80527
       81011
       81012
       81016
       81500
       81501
       81507
       81989
       81996
       82481
       82482
       82967
       83457
       83943
       84439
       84928
       84929
       85410
       85411
       85417
       85424
       86388
       86394
       86884
       87367
       87368
       87855
       87861
       88344
       88350
       88360
       88833
       89322
       89323
       89327
       90299
