          49
      196525
      197014
      197502
      197991
      197992
      198480
      198481
      198969
      198970
      198971
      199458
      199459
      199947
      200436
      200437
      200438
      200925
      200926
      200927
      201415
      201904
      202393
      202882
      203360
      203371
      203849
      203860
      204349
      204838
      205327
      205816
      206305
      206793
      206794
      207282
      207771
      208258
      208259
      208747
      208748
      209227
      209236
      209725
      210207
      210214
      210699
      210700
      210701
      210702
