          90
        9404
        9903
       10879
       12345
       12821
       13307
       13803
       13804
       13815
        2110
        3085
        4052
        4539
        5021
        5023
        5535
        5999
        6023
        6486
        6491
        6509
        6973
        6974
        6981
        6995
        7460
        7461
        7466
        7467
        7468
        7469
        7470
        7471
        7482
        7953
        7954
        7955
        7971
        8440
        8441
        8456
        8458
        8929
        8945
        9415
        9416
        9431
        9432
        9902
        9918
       10405
       10892
       10893
       11369
       11379
       11864
       11865
       11866
       11867
       12351
       12352
       12353
       12354
       12838
       13325
       13326
       13327
       13340
       13814
       13816
       13817
       13818
       13819
       13820
        9897
       12344
       13314
       13805
       13806
       13807
       13808
       14299
       10877
       11366
       11856
       13313
       13322
       13324
       13809
       13813
