          80
      194038
      194527
      194529
      195018
      195507
      195510
      195996
      196009
      196486
      196489
      196492
      196493
      196975
      196982
      196983
      197464
      197467
      197471
      197472
      197953
      197956
      197959
      197960
      197961
      198443
      198444
      198446
      198447
      198450
      198933
      198939
      199424
      199428
      199908
      199913
      199914
      199917
      200396
      200402
      200403
      200404
      200405
      200406
      200885
      200891
      200892
      200893
      200894
      200895
      201374
      201380
      201381
      201382
      201383
      201384
      201863
      201866
      201869
      201870
      201871
      201872
      201873
      202352
      202355
      202358
      202361
      202362
      202843
      202844
      203331
      203332
      203333
      203820
      203822
      204317
      204801
      205290
      205779
      205783
      206272
