          64
      103488
      103976
      104466
      104954
      105929
      105930
      106903
      106906
      106911
      107394
      107399
      107882
      107886
      108855
      108856
      108857
      109345
      109350
      109828
      109829
      109830
      109831
      109836
      109839
      110314
      110318
      110319
      110802
      110804
      110805
      110806
      110811
      110813
      110817
      111290
      111292
      111293
      111294
      111295
      111296
      111297
      111298
      111300
      111305
      111779
      111780
      111787
      112265
      112266
      112267
      112268
      112269
      112274
      112281
      112770
      113251
      113738
      114234
      114722
      115210
      115713
      116186
      117160
      117646
