         336
      106917
      107404
      107406
      107892
      107893
      107894
      108381
      108383
      108389
      108391
      108868
      108869
      108871
      108878
      108879
      108882
      109357
      109358
      109359
      109360
      109366
      109372
      109847
      109848
      109850
      109856
      109859
      109860
      109861
      110334
      110336
      110339
      110343
      110348
      110349
      110350
      110823
      110824
      110827
      110832
      110836
      110837
      110839
      111310
      111311
      111312
      111313
      111320
      111323
      111324
      111325
      111326
      111799
      111800
      111801
      111808
      111811
      111814
      111815
      111816
      112289
      112296
      112299
      112301
      112303
      112305
      112306
      112776
      112778
      112787
      112788
      112790
      112791
      112792
      112794
      112795
      113265
      113277
      113278
      113279
      113280
      113281
      113283
      113752
      113753
      113755
      113763
      113764
      113765
      113766
      113767
      113768
      113769
      113770
      113771
      113772
      114240
      114241
      114242
      114243
      114250
      114251
      114252
      114253
      114254
      114255
      114256
      114257
      114259
      114260
      114729
      114730
      114732
      114739
      114740
      114741
      114742
      114743
      114744
      114745
      114746
      114747
      114749
      115217
      115218
      115219
      115220
      115226
      115227
      115228
      115229
      115230
      115231
      115232
      115233
      115234
      115235
      115236
      115238
      115705
      115706
      115707
      115708
      115709
      115714
      115716
      115717
      115718
      115719
      115720
      115721
      115722
      115723
      115724
      115725
      115726
      116193
      116194
      116195
      116196
      116203
      116204
      116205
      116206
      116207
      116208
      116209
      116210
      116211
      116212
      116213
      116214
      116215
      116683
      116684
      116685
      116691
      116692
      116694
      116695
      116696
      116697
      116698
      116699
      116700
      116701
      116702
      116703
      117172
      117173
      117179
      117180
      117181
      117182
      117184
      117185
      117186
      117187
      117188
      117189
      117190
      117191
      117192
      117668
      117670
      117672
      117673
      117674
      117675
      117676
      117677
      117678
      117679
      117680
      117681
      118157
      118158
      118159
      118161
      118162
      118165
      118166
      118167
      118168
      118169
      118171
      118645
      118648
      118649
      118651
      118652
      118653
      118654
      118655
      118656
      118657
      118658
      119133
      119134
      119135
      119137
      119138
      119140
      119141
      119142
      119143
      119145
      119146
      119148
      119622
      119624
      119625
      119627
      119628
      119629
      119630
      119631
      119632
      119634
      119635
      120110
      120111
      120112
      120114
      120115
      120117
      120118
      120119
      120120
      120121
      120122
      120123
      120598
      120599
      120601
      120603
      120604
      120606
      120607
      120608
      120609
      120610
      120611
      120612
      121090
      121091
      121092
      121093
      121095
      121096
      121097
      121098
      121099
      121100
      121578
      121579
      121580
      121581
      121583
      121585
      121586
      121587
      121588
      122070
      122071
      122073
      122074
      122076
      122077
      122557
      122559
      122560
      122561
      122562
      122563
      122564
      122565
      123048
      123049
      123050
      123051
      123052
      123053
      123538
      123539
      123540
      123541
      124028
      124029
      124517
      124527
      125014
      125015
      125502
      125991
      125992
