         154
      163719
      163720
      163721
      163722
      163723
      163724
      163725
      164208
      164209
      164210
      164211
      164212
      164213
      164214
      164696
      164697
      164698
      164699
      164700
      164701
      164702
      164703
      164704
      165185
      165186
      165187
      165188
      165189
      165190
      165191
      165192
      165193
      165673
      165674
      165675
      165676
      165677
      165678
      165679
      165680
      165681
      165682
      166162
      166163
      166164
      166165
      166166
      166167
      166168
      166169
      166170
      166171
      166172
      166650
      166651
      166652
      166653
      166654
      166655
      166656
      166657
      166658
      166659
      166660
      166661
      167139
      167140
      167141
      167142
      167143
      167144
      167145
      167146
      167147
      167148
      167149
      167150
      167151
      167627
      167628
      167629
      167630
      167631
      167632
      167633
      167634
      167635
      167636
      167637
      167638
      167639
      167640
      168117
      168118
      168119
      168120
      168121
      168122
      168123
      168124
      168125
      168126
      168127
      168128
      168129
      168606
      168607
      168608
      168609
      168610
      168611
      168612
      168613
      168614
      168615
      168616
      168617
      169096
      169097
      169098
      169099
      169100
      169101
      169102
      169103
      169104
      169105
      169106
      169585
      169586
      169587
      169588
      169589
      169590
      169591
      169592
      169593
      169594
      170074
      170075
      170076
      170077
      170078
      170079
      170080
      170081
      170082
      170564
      170565
      170566
      170567
      170568
      170569
      170570
