         444
      117654
      118141
      118142
      118143
      118144
      118629
      118630
      118631
      118632
      119114
      119115
      119116
      119117
      119118
      119119
      119120
      119121
      119601
      119602
      119603
      119604
      119605
      119608
      119609
      119610
      119612
      120086
      120087
      120088
      120089
      120090
      120091
      120092
      120093
      120094
      120095
      120096
      120097
      120098
      120099
      120100
      120101
      120573
      120574
      120575
      120576
      120577
      120578
      120579
      120580
      120581
      120582
      120583
      120584
      120585
      120586
      120588
      120589
      120590
      121056
      121057
      121058
      121059
      121060
      121061
      121062
      121063
      121064
      121065
      121066
      121067
      121068
      121069
      121070
      121071
      121073
      121074
      121077
      121544
      121545
      121546
      121547
      121548
      121549
      121550
      121551
      121552
      121553
      121554
      121555
      121556
      121557
      121558
      121559
      121560
      121561
      121562
      121563
      121564
      121565
      121566
      122032
      122033
      122034
      122035
      122036
      122037
      122038
      122039
      122040
      122041
      122042
      122043
      122044
      122045
      122046
      122047
      122048
      122049
      122050
      122051
      122052
      122053
      122054
      122518
      122519
      122520
      122521
      122522
      122523
      122524
      122525
      122526
      122527
      122528
      122529
      122530
      122531
      122532
      122533
      122534
      122535
      122536
      122537
      122538
      122539
      122543
      123006
      123007
      123008
      123009
      123010
      123011
      123012
      123013
      123014
      123015
      123016
      123017
      123018
      123019
      123020
      123021
      123022
      123023
      123024
      123025
      123026
      123027
      123028
      123029
      123031
      123494
      123495
      123496
      123497
      123498
      123499
      123500
      123501
      123502
      123503
      123504
      123505
      123506
      123507
      123508
      123509
      123510
      123511
      123512
      123513
      123514
      123515
      123516
      123518
      123519
      123520
      123523
      123980
      123981
      123982
      123983
      123984
      123985
      123986
      123987
      123988
      123989
      123990
      123991
      123992
      123993
      123994
      123995
      123996
      123997
      123998
      123999
      124000
      124001
      124002
      124003
      124004
      124005
      124006
      124008
      124011
      124464
      124470
      124471
      124472
      124473
      124474
      124475
      124476
      124477
      124478
      124479
      124480
      124481
      124482
      124483
      124484
      124485
      124486
      124487
      124488
      124489
      124490
      124491
      124492
      124493
      124494
      124495
      124496
      124951
      124958
      124959
      124960
      124961
      124962
      124963
      124964
      124965
      124966
      124967
      124968
      124969
      124970
      124971
      124972
      124973
      124974
      124975
      124976
      124977
      124978
      124979
      124980
      124981
      124982
      124983
      125448
      125449
      125450
      125451
      125452
      125453
      125454
      125455
      125456
      125457
      125458
      125459
      125460
      125461
      125462
      125463
      125464
      125465
      125466
      125467
      125468
      125469
      125470
      125471
      125472
      125939
      125940
      125941
      125942
      125943
      125944
      125945
      125946
      125947
      125948
      125949
      125950
      125951
      125952
      125953
      125954
      125956
      125957
      125959
      125960
      126428
      126429
      126430
      126431
      126432
      126433
      126434
      126435
      126436
      126437
      126438
      126439
      126440
      126441
      126442
      126444
      126445
      126447
      126448
      126455
      126456
      126918
      126919
      126920
      126921
      126922
      126923
      126924
      126925
      126926
      126927
      126928
      126929
      126930
      126931
      126933
      126934
      126936
      126944
      127408
      127409
      127410
      127411
      127412
      127413
      127414
      127415
      127416
      127417
      127418
      127419
      127420
      127421
      127422
      127423
      127424
      127432
      127898
      127899
      127900
      127901
      127902
      127903
      127904
      127905
      127906
      127907
      127908
      127909
      127910
      127912
      127920
      128388
      128389
      128390
      128391
      128392
      128393
      128394
      128395
      128396
      128397
      128398
      128399
      128400
      128401
      128878
      128879
      128880
      128881
      128882
      128883
      128884
      128885
      128886
      128887
      128888
      128896
      128897
      129368
      129369
      129370
      129371
      129372
      129373
      129374
      129375
      129376
      129860
      129863
      129864
      129865
      130348
      130353
      130840
      130841
