         482
       53790
       54279
       58677
       59164
       59165
       59166
       59653
       59654
       59655
       59656
       59657
       60137
       60138
       60141
       60142
       60143
       60144
       60145
       60146
       60147
       60625
       60626
       60627
       60628
       60629
       60630
       60631
       60632
       60633
       60634
       60635
       60636
       61114
       61116
       61117
       61118
       61119
       61120
       61121
       61122
       61123
       61124
       61125
       61602
       61604
       61605
       61606
       61607
       61608
       61609
       61610
       61611
       61612
       61613
       61614
       62090
       62091
       62092
       62093
       62095
       62096
       62097
       62098
       62099
       62100
       62101
       62102
       62103
       62578
       62580
       62581
       62584
       62585
       62586
       62587
       62588
       62589
       62590
       62591
       62592
       63065
       63066
       63067
       63068
       63069
       63071
       63072
       63073
       63074
       63075
       63076
       63077
       63078
       63079
       63080
       63081
       63554
       63555
       63556
       63557
       63558
       63559
       63560
       63561
       63562
       63563
       63564
       63565
       63566
       63567
       63568
       63569
       63570
       64042
       64043
       64044
       64045
       64046
       64047
       64048
       64049
       64050
       64051
       64052
       64053
       64054
       64055
       64056
       64057
       64058
       64059
       64530
       64532
       64533
       64534
       64535
       64536
       64537
       64538
       64539
       64540
       64541
       64542
       64543
       64544
       64545
       64546
       64547
       64548
       65018
       65021
       65022
       65023
       65024
       65025
       65026
       65027
       65028
       65029
       65030
       65031
       65032
       65033
       65034
       65035
       65036
       65037
       65505
       65506
       65508
       65509
       65510
       65511
       65512
       65513
       65514
       65515
       65516
       65517
       65518
       65519
       65520
       65521
       65522
       65523
       65524
       65525
       65526
       65994
       65995
       65996
       65997
       65998
       65999
       66000
       66001
       66002
       66003
       66004
       66005
       66006
       66007
       66008
       66009
       66010
       66011
       66012
       66013
       66014
       66015
       66482
       66484
       66485
       66488
       66489
       66490
       66491
       66492
       66493
       66494
       66495
       66496
       66497
       66498
       66499
       66500
       66501
       66502
       66503
       66504
       66969
       66970
       66971
       66972
       66973
       66976
       66977
       66978
       66979
       66980
       66981
       66982
       66983
       66984
       66985
       66986
       66987
       66988
       66989
       66990
       66991
       66992
       66993
       67458
       67459
       67460
       67461
       67462
       67463
       67464
       67465
       67466
       67467
       67468
       67469
       67470
       67471
       67472
       67473
       67474
       67475
       67476
       67477
       67478
       67479
       67480
       67481
       67482
       67947
       67948
       67949
       67950
       67951
       67952
       67953
       67954
       67955
       67956
       67957
       67958
       67959
       67960
       67961
       67962
       67963
       67964
       67965
       67966
       67967
       67968
       67969
       67970
       67971
       68437
       68438
       68439
       68440
       68441
       68442
       68443
       68444
       68445
       68446
       68447
       68448
       68449
       68450
       68451
       68452
       68453
       68454
       68455
       68456
       68457
       68458
       68459
       68460
       68927
       68928
       68929
       68930
       68931
       68932
       68933
       68934
       68935
       68936
       68937
       68938
       68939
       68940
       68941
       68942
       68943
       68944
       68945
       68946
       68947
       68948
       68949
       69417
       69418
       69419
       69420
       69421
       69422
       69423
       69424
       69425
       69426
       69427
       69428
       69429
       69430
       69431
       69432
       69433
       69434
       69435
       69436
       69437
       69438
       69907
       69908
       69909
       69910
       69911
       69912
       69913
       69914
       69915
       69916
       69917
       69918
       69919
       69920
       69921
       69922
       69923
       69924
       69925
       69926
       69927
       70397
       70398
       70399
       70400
       70401
       70402
       70403
       70404
       70405
       70406
       70407
       70408
       70409
       70410
       70411
       70412
       70413
       70414
       70415
       70416
       70888
       70889
       70890
       70891
       70892
       70893
       70894
       70895
       70896
       70897
       70898
       70899
       70900
       70901
       70902
       70903
       70904
       70905
       71378
       71379
       71380
       71381
       71382
       71383
       71384
       71385
       71386
       71387
       71388
       71389
       71390
       71391
       71392
       71393
       71394
       71868
       71869
       71870
       71871
       71872
       71873
       71874
       71875
       71876
       71877
       71878
       71879
       71880
       71881
       71882
       71883
       72360
       72361
       72362
       72363
       72364
       72365
       72366
       72367
       72368
       72369
       72370
       72371
       72372
       72857
       72858
       72859
       72860
       72861
