          41
      208268
      208757
      209246
      209733
      209735
      209737
      210222
      210223
      210224
      210712
      210713
      211201
      211202
      211205
      211690
      211691
      211694
      212178
      212181
      212667
      212670
      213150
      213151
      213152
      213156
      213638
      213641
      213642
      213645
      213651
      214131
      214134
      214621
      214623
      214624
      215110
      215111
      215113
      215600
      215602
      216578
