         137
      199926
      202371
      202372
      202382
      202860
      202861
      202862
      202867
      203349
      203350
      203351
      203363
      203838
      203839
      203840
      203841
      203842
      203850
      203852
      203853
      204327
      204333
      204334
      204335
      204336
      204337
      204816
      204817
      204823
      204824
      204825
      204826
      205305
      205313
      205314
      205315
      205316
      205323
      205326
      205793
      205794
      205797
      205798
      205802
      205803
      205804
      205805
      205812
      206282
      206283
      206286
      206287
      206288
      206290
      206291
      206292
      206293
      206294
      206301
      206771
      206772
      206775
      206776
      206777
      206778
      206779
      206780
      206781
      206782
      206790
      206792
      207259
      207260
      207261
      207264
      207265
      207266
      207267
      207268
      207269
      207270
      207271
      207279
      207280
      207281
      207748
      207749
      207750
      207753
      207754
      207755
      207756
      207757
      207758
      207759
      207768
      207769
      207770
      208236
      208238
      208246
      208247
      208248
      208249
      208254
      208255
      208256
      208257
      208725
      208726
      208727
      208735
      208736
      208737
      208744
      208745
      208746
      209215
      209217
      209224
      209228
      209704
      209706
      209718
      210193
      210209
      210210
      210211
      210212
      210213
      210682
      211170
      211171
      211659
      211660
      214105
      214109
