         206
      172852
      172853
      172854
      172855
      172856
      172858
      172859
      172860
      172861
      172862
      172863
      173345
      173346
      173347
      173348
      173349
      173350
      173351
      173352
      173837
      173838
      173839
      173840
      173841
      174306
      174307
      174308
      174309
      174310
      174311
      174312
      174313
      174314
      174315
      174316
      174317
      174318
      174327
      174328
      174329
      174330
      174797
      174798
      174799
      174800
      174801
      174802
      174803
      174804
      174805
      174806
      174807
      174808
      174809
      174810
      174811
      174812
      174813
      174814
      174815
      174816
      174817
      174818
      174819
      175285
      175286
      175287
      175288
      175289
      175290
      175291
      175292
      175293
      175294
      175295
      175296
      175297
      175298
      175300
      175301
      175302
      175303
      175304
      175305
      175306
      175307
      175308
      175775
      175776
      175777
      175778
      175779
      175780
      175781
      175782
      175783
      175784
      175785
      175786
      175787
      175788
      175789
      175790
      175791
      175792
      175793
      175794
      175795
      175796
      175797
      176264
      176265
      176266
      176267
      176268
      176269
      176270
      176271
      176272
      176273
      176274
      176275
      176276
      176277
      176278
      176279
      176280
      176281
      176282
      176283
      176284
      176753
      176754
      176755
      176756
      176757
      176758
      176759
      176760
      176761
      176762
      176763
      176764
      176765
      177239
      177240
      177241
      177242
      177243
      177244
      177245
      177246
      177247
      177248
      177249
      177250
      177724
      177731
      177732
      177733
      178217
      172389
      172864
      172865
      172873
      172874
      172875
      172876
      172877
      173353
      173354
      173355
      173356
      173357
      173358
      173359
      173360
      173361
      173362
      173363
      173364
      173842
      173843
      173844
      173845
      173846
      173847
      173848
      173849
      173850
      173851
      173852
      174331
      174332
      174333
      174334
      174820
      174821
      174822
      174823
      175309
      175310
      175311
      175312
      175798
      175799
