         318
       25154
       25155
       25647
       26622
       26641
       26652
       27128
       27135
       27596
       27614
       27623
       28082
       28095
       28110
       28119
       28586
       29089
       29578
       30075
       31040
       19343
       19834
       20819
       21305
       21310
       21793
       22766
       23248
       24236
       24704
       24715
       24716
       24732
       25184
       25196
       25216
       25675
       25680
       25692
       25693
       25694
       25695
       26176
       26184
       26665
       27160
       27161
       27162
       27632
       28607
       28608
       28626
       28632
       29108
       23730
       24214
       24699
       24717
       25691
       26185
       26660
       26666
       27146
       27163
       27633
       27642
       28609
       28625
       29100
       29101
       29102
       29103
       29104
       29105
       29106
       29107
       29109
       29110
       30571
       31055
       31056
       31057
       31058
       31059
       25185
       25669
       25670
       25671
       25672
       25673
       25674
       26154
       26155
       26156
       26157
       26158
       26159
       26160
       26161
       26162
       26163
       26642
       26643
       26644
       26645
       26646
       26647
       26648
       26649
       26650
       26651
       27129
       27130
       27131
       27132
       27133
       27134
       27136
       27137
       27615
       27616
       27617
       27618
       27619
       27620
       27621
       27622
       28101
       28102
       28103
       28104
       28105
       28106
       28107
       28108
       28109
       28588
       28589
       28590
       28591
       28592
       28593
       28594
       28595
       28596
       28597
       28598
       28599
       28600
       28601
       28602
       28603
       28604
       28605
       28606
       29077
       29078
       29079
       29080
       29081
       29082
       29083
       29084
       29085
       29086
       29087
       29088
       29566
       29567
       29568
       29569
       29570
       29571
       29572
       29573
       29574
       29575
       29576
       29577
       30054
       30055
       30056
       30057
       30058
       30059
       30060
       30061
       30062
       30063
       30064
       30065
       30066
       30067
       30068
       30069
       30070
       30071
       30072
       30073
       30074
       30543
       30544
       30545
       30546
       30547
       30548
       30549
       30550
       30551
       30552
       30553
       30554
       30555
       30556
       30557
       30558
       30559
       30560
       30561
       30562
       30563
       30564
       41806
       41807
       23249
       23250
       23251
       23252
       23253
       23254
       23255
       23731
       23732
       23733
       23734
       23735
       23736
       23737
       23738
       23739
       23740
       23741
       23742
       24215
       24216
       24217
       24218
       24219
       24220
       24221
       24222
       24223
       24224
       24225
       24226
       24227
       24228
       24229
       24230
       24231
       24700
       24701
       24702
       24703
       24705
       24706
       24707
       24708
       24709
       24710
       24711
       24712
       24713
       24714
       25186
       25187
       25188
       25189
       25190
       25191
       25192
       25193
       25194
       25195
       25676
       25677
       25678
       25679
       25696
       25697
       25698
       26164
       26165
       26166
       26177
       26178
       26179
       26180
       26181
       26182
       26183
       26661
       26662
       26663
       26664
       27147
       27148
       28627
       28628
       28629
       28630
       28631
       30565
       30566
       30567
       30568
       30569
       30570
