          55
         602
         610
        1091
        1092
        1093
        1094
        1579
        1581
        1582
        1583
        1584
        2071
        2072
        3037
        3526
        3527
        4015
        4016
        4022
        4023
        4024
        4025
        4026
        4027
        4028
        4029
        4030
        4034
        4504
        4507
        4508
        4523
        4524
        4993
        4998
        5012
        5975
        5976
        6461
        6464
        6951
        4035
        4036
        4525
        5502
        5503
        5504
        5505
        5506
        5507
        5993
        5989
        6465
        6952
        7438
