          76
        1277
        2254
        3231
        4698
        5187
        5674
        6161
        6162
        6651
        6652
        7140
        7629
        8119
        8609
        9098
        9587
       10077
       10566
       10567
       10568
       11055
       11057
       11544
       12033
       12520
       12521
       12522
       12524
       13008
       13009
       13010
       13012
       13477
       13494
       13495
       13496
       13967
       13970
       13973
       13974
       13975
       13982
       14458
       14463
       14467
       14471
       14472
       14473
       14941
       14957
       14960
       14961
       14962
       15447
       15448
       15449
       15450
       15451
       15939
       15940
       16428
       16433
       17391
       17407
       17881
       17895
       18866
       19364
       19848
       20348
       21327
       21328
       21820
       22796
       23284
       24763
