         105
       11630
       11631
       12119
       12120
       12121
       12122
       12607
       12608
       12609
       12610
       12611
       12612
       12613
       13095
       13096
       13097
       13098
       13099
       13101
       13102
       13104
       13105
       13584
       13585
       13586
       13587
       13588
       13590
       13591
       13592
       13593
       13594
       14072
       14073
       14074
       14075
       14076
       14077
       14078
       14079
       14080
       14081
       14082
       14561
       14562
       14563
       14564
       14565
       14566
       14567
       14568
       14569
       15049
       15050
       15051
       15052
       15053
       15054
       15055
       15056
       15057
       15538
       15539
       15540
       15541
       15542
       15543
       15544
       15545
       15546
       15547
       16026
       16027
       16028
       16029
       16030
       16031
       16032
       16033
       16034
       16035
       16036
       16516
       16517
       16518
       16519
       16520
       16521
       16522
       16524
       16525
       17007
       17008
       17009
       17010
       17011
       17012
       17013
       17498
       17499
       17501
       17502
       17989
       17990
       17991
