          38
       26765
       27241
       27730
       27742
       28225
       28226
       28227
       28706
       28707
       28714
       28715
       28716
       28717
       28721
       28722
       29204
       29205
       29210
       29211
       29689
       29690
       29692
       29700
       30188
       30189
       30676
       30677
       31150
       31165
       31639
       31655
       32137
       32625
       33604
       34098
       35062
       35076
       35553
