         143
      100256
      100257
      100258
      100259
      100735
      100737
      100738
      100739
      100740
      100745
      100746
      100747
      100748
      100749
      100750
      101224
      101225
      101226
      101228
      101229
      101233
      101234
      101235
      101236
      101237
      101238
      101239
      101240
      101713
      101714
      101715
      101717
      101718
      101721
      101722
      101723
      101724
      101725
      101726
      101727
      101728
      101729
      101730
      101731
      102202
      102204
      102205
      102207
      102210
      102211
      102212
      102213
      102214
      102215
      102216
      102217
      102218
      102219
      102220
      102221
      102691
      102693
      102694
      102699
      102700
      102701
      102702
      102703
      102704
      102705
      102706
      102707
      102708
      102709
      102710
      102711
      103180
      103182
      103183
      103188
      103189
      103190
      103191
      103192
      103193
      103194
      103195
      103196
      103197
      103198
      103199
      103200
      103201
      103669
      103671
      103672
      103673
      103677
      103678
      103679
      103680
      103681
      103682
      103683
      103684
      103685
      103686
      103687
      103688
      103689
      103690
      104167
      104168
      104169
      104170
      104171
      104172
      104173
      104174
      104175
      104176
      104177
      104178
      104179
      104180
      104661
      104662
      104663
      104664
      104665
      104666
      104667
      104668
      104669
      105154
      105155
      105156
      105157
      105158
      105159
      105646
      105647
      105648
