          76
       51761
       52250
       52737
       52739
       54204
       54693
       55180
       55181
       55184
       55670
       55675
       56164
       56649
       56653
       57138
       57142
       57143
       57154
       57628
       57629
       57631
       57632
       58117
       58118
       58121
       58128
       58610
       58611
       59099
       59100
       59586
       59589
       59590
       59593
       60073
       60074
       60075
       60080
       60081
       60560
       60561
       60567
       61048
       61057
       61058
       61059
       61536
       61546
       61547
       61548
       61549
       61550
       62022
       62024
       62025
       62035
       62036
       62037
       62038
       62039
       62513
       62514
       62528
       63001
       63002
       63003
       63017
       63506
       63995
       63996
       64487
       65465
       65953
       66442
       66930
       67416
