         164
      128970
      129459
      133859
      134348
      134837
      135326
      135815
      136304
      136793
      137282
      137770
      138259
      138748
      139237
      139726
      140215
      140704
      141164
      141167
      141193
      141661
      141682
      142143
      142150
      142171
      142639
      142660
      143128
      143617
      143628
      143637
      144095
      144101
      144107
      144112
      144113
      144116
      144117
      144121
      144126
      144588
      144596
      144597
      144601
      144602
      144605
      144606
      144609
      144610
      144614
      144615
      145075
      145086
      145087
      145090
      145091
      145094
      145095
      145098
      145099
      145103
      145104
      145562
      145574
      145578
      145579
      145580
      145581
      145582
      145583
      145584
      145587
      145589
      145591
      145592
      145593
      146051
      146063
      146066
      146067
      146068
      146069
      146070
      146071
      146072
      146073
      146076
      146078
      146080
      146081
      146540
      146553
      146554
      146555
      146556
      146557
      146558
      146559
      146560
      146561
      146562
      146565
      146567
      146570
      147042
      147043
      147044
      147045
      147046
      147047
      147048
      147049
      147050
      147054
      147056
      147059
      147531
      147532
      147533
      147537
      147543
      147544
      147545
      148020
      148021
      148031
      148032
      148033
      148034
      148509
      148520
      148521
      148522
      148523
      149009
      149010
      149011
      149012
      149499
      149500
      149502
      149988
      149989
      149991
      150477
      150478
      150480
      150966
      150967
      150969
      151455
      151456
      151458
      151944
      151945
      151947
      152434
      152436
      152923
      152925
      153412
      153414
      153901
      154390
