          57
      127223
      127224
      127692
      127693
      127712
      128179
      128200
      128666
      128687
      129153
      129163
      129173
      129647
      129648
      129649
      129651
      129652
      129653
      129659
      129660
      130129
      130130
      130131
      130132
      130133
      130134
      130139
      130140
      130141
      130143
      130144
      130145
      130146
      130147
      130617
      130618
      130628
      130629
      130630
      130632
      130633
      130634
      130635
      131117
      131118
      131119
      131121
      131122
      131592
      131593
      131605
      131606
      131607
      131608
      131609
      134527
      134528
