         117
       16358
       16359
       16360
       16361
       16362
       16363
       16849
       16850
       16851
       16852
       17339
       17340
       17341
       17342
       17343
       17344
       17345
       17829
       17830
       17833
       17834
       17835
       17836
       17838
       17847
       17848
       17849
       17850
       18319
       18320
       18329
       18810
       18811
       18819
       18820
       19300
       19301
       19309
       19314
       19315
       19316
       19317
       19790
       19791
       19799
       20281
       20282
       20283
       20287
       20288
       20294
       20770
       20773
       20774
       20782
       21753
       22249
       22720
       22733
       23206
       23220
       23694
       24675
       24694
       25169
       25172
       25178
       26634
       13459
       15916
       15920
       16879
       16881
       16882
       17365
       17851
       17852
       17854
       17855
       17856
       17864
       18343
       19335
       19826
       20314
       20805
       21276
       21277
       21284
       21290
       21291
       21293
       22273
       22757
        9540
       12493
       12494
       13959
       14440
       15914
       15915
       15918
       16883
       17366
       17367
       17853
       19321
       19827
       21278
       21285
       21286
       21287
       21288
       21289
       21292
       22274
       23240
