         105
       14001
       14490
       14978
       14979
       15955
       16440
       16443
       16446
       16475
       16932
       16945
       16963
       17421
       17423
       17434
       17910
       17912
       17922
       18398
       18399
       18400
       18411
       18438
       18887
       18888
       18889
       18900
       18927
       19376
       19377
       19389
       19865
       19866
       19878
       20353
       20354
       20359
       20368
       20369
       20370
       20843
       20848
       20851
       20854
       20856
       20864
       21317
       21318
       21339
       21344
       21345
       21346
       21347
       21353
       21367
       21803
       21825
       21835
       21841
       21847
       21848
       21849
       21856
       22324
       22338
       22807
       22808
       22818
       22824
       22827
       23289
       23290
       23297
       23300
       23307
       23313
       23316
       23775
       23776
       23777
       23787
       23796
       23801
       23804
       23805
       23811
       24281
       24297
       24299
       24783
       24785
       24788
       25276
       25762
       27232
       27720
       28205
       28210
       28211
       28700
       29189
       29190
       29679
       30168
       30652
