         301
      203440
      203928
      203929
      203930
      203931
      204411
      204417
      204418
      204419
      204420
      204892
      204893
      204894
      204895
      204896
      204897
      204898
      204899
      204900
      204901
      204906
      204907
      204908
      204909
      205381
      205382
      205383
      205384
      205385
      205386
      205387
      205388
      205389
      205390
      205395
      205396
      205397
      205398
      205870
      205871
      205872
      205873
      205874
      205875
      205876
      205877
      205878
      205879
      205885
      205886
      205887
      206359
      206360
      206361
      206362
      206363
      206364
      206365
      206366
      206367
      206368
      206369
      206374
      206375
      206376
      206848
      206849
      206850
      206851
      206852
      206853
      206854
      206855
      206856
      206857
      206858
      206863
      206864
      206865
      207337
      207338
      207339
      207340
      207341
      207342
      207343
      207344
      207345
      207346
      207347
      207352
      207353
      207354
      207355
      207826
      207827
      207828
      207829
      207830
      207831
      207832
      207833
      207834
      207836
      207842
      207843
      207844
      208315
      208316
      208317
      208318
      208319
      208320
      208321
      208322
      208323
      208324
      208325
      208326
      208331
      208332
      208333
      208804
      208805
      208806
      208807
      208808
      208809
      208810
      208811
      208813
      208814
      208815
      208816
      208820
      208821
      208822
      209293
      209294
      209295
      209296
      209297
      209298
      209299
      209300
      209301
      209302
      209303
      209304
      209305
      209311
      209312
      209782
      209783
      209784
      209785
      209786
      209787
      209788
      209789
      209790
      209791
      209792
      209793
      209794
      209800
      209801
      210271
      210272
      210273
      210274
      210275
      210276
      210277
      210278
      210279
      210280
      210281
      210282
      210283
      210284
      210288
      210289
      210760
      210761
      210762
      210763
      210764
      210765
      210766
      210767
      210768
      210769
      210770
      210771
      210772
      210773
      210774
      211249
      211250
      211251
      211252
      211253
      211254
      211255
      211256
      211257
      211258
      211259
      211260
      211261
      211262
      211263
      211264
      211738
      211739
      211740
      211741
      211742
      211743
      211744
      211745
      211746
      211747
      211748
      211749
      211750
      211751
      211752
      211753
      212227
      212228
      212229
      212230
      212231
      212232
      212233
      212234
      212235
      212236
      212237
      212238
      212239
      212240
      212716
      212717
      212718
      212719
      212720
      212721
      212722
      212723
      212724
      212725
      212726
      212727
      213205
      213206
      213207
      213208
      213209
      213210
      213211
      213212
      213213
      213214
      213694
      213695
      213696
      213697
      213698
      213699
      213700
      213701
      213702
      214183
      214184
      214185
      214186
      214187
      214188
      214189
      214190
      214672
      214673
      214674
      214675
      214676
      214677
      215161
      215162
      215163
      215164
      215165
      215650
      215651
      215652
      215653
      216139
      216140
      216628
