          55
      169127
      170118
      170596
      170607
      171085
      171096
      171584
      171585
      172064
      172073
      172074
      172562
      172563
      173050
      173537
      173538
      173539
      174026
      174027
      174028
      174510
      174516
      174517
      174518
      175003
      175005
      175006
      175007
      175494
      175495
      175496
      175983
      175984
      175985
      175986
      176472
      176473
      176474
      176961
      176962
      176963
      176964
      177450
      177453
      177454
      177933
      177939
      177943
      177944
      178428
      178433
      178917
      178923
      179399
      179412
