         861
      207631
      207632
      207633
      208117
      208118
      208119
      208120
      208121
      208122
      208123
      208124
      208125
      208126
      208127
      208128
      208129
      208130
      208131
      208132
      208133
      208134
      208135
      208136
      208137
      208138
      208139
      208140
      208141
      208142
      208143
      208144
      208603
      208604
      208605
      208606
      208607
      208608
      208609
      208610
      208611
      208612
      208613
      208614
      208615
      208616
      208617
      208618
      208619
      208620
      208621
      208622
      208623
      208624
      208625
      208626
      208627
      208628
      208629
      208630
      208631
      208632
      208633
      209084
      209085
      209086
      209088
      209089
      209090
      209091
      209092
      209093
      209094
      209095
      209096
      209097
      209098
      209099
      209100
      209101
      209102
      209103
      209104
      209105
      209106
      209107
      209108
      209109
      209110
      209111
      209112
      209113
      209114
      209115
      209116
      209117
      209118
      209119
      209120
      209121
      209568
      209572
      209573
      209574
      209575
      209576
      209577
      209578
      209579
      209580
      209581
      209582
      209583
      209584
      209585
      209586
      209587
      209588
      209589
      209590
      209591
      209592
      209593
      209594
      209595
      209596
      209597
      209598
      209599
      209600
      209601
      209602
      209603
      209604
      209605
      209606
      209607
      209608
      209609
      209610
      210060
      210063
      210064
      210065
      210066
      210067
      210068
      210069
      210070
      210071
      210072
      210073
      210074
      210075
      210076
      210077
      210078
      210079
      210080
      210081
      210082
      210083
      210084
      210085
      210086
      210087
      210088
      210089
      210090
      210091
      210092
      210093
      210095
      210097
      210547
      210553
      210554
      210555
      210556
      210557
      210558
      210559
      210560
      210561
      210562
      210563
      210564
      210565
      210566
      210567
      210568
      210569
      210570
      210571
      210572
      210573
      210574
      210575
      210576
      210577
      210578
      210579
      210580
      210581
      210582
      211038
      211039
      211040
      211041
      211043
      211044
      211045
      211046
      211047
      211048
      211049
      211050
      211051
      211052
      211053
      211054
      211055
      211056
      211057
      211058
      211059
      211060
      211061
      211062
      211063
      211064
      211065
      211066
      211067
      211068
      211069
      211070
      211072
      211073
      211522
      211525
      211526
      211529
      211530
      211531
      211532
      211533
      211534
      211535
      211536
      211537
      211538
      211539
      211540
      211541
      211542
      211543
      211544
      211545
      211546
      211547
      211548
      211549
      211550
      211551
      211552
      211553
      211554
      211555
      211556
      211557
      211561
      211562
      212017
      212018
      212019
      212020
      212021
      212022
      212023
      212024
      212025
      212026
      212027
      212028
      212029
      212030
      212031
      212032
      212033
      212034
      212035
      212036
      212037
      212038
      212039
      212040
      212041
      212042
      212043
      212044
      212045
      212046
      212047
      212048
      212049
      212051
      212506
      212507
      212508
      212509
      212510
      212511
      212512
      212513
      212514
      212515
      212516
      212517
      212518
      212519
      212520
      212521
      212522
      212523
      212524
      212525
      212526
      212527
      212528
      212529
      212530
      212531
      212532
      212533
      212534
      212535
      212536
      212537
      212538
      212539
      212540
      212995
      212996
      212997
      212998
      212999
      213000
      213001
      213002
      213003
      213004
      213005
      213006
      213007
      213008
      213009
      213010
      213011
      213012
      213013
      213014
      213015
      213016
      213017
      213018
      213019
      213020
      213021
      213022
      213023
      213024
      213025
      213026
      213027
      213028
      213029
      213030
      213485
      213486
      213487
      213488
      213489
      213490
      213491
      213492
      213493
      213494
      213495
      213496
      213497
      213498
      213499
      213500
      213501
      213502
      213503
      213504
      213505
      213506
      213507
      213508
      213509
      213510
      213511
      213512
      213513
      213514
      213515
      213516
      213517
      213518
      213519
      213520
      213974
      213975
      213976
      213977
      213978
      213979
      213980
      213981
      213982
      213983
      213984
      213985
      213986
      213987
      213988
      213989
      213990
      213991
      213992
      213993
      213994
      213995
      213996
      213997
      213998
      213999
      214000
      214001
      214002
      214003
      214004
      214005
      214006
      214007
      214008
      214009
      214463
      214464
      214465
      214466
      214467
      214468
      214469
      214470
      214471
      214472
      214473
      214474
      214475
      214476
      214477
      214478
      214479
      214480
      214481
      214482
      214483
      214484
      214485
      214486
      214487
      214488
      214489
      214490
      214491
      214492
      214493
      214494
      214495
      214496
      214497
      214952
      214953
      214954
      214955
      214956
      214957
      214958
      214959
      214960
      214961
      214962
      214963
      214964
      214965
      214966
      214967
      214968
      214969
      214970
      214971
      214972
      214973
      214974
      214975
      214976
      214977
      214978
      214979
      214980
      214981
      214982
      214983
      214984
      214985
      214986
      214987
      215442
      215443
      215444
      215445
      215446
      215447
      215448
      215449
      215450
      215451
      215452
      215453
      215454
      215455
      215456
      215457
      215458
      215459
      215460
      215461
      215462
      215463
      215464
      215465
      215466
      215467
      215468
      215469
      215470
      215471
      215472
      215474
      215475
      215476
      215480
      215929
      215930
      215931
      215932
      215933
      215934
      215935
      215936
      215937
      215938
      215939
      215940
      215941
      215942
      215943
      215944
      215945
      215946
      215947
      215948
      215949
      215950
      215951
      215952
      215953
      215954
      215955
      215956
      215957
      215958
      215959
      215960
      215961
      215962
      215963
      215964
      215965
      215966
      215967
      216421
      216422
      216423
      216424
      216425
      216426
      216427
      216428
      216429
      216430
      216431
      216432
      216433
      216434
      216435
      216436
      216437
      216438
      216439
      216440
      216441
      216442
      216443
      216444
      216445
      216446
      216447
      216448
      216449
      216450
      216451
      216452
      216453
      216454
      216455
      216456
      216910
      216911
      216912
      216913
      216914
      216915
      216916
      216917
      216918
      216919
      216920
      216921
      216922
      216923
      216924
      216925
      216926
      216927
      216928
      216929
      216930
      216931
      216932
      216933
      216934
      216935
      216936
      216937
      216938
      216939
      216940
      216941
      216942
      216943
      216944
      217398
      217399
      217400
      217401
      217402
      217403
      217404
      217405
      217406
      217407
      217408
      217409
      217410
      217411
      217412
      217413
      217414
      217415
      217416
      217417
      217418
      217419
      217420
      217421
      217422
      217423
      217424
      217425
      217426
      217427
      217428
      217429
      217430
      217431
      217432
      217433
      217890
      217891
      217892
      217893
      217894
      217895
      217896
      217897
      217898
      217899
      217900
      217901
      217902
      217903
      217904
      217905
      217906
      217907
      217908
      217909
      217910
      217911
      217912
      217913
      217914
      217915
      217916
      217917
      217918
      217919
      217920
      217921
      217922
      218383
      218384
      218385
      218386
      218387
      218388
      218389
      218390
      218391
      218392
      218393
      218394
      218395
      218396
      218397
      218398
      218399
      218400
      218401
      218402
      218403
      218404
      218405
      218406
      218407
      218408
      218409
      218410
      218862
      218864
      218865
      218866
      218867
      218868
      218869
      218872
      218873
      218874
      218875
      218876
      218877
      218878
      218879
      218880
      218881
      218882
      218883
      218884
      218885
      218886
      218887
      218888
      218889
      218890
      218891
      218892
      218893
      218894
      218895
      218896
      218897
      218898
      218906
      219358
      219359
      219360
      219361
      219362
      219363
      219364
      219365
      219366
      219367
      219368
      219369
      219370
      219371
      219372
      219373
      219374
      219375
      219376
      219377
      219378
      219379
      219380
      219381
      219382
      219383
      219384
      219385
      219386
      219387
      219395
      219855
      219856
      219857
      219858
      219859
      219860
      219861
      219862
      219863
      219864
      219865
      219866
      219867
      219868
      219869
      219870
      219872
      219873
      220353
      220354
      220356
      220357
      220358
      220359
      220360
      220844
      220845
      220849
      220850
      221337
      221338
      221339
      221340
