         160
       12536
       13022
       13025
       13027
       13511
       13514
       13515
       13516
       13517
       13518
       13519
       13992
       13993
       14004
       14005
       14006
       14007
       14480
       14482
       14483
       14484
       14485
       14486
       14488
       14493
       14494
       14495
       14496
       14968
       14972
       14973
       14974
       14975
       14976
       14982
       14983
       14984
       14985
       15457
       15465
       15471
       15472
       15473
       15474
       15954
       15960
       15961
       15962
       15963
       16436
       16437
       16438
       16448
       16449
       16450
       16451
       16452
       16925
       16926
       16927
       16937
       16938
       16939
       16940
       16941
       17414
       17416
       17417
       17425
       17426
       17427
       17428
       17429
       17430
       17906
       17907
       17908
       17913
       17914
       17915
       17916
       17917
       17918
       17919
       18395
       18396
       18397
       18402
       18403
       18404
       18405
       18406
       18407
       18408
       18884
       18885
       18886
       18891
       18892
       18893
       18894
       18895
       18896
       19372
       19373
       19374
       19375
       19379
       19380
       19381
       19382
       19383
       19384
       19855
       19861
       19862
       19863
       19864
       19868
       19869
       19870
       19871
       19872
       19873
       20361
       20362
       20363
       20825
       20826
       20842
       20844
       20845
       20849
       20850
       20858
       21312
       21313
       21315
       21316
       21332
       21333
       21338
       21341
       21342
       21804
       21827
       21828
       21830
       22315
       22318
       22319
       22320
       22810
       22811
       23285
       23288
       23778
       23779
       23780
       23781
