          52
      143330
      144309
      144820
      145779
      146268
      146269
      146270
      146745
      146757
      146758
      146759
      146760
      147235
      147248
      147249
      147256
      147260
      147261
      147262
      147263
      147737
      147738
      148219
      148227
      148228
      148237
      148238
      148239
      148710
      148718
      148719
      148720
      148722
      148728
      149202
      149203
      149204
      149205
      149206
      149210
      149214
      149215
      149697
      149698
      149703
      149705
      150188
      150193
      150194
      150680
      151171
      152645
