          41
       14874
       17811
       19279
       20257
       20746
       20747
       21235
       21236
       21237
       21724
       21727
       21740
       22213
       22214
       22216
       22220
       22221
       22222
       22710
       23191
       23681
       23683
       24168
       24171
       24656
       24658
       24659
       24660
       24661
       24662
       25149
       25624
       25625
       25629
       25632
       25636
       26610
       27098
       27100
       27104
       27611
