         100
      218935
      219423
      219424
      219903
      219908
      219909
      219910
      219911
      219912
      220396
      220397
      220398
      220399
      220400
      220401
      220402
      220884
      220885
      220886
      220887
      220888
      220889
      220890
      221373
      221374
      221375
      221376
      221377
      221378
      221862
      221863
      221864
      221865
      221866
      222347
      222348
      222351
      222352
      222353
      222354
      222836
      222837
      222838
      222839
      222840
      222841
      222842
      222843
      223325
      223326
      223327
      223328
      223330
      223331
      223812
      223813
      223814
      223815
      223818
      223819
      223820
      224301
      224302
      224303
      224304
      224307
      224308
      224326
      224790
      224791
      224792
      224793
      224794
      224795
      224796
      225277
      225278
      225282
      225283
      225765
      225767
      225771
      226248
      226253
      226260
      226738
      226741
      226745
      226746
      226747
      226748
      227228
      227229
      227234
      227717
      228212
      228700
      230166
      230655
      231630
