          49
       17462
       19906
       20394
       20883
       21371
       21860
       22349
       22350
       22839
       22840
       23329
       23818
       24305
       24768
       24777
       24794
       24795
       25283
       25760
       25769
       26257
       26258
       26259
       26745
       26746
       26747
       26748
       27234
       27235
       27236
       27723
       27724
       27725
       28202
       28213
       28214
       28703
       29182
       29680
       30162
       30167
       31134
       31141
       31146
       32605
       33094
       33103
       33592
       33594
