          49
      196406
      196407
      196408
      196893
      196894
      196895
      196896
      196897
      196898
      196899
      196900
      196901
      197381
      197382
      197383
      197384
      197385
      197386
      197387
      197388
      197389
      197390
      197869
      197870
      197871
      197872
      197873
      197874
      197875
      197876
      197877
      197878
      197879
      198358
      198359
      198360
      198361
      198362
      198363
      198364
      198365
      198366
      198848
      198849
      198850
      198851
      198852
      198853
      198854
