          41
      118030
      118519
      119006
      119008
      119495
      119497
      119984
      119985
      119986
      120473
      120474
      120475
      120478
      120962
      120963
      120964
      120967
      121451
      121452
      121453
      121456
      121940
      121941
      121942
      122429
      122430
      122431
      122918
      122919
      122920
      123407
      123408
      123409
      123896
      123897
      123898
      124386
      124387
      124875
      124876
      125365
