          56
      158190
      158192
      160148
      160622
      160623
      161607
      162580
      164529
      165017
      165025
      165026
      165511
      166480
      166968
      166971
      167442
      167936
      167937
      168431
      169399
      171358
      172327
      172328
      172356
      172818
      172821
      172823
      173310
      173807
      176722
      178222
      178707
      179194
      179195
      179669
      179670
      179671
      179672
      179679
      180158
      180159
      180160
      180161
      180162
      180171
      180650
      180651
      180652
      181141
      181142
      181143
      181626
      182603
      157707
      159662
      162112
