        1088
      222740
      222741
      223227
      223229
      223230
      223714
      223715
      223716
      223717
      223718
      223719
      224203
      224204
      224205
      224206
      224207
      224208
      224691
      224692
      224693
      224694
      224695
      224696
      224697
      225179
      225181
      225182
      225183
      225184
      225185
      225186
      225668
      225669
      225670
      225671
      225672
      225673
      225674
      225675
      226156
      226158
      226159
      226160
      226161
      226162
      226163
      226164
      226645
      226647
      226648
      226649
      226650
      226651
      226652
      226653
      227133
      227134
      227135
      227136
      227137
      227138
      227139
      227140
      227141
      227142
      227622
      227624
      227625
      227626
      227627
      227628
      227629
      227630
      227631
      228110
      228111
      228112
      228113
      228114
      228115
      228116
      228117
      228118
      228119
      228120
      228598
      228599
      228600
      228601
      228603
      228604
      228605
      228606
      228607
      228608
      228609
      229086
      229087
      229089
      229090
      229092
      229093
      229094
      229095
      229096
      229097
      229098
      229574
      229575
      229577
      229578
      229579
      229580
      229581
      229582
      229583
      229584
      229585
      229586
      229587
      230063
      230064
      230065
      230066
      230068
      230069
      230071
      230072
      230073
      230074
      230075
      230076
      230551
      230553
      230554
      230555
      230557
      230558
      230560
      230561
      230562
      230563
      230564
      230565
      231040
      231041
      231042
      231043
      231044
      231045
      231046
      231047
      231048
      231049
      231050
      231051
      231052
      231053
      231054
      231527
      231528
      231529
      231530
      231531
      231532
      231533
      231534
      231535
      231536
      231537
      231538
      231539
      231540
      231541
      231542
      231543
      232016
      232017
      232018
      232019
      232020
      232021
      232022
      232023
      232024
      232025
      232026
      232027
      232028
      232029
      232030
      232031
      232032
      232505
      232506
      232507
      232508
      232509
      232510
      232511
      232512
      232513
      232514
      232515
      232516
      232517
      232518
      232519
      232520
      232521
      219830
      219831
      219832
      219833
      219834
      219835
      219836
      219837
      219838
      219839
      219840
      219841
      220317
      220318
      220319
      220320
      220321
      220322
      220323
      220324
      220325
      220326
      220327
      220328
      220329
      220330
      220331
      220332
      220333
      220804
      220805
      220806
      220807
      220808
      220809
      220810
      220811
      220812
      220813
      220814
      220815
      220816
      220817
      220818
      220819
      220820
      220822
      221283
      221284
      221285
      221286
      221287
      221288
      221289
      221290
      221291
      221292
      221293
      221294
      221295
      221296
      221297
      221298
      221299
      221300
      221301
      221302
      221303
      221304
      221305
      221306
      221307
      221308
      221309
      221310
      221311
      221770
      221771
      221772
      221773
      221774
      221775
      221776
      221777
      221778
      221779
      221780
      221781
      221782
      221783
      221784
      221785
      221786
      221787
      221788
      221789
      221790
      221791
      221792
      221793
      221794
      221795
      221796
      221797
      221800
      222254
      222258
      222259
      222260
      222261
      222262
      222263
      222264
      222265
      222266
      222267
      222268
      222269
      222270
      222271
      222272
      222273
      222274
      222275
      222276
      222277
      222278
      222279
      222280
      222281
      222282
      222283
      222284
      222285
      222286
      222287
      222288
      222289
      222742
      222743
      222744
      222745
      222746
      222747
      222748
      222749
      222750
      222751
      222752
      222753
      222754
      222755
      222756
      222757
      222758
      222759
      222760
      222761
      222762
      222763
      222764
      222765
      222766
      222767
      222768
      222769
      222770
      222771
      222772
      222773
      222774
      222775
      223231
      223232
      223233
      223234
      223235
      223236
      223237
      223238
      223239
      223240
      223241
      223242
      223243
      223244
      223245
      223246
      223247
      223248
      223249
      223250
      223251
      223252
      223253
      223254
      223255
      223256
      223257
      223258
      223259
      223260
      223261
      223262
      223263
      223264
      223265
      223266
      223720
      223721
      223722
      223723
      223724
      223725
      223726
      223727
      223728
      223729
      223730
      223731
      223732
      223733
      223734
      223735
      223736
      223737
      223738
      223739
      223740
      223741
      223742
      223743
      223744
      223745
      223746
      223747
      223748
      223749
      223750
      223751
      223752
      223753
      223754
      223755
      224209
      224210
      224211
      224212
      224213
      224214
      224215
      224216
      224217
      224218
      224219
      224220
      224221
      224222
      224223
      224224
      224225
      224226
      224227
      224228
      224229
      224230
      224231
      224232
      224233
      224234
      224235
      224236
      224237
      224238
      224239
      224240
      224241
      224242
      224243
      224244
      224698
      224699
      224700
      224701
      224702
      224703
      224704
      224705
      224706
      224707
      224708
      224709
      224710
      224711
      224712
      224713
      224714
      224715
      224716
      224717
      224718
      224719
      224720
      224721
      224722
      224723
      224724
      224725
      224726
      224727
      224728
      224729
      224730
      224731
      224732
      224733
      225187
      225188
      225189
      225190
      225191
      225192
      225193
      225194
      225195
      225196
      225197
      225198
      225199
      225200
      225201
      225202
      225203
      225204
      225205
      225206
      225207
      225208
      225209
      225210
      225211
      225212
      225213
      225214
      225215
      225216
      225217
      225218
      225219
      225220
      225221
      225222
      225676
      225677
      225678
      225679
      225680
      225681
      225682
      225683
      225684
      225685
      225686
      225687
      225688
      225689
      225690
      225691
      225692
      225693
      225694
      225695
      225696
      225697
      225698
      225699
      225700
      225701
      225702
      225703
      225704
      225705
      225706
      225707
      225708
      225709
      225710
      225711
      226165
      226166
      226167
      226168
      226169
      226170
      226171
      226172
      226173
      226174
      226175
      226176
      226177
      226178
      226179
      226180
      226181
      226182
      226183
      226184
      226185
      226186
      226187
      226188
      226189
      226190
      226191
      226192
      226193
      226194
      226195
      226196
      226197
      226198
      226199
      226654
      226655
      226656
      226657
      226658
      226659
      226660
      226661
      226662
      226663
      226664
      226665
      226666
      226667
      226668
      226669
      226670
      226671
      226672
      226673
      226674
      226675
      226676
      226677
      226678
      226679
      226680
      226681
      226682
      226683
      226684
      226685
      226686
      226687
      226688
      227143
      227144
      227145
      227146
      227147
      227148
      227149
      227150
      227151
      227152
      227153
      227154
      227155
      227156
      227157
      227158
      227159
      227160
      227161
      227162
      227163
      227164
      227165
      227166
      227167
      227168
      227169
      227170
      227171
      227172
      227173
      227174
      227175
      227176
      227177
      227632
      227633
      227634
      227635
      227636
      227637
      227638
      227639
      227640
      227641
      227642
      227643
      227644
      227645
      227646
      227647
      227648
      227649
      227650
      227651
      227652
      227653
      227654
      227655
      227656
      227657
      227658
      227659
      227660
      227661
      227662
      227663
      227664
      227665
      227666
      228121
      228122
      228123
      228124
      228125
      228126
      228127
      228128
      228129
      228130
      228131
      228132
      228133
      228134
      228135
      228136
      228137
      228138
      228139
      228140
      228141
      228142
      228143
      228144
      228145
      228146
      228147
      228148
      228149
      228150
      228151
      228152
      228153
      228154
      228155
      228610
      228611
      228612
      228613
      228614
      228615
      228616
      228617
      228618
      228619
      228620
      228621
      228622
      228623
      228624
      228625
      228626
      228627
      228628
      228629
      228630
      228631
      228632
      228633
      228634
      228635
      228636
      228637
      228638
      228639
      228640
      228641
      228642
      228643
      228644
      229099
      229100
      229101
      229102
      229103
      229104
      229105
      229106
      229107
      229108
      229109
      229110
      229111
      229112
      229113
      229114
      229115
      229116
      229117
      229118
      229119
      229120
      229121
      229122
      229123
      229124
      229125
      229126
      229127
      229128
      229129
      229130
      229131
      229132
      229133
      229588
      229589
      229590
      229591
      229592
      229593
      229594
      229595
      229596
      229597
      229598
      229599
      229600
      229601
      229602
      229603
      229604
      229605
      229606
      229607
      229608
      229609
      229610
      229611
      229612
      229613
      229614
      229615
      229616
      229617
      229618
      229619
      229620
      229621
      229622
      230077
      230078
      230079
      230080
      230081
      230082
      230083
      230084
      230085
      230086
      230087
      230088
      230089
      230090
      230091
      230092
      230093
      230094
      230095
      230096
      230097
      230098
      230099
      230100
      230101
      230102
      230103
      230104
      230105
      230106
      230107
      230108
      230109
      230110
      230111
      230566
      230567
      230568
      230569
      230570
      230571
      230572
      230573
      230574
      230575
      230576
      230577
      230578
      230579
      230580
      230581
      230582
      230583
      230584
      230585
      230586
      230587
      230588
      230589
      230590
      230591
      230592
      230593
      230594
      230595
      230596
      230597
      230598
      230599
      230600
      231055
      231056
      231057
      231058
      231059
      231060
      231061
      231062
      231063
      231064
      231065
      231066
      231067
      231068
      231069
      231070
      231071
      231072
      231073
      231074
      231075
      231076
      231077
      231078
      231079
      231080
      231081
      231082
      231083
      231084
      231085
      231086
      231087
      231088
      231089
      231544
      231545
      231546
      231547
      231548
      231549
      231550
      231551
      231552
      231553
      231554
      231555
      231556
      231557
      231558
      231559
      231560
      231561
      231562
      231563
      231564
      231565
      231566
      231567
      231568
      231569
      231570
      231571
      231572
      231573
      231574
      231575
      231576
      231577
      231578
      232033
      232034
      232035
      232036
      232037
      232038
      232039
      232040
      232041
      232042
      232043
      232044
      232045
      232046
      232047
      232048
      232049
      232050
      232051
      232052
      232053
      232054
      232055
      232056
      232057
      232058
      232059
      232060
      232061
      232062
      232063
      232064
      232065
      232066
      232067
      232522
      232523
      232524
      232525
      232526
      232527
      232528
      232529
      232530
      232531
      232532
      232533
      232534
      232535
      232536
      232537
      232538
      232539
      232540
      232541
      232542
      232543
      232544
      232545
      232546
      232547
      232548
      232549
      232550
      232551
      232552
      232553
      232554
      232555
      232556
