         384
      206453
      207430
      207437
      207440
      207943
      208406
      208421
      208424
      208911
      208912
      209381
      209387
      209412
      209413
      209414
      209887
      209892
      209893
      210379
      210380
      210383
      210392
      210871
      211842
      212323
      212835
      213319
      214766
      215267
      215756
      217222
      218198
      220146
      220626
      207968
      208451
      208453
      208927
      209906
      209914
      209917
      209919
      210393
      210396
      210884
      211868
      211870
      212847
      213824
      214313
      214802
      215285
      215291
      207441
      207442
      207931
      207932
      207933
      208419
      208420
      208422
      208423
      208431
      208432
      208433
      208434
      208435
      208436
      208908
      208909
      208910
      208913
      208914
      208919
      208920
      208921
      208922
      208923
      208924
      208925
      208926
      209397
      209398
      209399
      209400
      209401
      209402
      209403
      209404
      209405
      209406
      209407
      209408
      209409
      209410
      209411
      209415
      209886
      209888
      209889
      209890
      209891
      209894
      209895
      209896
      209897
      209898
      209899
      209900
      209901
      209902
      209903
      209904
      210375
      210376
      210377
      210378
      210381
      210382
      210384
      210385
      210386
      210387
      210388
      210389
      210390
      210391
      210864
      210865
      210866
      210867
      210868
      210869
      210870
      210872
      210873
      210874
      210875
      210876
      210877
      210878
      210879
      210880
      210881
      210882
      211353
      211354
      211355
      211356
      211357
      211358
      211359
      211360
      211361
      211362
      211363
      211364
      211365
      211366
      211367
      211368
      211369
      211370
      211371
      211843
      211844
      211845
      211846
      211847
      211848
      211849
      211850
      211851
      211852
      211853
      211854
      211855
      211856
      211857
      211858
      211859
      211860
      212331
      212332
      212333
      212334
      212335
      212336
      212337
      212338
      212339
      212340
      212341
      212342
      212343
      212344
      212345
      212346
      212347
      212348
      212349
      212821
      212822
      212823
      212824
      212825
      212826
      212827
      212828
      212829
      212830
      212831
      212832
      212833
      212834
      212836
      212837
      212838
      213311
      213312
      213313
      213314
      213315
      213320
      213321
      213322
      213323
      213324
      213325
      213326
      213327
      213801
      213802
      213811
      213812
      213813
      213814
      213815
      213816
      214302
      214303
      214304
      214305
      214794
      217189
      217191
      217685
      219143
      219149
      219636
      219638
      219639
      220605
      220606
      220609
      220615
      221592
      221594
      222075
      222083
      222567
      224524
      225506
      225507
      225992
      207967
      208452
      208939
      208941
      208942
      208943
      209416
      209417
      209426
      209427
      209428
      209430
      209431
      209907
      209915
      209916
      209918
      210394
      210395
      210399
      210403
      210406
      210883
      210885
      210886
      210887
      210889
      210890
      210891
      210892
      210893
      210894
      211372
      211373
      211374
      211375
      211376
      211377
      211378
      211379
      211380
      211381
      211382
      211861
      211862
      211863
      211864
      211865
      211866
      211867
      211869
      212350
      212351
      212352
      212353
      212354
      212355
      212356
      212357
      212358
      212839
      212840
      212841
      212842
      212843
      212844
      212845
      212846
      213328
      213329
      213330
      213331
      213332
      213333
      213334
      213335
      213817
      213818
      213819
      213820
      213821
      213822
      213823
      214306
      214307
      214308
      214309
      214310
      214311
      214312
      214795
      214796
      214797
      214798
      214799
      214800
      214801
      215286
      215287
      215288
      215289
      215290
      215775
      215777
      215778
      215779
      215780
      216264
      216265
      216266
      216268
      216754
      216755
      216756
      217243
      217244
      217731
      217732
      218220
