          71
       60837
       62789
       63277
       64254
       65720
       66209
       66699
       66700
       67188
       67677
       67678
       68166
       68167
       68168
       68656
       68657
       69145
       69146
       69634
       70123
       70124
       70612
       70613
       70614
       71101
       71102
       71590
       71591
       72079
       72080
       72568
       72569
       73057
       73058
       73546
       73547
       74035
       74036
       74524
       74525
       75013
       75502
       75503
       75991
       75992
       76479
       76480
       76481
       76968
       76969
       76970
       77458
       77459
       77947
       77948
       78437
       78925
       78926
       79414
       79902
       79903
       80391
       80392
       80880
       81368
       81369
       81857
       82346
       82835
       83324
       83813
