          83
       79152
       79153
       79641
       79642
       80128
       80129
       80608
       80616
       80617
       80618
       81097
       81098
       81104
       81105
       81106
       81587
       81588
       81591
       81592
       81593
       81594
       82077
       82078
       82080
       82081
       82082
       82567
       82568
       82570
       82571
       83058
       83059
       83060
       83061
       83066
       83067
       83547
       83548
       83549
       83550
       84036
       84037
       84038
       84039
       84040
       84527
       84528
       84529
       85016
       85017
       85018
       85505
       85506
       85507
       85992
       85993
       85994
       85995
       85996
       86481
       86482
       86483
       86484
       86485
       86968
       86973
       87457
       87458
       87460
       87946
       87947
       88435
       88436
       88923
       88926
       89411
       89896
       90386
       90387
       90388
       90877
       91367
       91368
