         354
       22083
       22084
       22570
       22571
       22572
       22573
       22574
       22575
       22576
       23058
       23059
       23060
       23061
       23062
       23063
       23064
       23065
       23066
       23067
       23068
       23069
       23546
       23547
       23548
       23549
       23550
       23551
       23552
       23553
       23554
       23555
       23556
       23557
       23558
       23559
       24034
       24035
       24036
       24037
       24038
       24039
       24040
       24041
       24042
       24043
       24044
       24045
       24046
       24047
       24048
       24049
       24522
       24523
       24524
       24525
       24526
       24527
       24528
       24529
       24530
       24531
       24532
       24533
       24534
       24535
       24536
       24537
       24538
       24539
       25010
       25011
       25012
       25013
       25014
       25015
       25016
       25017
       25018
       25019
       25020
       25021
       25022
       25023
       25024
       25025
       25026
       25027
       25028
       25498
       25499
       25500
       25501
       25502
       25503
       25504
       25505
       25506
       25507
       25508
       25509
       25510
       25511
       25512
       25513
       25514
       25515
       25516
       25517
       25518
       25986
       25987
       25988
       25989
       25990
       25991
       25992
       25993
       25994
       25995
       25996
       25997
       25998
       25999
       26000
       26001
       26002
       26003
       26004
       26005
       26006
       26007
       26474
       26475
       26476
       26477
       26478
       26479
       26480
       26481
       26482
       26483
       26484
       26485
       26486
       26487
       26488
       26489
       26490
       26491
       26492
       26493
       26494
       26495
       26496
       26962
       26963
       26964
       26965
       26966
       26967
       26968
       26969
       26970
       26971
       26972
       26973
       26974
       26975
       26976
       26977
       26978
       26979
       26980
       26981
       26982
       26983
       26984
       27450
       27451
       27452
       27453
       27454
       27455
       27456
       27457
       27458
       27459
       27460
       27461
       27462
       27463
       27464
       27465
       27466
       27467
       27468
       27469
       27470
       27471
       27472
       27938
       27939
       27940
       27941
       27942
       27943
       27944
       27945
       27946
       27947
       27948
       27949
       27950
       27951
       27952
       27953
       27954
       27955
       27956
       27957
       27958
       27959
       27960
       27961
       28426
       28427
       28428
       28429
       28430
       28431
       28432
       28433
       28434
       28435
       28436
       28437
       28438
       28439
       28440
       28441
       28442
       28443
       28444
       28445
       28446
       28447
       28448
       28449
       28914
       28915
       28916
       28917
       28918
       28919
       28920
       28921
       28922
       28923
       28924
       28925
       28926
       28927
       28928
       28929
       28930
       28931
       28932
       28933
       28934
       28935
       28936
       28937
       28938
       29406
       29407
       29408
       29409
       29410
       29411
       29412
       29413
       29414
       29415
       29416
       29417
       29418
       29419
       29420
       29421
       29422
       29423
       29424
       29425
       29426
       29427
       29897
       29898
       29899
       29900
       29901
       29902
       29903
       29904
       29905
       29906
       29907
       29908
       29909
       29910
       29911
       29912
       29913
       29914
       29915
       30389
       30390
       30391
       30392
       30393
       30394
       30395
       30396
       30397
       30398
       30399
       30400
       30401
       30402
       30403
       30404
       30881
       30882
       30883
       30884
       30885
       30886
       30887
       30888
       30889
       30890
       30891
       30892
       31373
       31374
       31375
       31376
       31377
       31378
       31379
       31380
       31381
       31867
       31868
       31869
