         170
      169436
      170410
      170411
      170412
      170413
      170414
      170415
      170416
      170417
      170906
      171391
      172847
      173325
      173332
      173341
      182643
      183616
      184103
      184104
      184591
      186053
      158229
      158712
      158718
      159206
      159693
      159701
      160670
      160671
      160672
      160677
      161156
      161159
      161162
      161163
      161164
      161166
      161647
      162137
      162138
      162140
      162141
      162623
      162624
      162628
      163111
      163113
      163117
      163597
      164572
      164573
      165066
      165067
      165554
      166041
      166051
      166529
      166538
      167016
      167026
      167504
      167514
      167991
      168002
      168477
      168962
      168977
      169467
      169951
      170924
      170943
      171410
      171430
      171917
      172404
      172405
      172407
      172887
      172895
      173373
      173380
      173381
      173382
      173383
      173386
      173856
      173857
      173866
      173867
      173869
      173870
      173871
      173872
      174358
      174359
      174841
      174842
      174843
      174845
      174847
      174848
      174854
      174855
      174856
      175326
      175329
      175330
      175331
      175332
      175333
      175340
      175341
      175816
      175818
      175819
      175821
      175823
      176302
      176303
      176304
      176314
      176788
      176789
      176790
      176791
      177277
      177278
      177279
      177280
      177766
      177767
      177768
      177769
      178256
      178257
      178745
      178752
      178753
      179233
      179721
      180208
      180695
      180714
      181182
      181669
      181687
      181688
      182174
      182175
      183148
      183149
      183636
      183637
      184123
      184124
      184610
      184611
      185098
      185586
      185587
      186074
      186561
      186562
      187049
      187050
      187537
      188025
      188513
      189001
      187538
