          44
       50670
       50671
       50672
       50673
       50674
       50675
       50676
       50677
       50680
       51151
       51168
       51636
       51660
       52155
       53599
       55070
       55559
       55573
       56552
       57029
       58010
       58496
       58501
       60465
       60935
       60936
       60937
       60938
       60939
       60940
       61423
       61432
       61908
       61923
       62395
       62414
       62904
       63394
       63870
       64861
       65327
       66332
       66825
       68293
