         290
      162859
      162860
      162861
      162862
      162863
      162864
      163348
      163349
      163350
      163351
      163352
      163353
      163354
      163836
      163837
      163838
      163839
      163840
      163841
      163842
      163843
      164325
      164326
      164327
      164328
      164329
      164330
      164331
      164332
      164333
      164813
      164814
      164815
      164816
      164817
      164818
      164819
      164820
      164821
      164822
      165302
      165303
      165304
      165305
      165306
      165307
      165308
      165309
      165310
      165311
      165312
      165790
      165791
      165792
      165793
      165794
      165795
      165796
      165797
      165798
      165799
      165800
      165801
      166279
      166280
      166281
      166282
      166283
      166284
      166285
      166286
      166287
      166288
      166289
      166290
      166291
      166767
      166768
      166769
      166770
      166771
      166772
      166773
      166774
      166775
      166776
      166777
      166778
      166779
      166780
      167255
      167256
      167257
      167258
      167259
      167260
      167261
      167262
      167263
      167264
      167265
      167266
      167267
      167268
      167269
      167270
      167744
      167745
      167746
      167747
      167748
      167749
      167750
      167751
      167752
      167753
      167754
      167755
      167756
      167757
      167758
      167759
      168234
      168235
      168236
      168237
      168238
      168239
      168240
      168241
      168242
      168243
      168244
      168245
      168246
      168247
      168248
      168723
      168724
      168725
      168726
      168727
      168728
      168729
      168730
      168731
      168732
      168733
      168734
      168735
      168736
      168737
      169212
      169213
      169214
      169215
      169216
      169217
      169218
      169219
      169220
      169221
      169222
      169223
      169224
      169225
      169226
      169227
      169702
      169703
      169704
      169705
      169706
      169707
      169708
      169709
      169710
      169711
      169712
      169713
      169714
      169715
      169716
      170192
      170193
      170194
      170195
      170196
      170197
      170198
      170199
      170200
      170201
      170202
      170203
      170204
      170205
      170206
      170681
      170682
      170683
      170684
      170685
      170686
      170687
      170688
      170689
      170690
      170691
      170692
      170693
      170694
      170695
      171171
      171172
      171173
      171174
      171175
      171176
      171177
      171178
      171179
      171180
      171181
      171182
      171183
      171661
      171662
      171663
      171664
      171665
      171666
      171667
      171668
      171669
      171670
      171671
      171672
      172150
      172151
      172152
      172153
      172154
      172155
      172156
      172157
      172158
      172159
      172160
      172161
      172640
      172641
      172642
      172645
      172646
      172649
      173130
      173131
      173133
      173134
      173136
      173137
      173620
      173621
      173622
      173624
      173625
      174110
      174113
      174121
      174600
      174601
      174610
      174611
      175089
      175098
      175099
      175100
      175586
      175587
      175589
      176075
      176076
      176078
      176562
      176563
      176564
      176565
      176566
      176567
