         109
      160368
      160857
      161345
      161346
      161347
      161834
      161835
      161836
      161853
      162323
      162324
      162325
      162812
      162813
      162814
      163301
      163302
      163303
      163790
      163791
      163792
      164279
      164280
      164281
      164768
      164769
      164770
      165256
      165258
      165259
      165260
      165745
      165746
      165747
      165748
      165749
      166233
      166234
      166235
      166236
      166237
      166238
      166721
      166722
      166723
      166724
      166725
      166726
      166727
      166733
      166734
      167210
      167211
      167212
      167213
      167214
      167217
      167222
      167699
      167700
      167701
      167702
      167703
      167706
      167713
      168188
      168190
      168191
      168192
      168195
      168680
      168684
      169166
      169177
      169655
      169662
      170144
      170151
      170159
      170633
      170640
      170648
      171121
      171129
      171138
      171610
      171618
      171621
      171627
      172099
      172109
      172110
      172116
      172588
      172598
      172599
      173077
      173086
      173088
      173566
      173575
      174055
      174544
      175033
      175522
      176988
      177477
      178454
      178944
