         213
      109714
      109715
      109716
      109717
      110200
      110201
      110202
      110203
      110204
      110205
      110206
      110685
      110686
      110687
      110688
      110689
      110690
      110691
      110692
      110693
      110694
      110695
      111171
      111172
      111173
      111174
      111175
      111176
      111177
      111178
      111179
      111180
      111181
      111182
      111183
      111184
      111185
      111656
      111657
      111658
      111659
      111660
      111661
      111662
      111663
      111664
      111665
      111666
      111667
      111668
      111669
      111670
      111671
      111672
      111673
      111674
      112143
      112144
      112145
      112146
      112147
      112148
      112149
      112150
      112151
      112152
      112153
      112154
      112155
      112156
      112157
      112158
      112159
      112160
      112161
      112162
      112163
      112631
      112632
      112633
      112634
      112635
      112636
      112637
      112638
      112639
      112640
      112641
      112642
      112643
      112644
      112645
      112646
      112647
      112648
      112649
      112650
      112651
      112652
      112653
      113119
      113120
      113121
      113122
      113123
      113124
      113125
      113126
      113127
      113128
      113129
      113130
      113131
      113132
      113133
      113134
      113135
      113136
      113137
      113138
      113139
      113140
      113141
      113142
      113143
      113607
      113608
      113609
      113610
      113611
      113612
      113613
      113614
      113615
      113616
      113617
      113618
      113619
      113620
      113621
      113622
      113623
      113624
      113625
      113626
      113627
      113628
      113629
      113630
      113631
      113632
      114096
      114097
      114098
      114099
      114100
      114101
      114102
      114103
      114104
      114105
      114106
      114107
      114108
      114109
      114110
      114111
      114112
      114113
      114114
      114115
      114118
      114119
      114586
      114587
      114588
      114589
      114590
      114591
      114592
      114593
      114594
      114595
      114596
      114597
      114598
      114599
      114600
      114601
      114602
      114603
      114604
      114605
      114606
      114607
      114608
      115084
      115085
      115086
      115087
      115088
      115089
      115090
      115091
      115092
      115093
      115094
      115095
      115096
      115581
      115582
      115583
      116077
