         153
      124399
      124888
      125378
      125869
      126354
      126357
      126358
      126843
      126844
      126845
      126846
      127331
      127332
      127333
      127334
      127819
      127820
      128306
      128307
      128308
      128309
      128795
      128796
      128797
      128798
      129284
      129285
      129286
      129287
      129770
      129771
      129772
      129773
      129774
      129775
      129776
      130260
      130261
      130262
      130263
      130264
      130265
      130750
      130751
      130752
      130753
      130754
      131239
      131240
      131241
      131242
      131243
      131728
      131729
      131730
      131731
      131732
      132217
      132218
      132219
      132220
      132221
      132706
      132707
      132708
      132709
      132710
      133195
      133196
      133197
      133198
      133199
      133685
      133686
      134174
      134175
      134663
      134664
      135152
      135153
      135641
      135642
      136129
      136130
      136618
      136619
      137107
      137596
      138085
      138574
      139063
      139552
      140041
      140530
      141019
      142486
      142974
      142975
      143463
      143952
      144440
      144441
      144929
      144930
      145417
      145418
      145419
      145906
      145907
      145908
      146395
      146396
      146397
      146884
      146885
      146886
      147373
      147374
      147862
      147863
      148351
      148352
      148840
      148841
      149328
      149329
      149817
      149818
      150306
      150307
      150794
      150795
      150796
      151283
      151284
      151285
      151771
      151774
      152260
      152263
      152749
      152752
      153237
      153239
      153240
      153241
      153242
      153728
      153732
      154218
      154704
      154706
      155200
