         114
       72957
       73946
       74446
       74922
       74939
       75904
       75918
       77852
       79810
       80299
       81276
       81277
       81766
       82254
       82266
       84698
       85680
       86657
       86659
       87142
       87143
       87631
       75429
       75430
       75431
       76408
       77873
       79338
       79826
       80314
       80788
       80789
       80802
       81278
       81290
       81778
       82255
       82744
       82754
       83232
       84218
       84706
       86164
       86169
       86171
       86653
       86656
       87144
       87145
       88610
       89099
       93490
       93453
       99830
      102754
      103241
      104695
       69467
       73383
       73863
       73871
       74352
       76798
       77284
       78269
       78757
       78759
       79245
       79260
       79733
       80214
       80219
       80220
       80221
       80709
       80713
       81679
       81700
       83148
       83632
       84125
       84129
       84611
       84618
       84621
       84629
       85097
       85099
       85117
       85587
       85595
       85605
       86075
       86082
       86084
       86563
       87051
       87070
       87550
       87551
       87556
       88039
       88045
       88535
       89019
       89022
       89995
       90488
       91949
       92922
       94877
       95857
       96343
       97322
