         269
      171949
      171950
      172437
      172438
      172924
      172925
      173411
      173412
      173413
      173414
      173419
      173899
      173900
      173907
      173908
      174387
      174388
      174389
      174394
      174395
      174396
      174868
      174869
      174870
      174871
      174872
      174873
      174874
      174876
      174877
      174881
      174882
      174883
      174885
      174886
      175357
      175361
      175362
      175363
      175370
      175371
      175372
      175373
      175374
      175846
      175847
      175848
      175857
      175858
      175859
      175861
      175862
      176344
      176345
      176346
      176347
      176348
      176349
      176350
      176351
      176352
      176830
      176831
      176832
      176833
      176834
      176835
      176836
      176837
      176838
      176839
      176840
      177314
      177317
      177318
      177319
      177320
      177321
      177322
      177323
      177324
      177325
      177326
      177327
      177802
      177803
      177804
      177805
      177806
      177807
      177808
      177809
      177810
      177811
      177812
      177813
      177814
      177815
      177816
      178291
      178292
      178293
      178294
      178295
      178296
      178297
      178298
      178299
      178300
      178301
      178302
      178303
      178304
      178305
      178306
      178780
      178781
      178782
      178783
      178784
      178785
      178786
      178787
      178788
      178789
      178790
      178791
      178792
      178793
      178794
      178795
      179269
      179270
      179271
      179272
      179273
      179274
      179275
      179276
      179277
      179278
      179279
      179280
      179281
      179282
      179283
      179284
      179285
      179758
      179759
      179760
      179761
      179762
      179763
      179764
      179765
      179766
      179767
      179768
      179769
      179770
      179771
      179772
      179773
      179774
      180247
      180248
      180249
      180250
      180251
      180252
      180253
      180254
      180255
      180256
      180257
      180258
      180259
      180260
      180261
      180262
      180263
      180737
      180738
      180739
      180740
      180741
      180742
      180743
      180744
      180745
      180746
      180747
      180748
      180749
      180750
      180751
      180752
      181226
      181227
      181228
      181229
      181230
      181231
      181232
      181233
      181234
      181235
      181236
      181237
      181238
      181239
      181240
      181716
      181717
      181718
      181719
      181720
      181721
      181722
      181723
      181724
      181725
      181726
      181727
      181728
      181729
      182205
      182206
      182207
      182208
      182209
      182210
      182211
      182212
      182213
      182214
      182215
      182216
      182217
      182218
      182694
      182695
      182696
      182697
      182698
      182699
      182700
      182701
      182702
      182703
      182704
      182705
      182706
      182707
      183183
      183184
      183185
      183186
      183187
      183188
      183189
      183190
      183191
      183192
      183673
      183674
      183675
      183676
