         329
       14768
       14769
       14770
       15259
       15260
       15261
       15745
       15746
       15747
       15748
       15751
       15752
       16234
       16235
       16236
       16237
       16238
       16239
       16240
       16241
       16722
       16723
       16724
       16725
       16726
       16727
       16728
       16729
       16730
       16731
       17210
       17211
       17212
       17213
       17214
       17215
       17216
       17217
       17218
       17219
       17220
       17699
       17700
       17701
       17702
       17703
       17704
       17705
       17706
       17707
       17708
       17709
       18187
       18188
       18189
       18190
       18191
       18192
       18193
       18194
       18195
       18196
       18197
       18198
       18199
       18203
       18675
       18676
       18677
       18678
       18679
       18680
       18681
       18682
       18683
       18684
       18685
       18686
       18687
       18688
       18692
       18693
       19164
       19165
       19166
       19167
       19168
       19169
       19170
       19171
       19172
       19173
       19174
       19175
       19176
       19177
       19181
       19182
       19652
       19653
       19654
       19655
       19656
       19657
       19658
       19659
       19660
       19661
       19662
       19663
       19664
       19665
       19667
       19671
       19673
       20141
       20142
       20143
       20144
       20145
       20146
       20147
       20148
       20149
       20150
       20151
       20152
       20153
       20154
       20155
       20156
       20159
       20160
       20629
       20630
       20631
       20632
       20633
       20634
       20635
       20636
       20637
       20638
       20639
       20640
       20641
       20642
       20643
       20644
       20645
       20648
       20649
       21117
       21118
       21119
       21120
       21121
       21122
       21123
       21124
       21125
       21126
       21127
       21128
       21129
       21130
       21131
       21132
       21133
       21134
       21137
       21138
       21606
       21607
       21608
       21609
       21610
       21611
       21612
       21613
       21614
       21615
       21616
       21617
       21618
       21619
       21620
       21621
       21622
       21623
       21626
       21627
       22094
       22095
       22096
       22097
       22098
       22099
       22100
       22101
       22102
       22103
       22104
       22105
       22106
       22107
       22108
       22109
       22110
       22111
       22112
       22115
       22116
       22583
       22584
       22585
       22586
       22587
       22588
       22589
       22590
       22591
       22592
       22593
       22594
       22595
       22596
       22597
       22598
       22599
       22600
       22601
       22602
       22603
       22604
       22605
       23071
       23072
       23073
       23074
       23075
       23076
       23077
       23078
       23079
       23080
       23081
       23082
       23083
       23084
       23085
       23086
       23087
       23088
       23089
       23090
       23091
       23092
       23093
       23094
       23560
       23561
       23562
       23563
       23564
       23565
       23566
       23567
       23568
       23569
       23570
       23571
       23572
       23573
       23574
       23575
       23576
       23577
       23578
       23579
       23580
       23581
       23582
       24050
       24051
       24052
       24053
       24054
       24055
       24056
       24057
       24058
       24059
       24060
       24061
       24062
       24063
       24064
       24065
       24066
       24067
       24540
       24541
       24542
       24543
       24544
       24545
       24546
       24547
       24548
       24549
       24550
       24551
       24552
       24553
       24554
       25029
       25030
       25031
       25032
       25033
       25034
       25035
       25036
       25037
       25038
       25519
       25520
       25521
