         243
      113507
      114482
      115461
      115949
      115950
      115951
      115952
      116437
      116438
      116440
      116928
      116929
      116930
      117415
      117416
      117417
      117418
      117419
      117420
      117421
      117901
      117902
      117903
      117904
      117905
      117906
      117907
      117908
      117909
      118386
      118388
      118389
      118390
      118391
      118392
      118393
      118394
      118395
      118396
      118397
      118398
      118399
      118869
      118870
      118871
      118872
      118873
      118874
      118875
      118876
      118877
      118878
      118879
      118880
      118881
      118882
      118883
      118884
      118885
      118886
      118887
      118888
      119354
      119355
      119356
      119357
      119358
      119359
      119360
      119361
      119362
      119363
      119364
      119365
      119366
      119367
      119368
      119369
      119370
      119371
      119372
      119373
      119374
      119375
      119376
      119377
      119378
      119837
      119838
      119839
      119840
      119841
      119842
      119843
      119844
      119845
      119846
      119847
      119848
      119849
      119850
      119851
      119852
      119853
      119854
      119855
      119856
      119857
      119858
      119859
      119860
      119861
      119862
      119863
      119864
      119865
      119866
      119867
      120329
      120330
      120331
      120332
      120335
      120336
      120337
      120338
      120339
      120340
      120341
      120342
      120343
      120344
      120345
      120346
      120347
      120348
      120349
      120350
      120351
      120352
      120353
      120354
      120355
      120356
      120822
      120823
      120824
      120825
      120826
      120827
      120828
      120829
      120830
      120831
      120832
      120833
      120834
      120835
      120836
      120837
      120838
      120839
      120840
      120841
      120842
      120843
      120844
      120845
      121311
      121312
      121313
      121314
      121315
      121316
      121317
      121318
      121319
      121320
      121321
      121322
      121323
      121324
      121325
      121326
      121327
      121328
      121329
      121330
      121331
      121332
      121333
      121334
      121335
      121801
      121804
      121805
      121806
      121807
      121808
      121809
      121810
      121811
      121812
      121813
      121814
      121815
      121816
      121817
      121818
      121819
      121820
      121821
      121822
      121823
      121824
      122287
      122288
      122289
      122290
      122291
      122292
      122293
      122294
      122295
      122296
      122297
      122298
      122299
      122300
      122301
      122302
      122303
      122304
      122305
      122306
      122777
      122778
      122779
      122783
      122784
      122785
      122786
      122787
