          74
      196090
      196091
      196092
      196093
      196094
      196095
      196096
      196097
      196579
      196580
      196581
      196582
      196583
      196584
      196585
      196586
      197068
      197069
      197070
      197071
      197072
      197073
      197074
      197075
      197557
      197558
      197559
      197560
      197561
      197562
      197563
      197564
      198046
      198047
      198048
      198049
      198050
      198051
      198052
      198053
      198535
      198536
      198537
      198538
      198539
      198540
      198541
      198542
      199024
      199025
      199026
      199027
      199028
      199029
      199030
      199031
      199037
      199513
      199514
      199515
      199516
      199517
      199518
      199519
      199520
      199526
      200002
      200003
      200004
      200005
      200006
      200007
      200008
      200009
