          66
      212284
      212773
      214233
      214234
      214711
      214721
      214722
      214723
      215209
      215210
      215211
      215212
      216189
      216676
      216680
      216681
      217165
      217168
      217169
      218615
      218633
      220097
      220567
      221055
      221059
      221074
      221563
      223008
      223015
      223497
      223986
      224005
      224475
      224494
      224962
      224964
      225451
      225453
      225940
      225942
      225962
      226938
      227409
      227898
      227915
      227917
      228387
      228404
      228875
      228876
      229364
      229365
      229853
      229854
      230342
      230343
      230831
      230832
      231319
      231320
      231321
      231808
      231809
      231810
      232297
      232298
