         157
      194246
      194733
      196194
      196195
      196683
      196684
      197171
      197655
      197656
      197657
      198142
      198143
      198144
      198629
      198630
      198631
      198632
      198633
      198634
      198635
      199117
      199118
      199119
      199120
      199121
      199122
      199126
      199127
      199604
      199605
      199606
      199608
      199609
      199610
      199611
      199612
      200092
      200093
      200094
      200095
      200096
      200097
      200098
      200099
      200100
      200101
      200581
      200582
      200583
      200584
      200585
      200586
      200587
      200588
      200589
      200590
      200591
      201069
      201070
      201071
      201072
      201073
      201074
      201075
      201076
      201077
      201078
      201079
      201081
      201082
      201083
      201091
      201555
      201556
      201557
      201558
      201559
      201560
      201561
      201562
      201563
      201564
      201565
      201566
      201567
      201568
      201569
      201580
      202043
      202044
      202046
      202047
      202048
      202049
      202050
      202051
      202052
      202053
      202054
      202055
      202056
      202057
      202058
      202059
      202060
      202061
      202536
      202537
      202538
      202539
      202540
      202541
      202542
      202544
      202545
      202546
      202547
      202548
      202549
      203026
      203027
      203028
      203029
      203030
      203031
      203032
      203033
      203034
      203036
      203037
      203038
      203516
      203517
      203518
      203519
      203520
      203521
      203522
      203523
      203524
      203525
      204005
      204006
      204008
      204009
      204010
      204011
      204012
      204013
      204496
      204497
      204498
      204500
      204985
      204987
      204988
      205474
