          42
      180866
      181354
      181843
      182332
      183784
      186244
      186733
      187221
      187222
      188189
      189663
      189666
      190149
      190156
      191127
      191620
      191622
      192102
      192593
      192595
      193080
      187710
      187711
      188199
      188688
      189177
      189662
      189667
      190157
      190641
      190645
      190646
      191135
      191624
      192111
      192113
      192600
      192601
      192602
      193081
      193083
      193090
