          64
       95767
       95768
       96256
       96258
       96744
       96746
       96747
       97232
       97235
       97720
       97723
       98208
       98209
       98211
       98212
       98216
       98697
       98698
       98700
       98701
       98704
       99185
       99186
       99187
       99188
       99189
       99193
       99194
       99673
       99674
       99676
       99677
       99678
       99682
       99683
      100161
      100166
      100171
      100172
      100649
      100650
      100654
      100655
      100659
      100660
      101138
      101139
      101143
      101148
      101149
      101150
      101154
      101628
      101632
      101636
      101637
      101639
      102125
      102128
      102616
      102617
      102622
      103106
      103595
