          56
      144620
      145109
      147554
      149510
      149999
      150488
      151957
      153914
      159293
      159782
      168096
      155380
      160271
      160760
      161249
      161738
      162227
      162716
      163205
      165161
      166629
      169072
      167588
      168078
      168570
      169063
      169071
      169556
      153425
      163694
      165650
      149019
      149020
      149509
      149997
      149998
      150486
      150975
      151464
      151466
      151953
      151956
      152446
      152933
      154891
      155869
      156358
      164183
      164672
      167589
      168079
      168571
      168583
      168584
      169069
      169558
