         366
        7215
        7703
        7704
        8188
        8681
        8682
        9658
       10143
       10632
       10635
       10637
       11121
       11124
       11612
       11613
       11614
       12101
       12102
       12587
       12591
       13076
       13077
       13565
       13566
       13568
       14053
       14054
       14057
       14546
       15039
       16007
       17478
       17482
       17967
       18457
       18461
       18943
       18950
       19425
       19432
       19921
       20401
       20415
       20416
       20417
       21867
        6242
        6730
        6732
        6739
        7219
        7222
        7224
        7708
        7712
        7716
        8201
        8205
        8687
        9170
        9174
        9176
        9178
        9664
        9666
        9671
       10155
       10160
       10644
       10649
       11132
       11138
       11620
       14084
        6243
        6244
        8197
        8693
        9177
        9182
       10151
       11626
       12108
       12115
       12598
       13085
       13087
       14062
       14067
       14068
       14555
       15043
       15044
       15549
       20906
       21412
        9659
       10147
       10148
       10636
       11125
       12588
       12589
       13078
       13079
       13567
       14055
       14542
       14543
       15030
       15528
       16012
       16495
       16506
       16989
       16995
       17961
       17971
       18449
       18456
       18458
       18459
       18460
       18937
       18944
       18949
       19914
       20402
       20414
       20890
       20903
       20904
       20905
       21392
       21393
       22356
        8198
        8685
        9175
        9665
       10154
       14063
       15041
       15046
       15530
       15531
       15534
       16020
       16021
       16023
       16505
       16507
       16508
       16509
       16510
       16994
       16996
       16997
       16998
       16999
       17015
       17483
       17484
       17485
       17486
       17487
       17488
       17972
       17973
       17974
       17975
       17976
       17977
       17992
       18462
       18463
       18464
       18465
       18951
       18952
       18953
       18969
       19439
       19440
       19441
       19442
       19928
       19929
       19930
       19931
       21395
       21884
       22373
       22877
       23854
       27762
       10643
       11627
       12109
       12116
       12597
       13086
       13574
       13575
       14064
       14551
       14553
       14556
       14557
       15040
       15042
       15045
       15529
       15532
       15533
       16018
       16019
       16022
       16500
       16984
       18455
       18945
       19433
       19438
       19922
       19926
       19927
       20413
       20891
       20902
       21391
       21394
       21879
       21880
       21881
       21882
       21883
       22368
       22369
       22370
       22371
       22372
       22845
       22852
       22856
       22857
       22858
       22859
       22860
       23333
       23340
       23341
       23345
       23346
       23347
       23348
       23349
       23829
       23830
       23834
       23835
       23836
       23837
       23838
       24322
       24323
       24324
       24325
       24799
       24811
       24812
       24813
       24814
       25300
       25301
       25302
       25788
       25789
       25790
       26276
       26278
       26279
       26767
       27253
       27256
       27745
       14056
       15032
       15523
       16017
       17473
       17966
       18450
       18454
       18938
       18946
       18948
       19426
       19437
       19925
       20403
       20409
       20412
       20418
       20892
       20898
       20901
       21379
       21380
       21386
       21387
       21390
       21874
       21875
       21876
       21878
       22362
       22363
       22364
       22365
       22366
       22367
       22851
       22853
       22854
       22855
       22861
       22862
       23342
       23344
       23350
       23828
       23831
       23833
       23839
       24318
       24326
       24815
       25299
       25303
       25787
       25791
       25792
       26280
       26764
       26768
       26769
       27257
       27741
       27746
       12602
       12603
       12604
       13091
       13092
       13107
       13580
       13581
       14069
       14552
       15060
       16511
       17000
       17503
       18954
       18968
