          99
       15378
       15379
       15870
       15871
       15872
       16357
       16364
       16365
       16366
       16847
       16848
       16853
       16854
       16855
       16856
       16867
       16868
       16869
       16870
       16871
       16872
       17338
       17346
       17347
       17348
       17357
       17358
       17359
       17360
       17361
       17828
       17839
       17845
       17846
       18318
       18330
       18809
       18821
       19299
       19310
       19311
       19312
       19313
       19789
       19800
       19801
       19802
       19803
       19804
       19805
       19806
       20280
       20290
       20291
       20292
       20293
       20769
       20778
       20779
       20780
       20781
       20783
       21256
       21257
       21264
       21739
       21741
       22235
       22719
       22736
       23711
       24198
       24685
       25179
        9538
       12001
       12482
       12970
       12975
       12986
       13949
       14441
       14450
       14940
       16391
       16873
       16876
       16884
       17362
       17363
       17865
       18355
       20299
       20316
       20787
       21783
       22275
       22758
       24209
