         103
       20285
       20776
       21756
       22243
       22244
       22722
       22723
       22729
       22732
       23208
       23209
       23210
       23214
       23215
       23217
       23218
       23219
       23224
       23225
       23229
       23701
       23703
       23713
       23715
       23716
       23717
       24189
       24191
       24204
       24205
       24206
       24207
       24687
       24689
       24691
       25175
       25654
       19326
       19329
       19330
       19331
       19815
       19817
       20301
       20306
       20307
       20308
       20309
       20801
       20802
       21763
       21767
       21768
       21771
       21772
       21773
       21774
       22250
       22251
       22261
       22265
       22266
       22267
       22268
       22269
       22270
       22742
       22743
       22744
       22748
       22749
       22750
       22751
       22752
       22753
       22754
       22755
       23232
       23233
       23234
       23236
       23237
       21757
       22239
       22240
       22730
       22731
       22737
       22738
       23216
       23702
       23706
       23712
       24190
       24199
       24200
       24690
       25167
       25168
       25650
       25652
       27121
       27608
