          38
       28543
       29031
       29517
       30002
       30485
       30486
       30487
       30968
       31448
       31449
       31450
       31451
       31452
       31453
       31454
       31461
       31462
       31463
       31934
       31935
       31936
       31937
       31938
       31939
       31944
       32420
       32422
       32423
       34886
       34898
       35371
       35877
       36366
       40245
       40253
       40254
       40255
       40256
