         108
      202841
      202851
      203330
      203340
      203819
      203821
      203829
      204307
      204308
      204309
      204310
      204311
      204314
      204796
      204797
      204798
      204799
      204800
      204803
      204806
      205286
      205287
      205288
      205289
      205292
      205295
      205775
      205776
      205777
      205778
      205781
      205784
      206264
      206265
      206266
      206267
      206268
      206270
      206273
      206753
      206754
      206755
      206756
      206757
      206759
      206761
      206762
      207242
      207243
      207244
      207245
      207246
      207248
      207250
      207251
      207731
      207732
      207733
      207734
      207735
      207737
      207739
      207740
      208225
      208226
      208228
      208229
      208230
      208714
      208715
      208717
      208718
      208719
      209203
      209204
      209206
      209207
      209692
      209694
      209696
      210183
      210185
      210672
      210674
      211161
      211163
      211650
      211652
      212130
      212131
      212139
      212141
      212619
      212620
      212628
      213108
      213109
      213597
      213598
      214086
      214087
      214088
      214095
      214572
      214578
      214582
      214583
      214585
