         190
      221109
      221110
      221111
      221596
      221597
      221598
      221599
      221600
      222085
      222086
      222087
      222088
      222089
      222090
      222091
      222574
      222575
      222576
      222577
      222578
      222579
      222580
      223063
      223064
      223065
      223066
      223067
      223068
      223069
      223070
      223076
      223553
      223554
      223555
      223556
      223557
      223558
      223559
      223560
      223562
      223563
      223564
      223565
      223566
      223567
      223568
      223569
      224041
      224042
      224043
      224044
      224045
      224046
      224047
      224048
      224049
      224050
      224051
      224052
      224053
      224054
      224055
      224056
      224057
      224058
      224059
      224060
      224061
      224530
      224531
      224532
      224533
      224534
      224535
      224536
      224537
      224538
      224539
      224540
      224541
      224542
      224543
      224544
      224545
      224546
      224547
      224549
      224550
      225020
      225021
      225022
      225023
      225024
      225025
      225026
      225027
      225028
      225029
      225030
      225031
      225032
      225033
      225034
      225035
      225037
      225038
      225039
      225510
      225511
      225512
      225513
      225514
      225515
      225516
      225517
      225518
      225519
      225520
      225521
      225522
      225523
      225524
      225525
      225527
      225528
      225529
      226017
      226018
      226019
      229910
      229911
      229912
      229913
      229914
      230400
      230401
      230402
      230403
      230404
      230405
      230406
      230407
      230888
      230889
      230890
      230891
      230892
      230893
      230894
      230895
      230896
      230897
      231378
      231379
      231380
      231381
      231382
      231383
      231384
      231385
      231386
      231390
      231391
      231392
      231393
      231394
      231395
      231396
      231867
      231868
      231869
      231870
      231871
      231872
      231873
      231874
      231879
      231880
      231881
      231882
      231883
      232358
      232359
      232360
      232361
      232362
      232363
      232370
      232371
      232372
