         161
      149545
      149546
      149547
      149548
      150032
      150033
      150034
      150035
      150036
      150037
      150038
      150039
      150040
      150041
      150042
      150043
      150520
      150521
      150522
      150523
      150524
      150525
      150526
      150527
      150528
      150529
      150530
      150531
      150532
      151009
      151010
      151011
      151012
      151013
      151014
      151015
      151016
      151017
      151018
      151019
      151020
      151021
      151498
      151499
      151500
      151501
      151502
      151503
      151504
      151505
      151506
      151507
      151508
      151509
      151510
      151987
      151988
      151989
      151990
      151991
      151992
      151993
      151994
      151995
      151996
      151997
      151998
      151999
      152477
      152478
      152479
      152480
      152481
      152482
      152483
      152484
      152485
      152486
      152487
      152488
      152489
      152966
      152967
      152968
      152969
      152970
      152971
      152972
      152973
      152974
      152975
      152976
      152977
      152978
      153455
      153456
      153457
      153458
      153459
      153460
      153461
      153462
      153463
      153464
      153465
      153466
      153467
      153944
      153945
      153946
      153947
      153948
      153949
      153950
      153951
      153952
      153953
      153954
      153955
      153956
      154433
      154434
      154435
      154436
      154437
      154438
      154439
      154440
      154441
      154442
      154443
      154444
      154445
      154922
      154923
      154924
      154925
      154926
      154927
      154928
      154929
      154930
      154931
      154932
      155411
      155412
      155413
      155414
      155415
      155416
      155417
      155418
      155419
      155902
      155903
      155904
      155905
      155906
      155907
      156393
      156394
