         115
      158748
      159711
      161186
      162166
      162171
      162650
      162651
      162653
      163642
      164116
      164121
      164126
      164604
      164609
      164613
      164620
      165095
      165099
      165103
      165109
      165588
      165591
      165597
      166073
      166074
      166086
      166561
      166562
      166564
      166565
      167051
      167054
      167062
      167539
      167550
      167551
      168027
      168028
      168032
      168033
      168515
      169004
      169015
      169016
      169018
      169503
      169507
      169991
      169995
      170479
      170480
      170483
      170484
      170971
      170972
      170976
      171455
      171456
      171459
      171465
      171466
      171941
      171942
      171947
      171948
      171951
      171953
      172427
      172430
      172431
      172432
      172433
      172440
      172442
      172443
      172915
      172919
      172920
      172921
      172922
      172935
      173400
      173406
      173407
      173886
      173890
      173891
      173892
      173893
      173894
      173895
      173914
      174375
      174380
      174381
      174887
      175367
      175379
      175381
      175852
      175855
      176342
      176354
      176356
      176822
      176827
      176842
      176843
      176844
      177307
      177308
      177332
      177794
      177819
      177820
