         199
      175639
      176126
      176127
      176613
      176614
      176615
      176616
      177101
      177102
      177103
      177104
      177105
      177589
      177590
      177591
      177592
      177593
      178072
      178073
      178074
      178075
      178077
      178078
      178079
      178080
      178081
      178082
      178558
      178559
      178560
      178561
      178562
      178563
      178564
      178565
      178566
      178567
      178568
      178569
      178570
      178571
      179045
      179046
      179047
      179048
      179049
      179050
      179051
      179052
      179053
      179055
      179056
      179057
      179058
      179059
      179532
      179533
      179534
      179535
      179536
      179537
      179538
      179539
      179540
      179541
      179542
      179543
      179544
      179545
      179546
      179547
      179548
      180021
      180024
      180025
      180026
      180027
      180028
      180029
      180030
      180031
      180032
      180033
      180034
      180035
      180036
      180037
      180511
      180512
      180513
      180514
      180515
      180516
      180517
      180518
      180519
      180520
      180521
      180522
      180523
      180524
      180525
      180526
      181000
      181001
      181002
      181003
      181004
      181005
      181006
      181007
      181008
      181009
      181010
      181011
      181012
      181013
      181014
      181015
      181490
      181491
      181492
      181493
      181494
      181495
      181496
      181497
      181498
      181499
      181500
      181501
      181502
      181503
      181504
      181979
      181980
      181981
      181982
      181983
      181984
      181985
      181986
      181987
      181988
      181989
      181990
      181991
      181992
      181993
      182469
      182470
      182471
      182472
      182473
      182474
      182475
      182476
      182477
      182478
      182479
      182480
      182481
      182482
      182958
      182959
      182960
      182961
      182962
      182963
      182964
      182965
      182966
      182967
      182968
      182969
      182970
      182971
      183448
      183449
      183450
      183451
      183456
      183457
      183458
      183459
      183460
      183937
      183938
      183939
      183940
      183945
      183946
      183947
      183948
      183949
      184426
      184427
      184428
      184437
