         141
      140674
      143602
      145077
      145078
      145079
      145080
      146539
      146550
      147038
      147039
      147527
      147528
      148010
      148016
      148017
      148495
      148498
      148499
      148504
      148505
      148506
      148507
      148987
      148988
      148993
      148994
      148995
      148996
      149473
      149476
      149477
      149478
      149482
      149483
      149484
      149485
      149486
      149962
      149963
      149964
      149965
      149966
      149967
      149971
      149972
      149973
      149974
      149975
      150451
      150452
      150453
      150454
      150455
      150456
      150457
      150460
      150461
      150462
      150463
      150464
      150940
      150941
      150942
      150943
      150944
      150945
      150946
      150947
      150949
      150950
      150951
      150952
      150953
      151429
      151430
      151431
      151432
      151433
      151434
      151435
      151436
      151437
      151438
      151439
      151440
      151441
      151442
      151443
      151453
      151919
      151920
      151921
      151923
      151924
      151925
      151926
      151927
      151928
      151929
      151930
      151931
      151932
      151935
      151941
      151942
      152408
      152409
      152413
      152414
      152415
      152416
      152417
      152420
      152421
      152424
      152430
      152897
      152898
      152902
      152903
      152904
      152905
      152909
      152910
      152913
      152919
      153403
      153410
      153890
      153891
      153896
      153899
      154379
      154385
      154386
      154388
      154389
      154874
      154877
      155366
      156830
