          42
       56607
       58078
       58563
       59053
       59543
       60032
       60522
       60549
       61011
       61012
       61501
       61502
       61503
       61504
       61505
       61506
       61507
       61508
       61509
       62502
       62969
       62970
       62971
       62972
       62973
       62974
       62975
       62976
       63464
       63465
       63471
       63954
       63959
       63960
       64443
       64447
       64449
       64935
       65422
       65423
       65428
       65918
