         295
       56293
       56294
       56295
       56296
       56759
       56765
       56766
       56767
       56768
       56769
       56770
       56771
       56772
       56773
       56774
       56781
       56782
       56785
       57240
       57241
       57252
       57253
       57256
       57257
       57258
       57259
       57260
       57261
       57262
       57263
       57265
       57266
       57270
       57271
       57272
       57273
       57274
       57734
       57743
       57744
       57745
       57746
       57747
       57748
       57749
       57750
       57752
       57753
       57754
       57755
       57758
       57759
       57760
       57761
       57763
       57764
       58216
       58219
       58220
       58234
       58235
       58236
       58237
       58238
       58239
       58240
       58241
       58242
       58244
       58245
       58249
       58250
       58251
       58252
       58253
       58720
       58723
       58724
       58725
       58726
       58727
       58728
       58729
       58730
       58731
       58732
       58733
       58734
       58738
       58739
       58740
       58741
       58742
       59212
       59213
       59214
       59215
       59216
       59217
       59218
       59219
       59220
       59221
       59222
       59223
       59224
       59228
       59229
       59231
       59701
       59702
       59703
       59704
       59705
       59706
       59707
       59708
       59709
       59710
       59711
       59712
       59713
       59714
       59715
       59718
       59721
       60190
       60191
       60192
       60193
       60194
       60195
       60196
       60197
       60198
       60199
       60200
       60201
       60202
       60203
       60207
       60208
       60209
       60210
       60211
       60679
       60680
       60681
       60682
       60683
       60684
       60685
       60686
       60687
       60688
       60689
       60690
       60691
       60692
       60693
       61169
       61170
       61171
       61172
       61173
       61175
       61176
       61177
       61178
       61179
       61180
       61181
       61188
       61189
       61658
       61659
       61660
       61661
       61662
       61663
       61664
       61665
       61666
       61667
       61676
       61677
       61679
       62147
       62148
       62149
       62150
       62151
       62152
       62158
       62159
       62160
       62161
       62162
       62165
       62166
       62167
       62168
       62636
       62637
       62638
       62639
       62640
       62643
       62644
       62646
       62647
       62648
       62649
       62650
       62655
       62656
       62657
       62658
       63124
       63125
       63126
       63130
       63131
       63132
       63133
       63134
       63135
       63136
       63137
       63138
       63139
       63144
       63145
       63146
       63610
       63612
       63618
       63620
       63621
       63622
       63623
       63624
       63625
       63626
       63627
       64100
       64105
       64106
       64107
       64108
       64109
       64110
       64111
       64112
       64113
       64114
       64115
       64116
       64594
       64595
       64597
       64598
       64599
       64600
       64601
       64602
       64603
       64604
       65082
       65085
       65086
       65089
       65090
       65091
       65569
       65572
       65573
       65575
       65576
       65577
       65578
       65579
       66061
       66063
       66064
       66065
       66549
       66550
       66551
       66552
       66553
       67039
       67040
       67041
       68012
