         108
        5689
        5690
        6176
        6177
        6179
        6662
        6663
        6664
        6665
        6669
        7151
        7152
        7153
        7640
        7641
        8129
        8130
        8616
        8617
        8618
        8619
        8620
        9105
        9106
        9107
        9108
        9109
        9594
        9595
        9596
        9597
        9598
       10083
       10085
       10086
       10087
       10571
       10572
       10574
       10575
       10576
       11061
       11063
       11064
       11065
       11551
       11552
       11553
       11554
       12040
       12041
       12042
       12043
       12531
       12532
       13015
       13020
       13021
       13503
       13504
       13508
       13509
       13510
       13994
       13995
       13996
       13997
       13998
       13999
       14479
       14487
       14967
       15946
       16435
       16920
       16924
       17413
       17415
       17897
       17901
       17902
       17903
       17904
       17905
       18390
       18391
       18392
       18393
       18394
       18874
       18875
       18879
       18880
       18881
       18882
       18883
       19365
       19366
       19370
       19371
       19843
       19859
       19860
       20352
       20828
       21336
       23286
       23774
