          95
      118074
      118079
      118563
      118568
      119052
      119053
      119057
      119541
      119542
      119551
      120025
      120026
      120027
      120030
      120031
      120032
      120040
      120512
      120513
      120514
      120515
      120516
      120517
      120518
      120519
      120520
      120521
      121000
      121001
      121002
      121003
      121004
      121005
      121006
      121007
      121008
      121009
      121010
      121489
      121490
      121491
      121492
      121493
      121494
      121495
      121496
      121497
      121498
      121499
      121969
      121970
      121973
      121974
      121975
      121988
      121998
      122450
      122457
      122458
      122459
      122460
      122461
      122462
      122463
      122478
      122481
      122485
      122487
      122488
      122489
      122940
      122941
      122942
      122944
      122945
      122946
      122947
      122969
      122970
      122974
      123457
      123458
      123460
      123463
      123464
      124444
      124928
      124931
      124933
      125420
      125422
      125904
      125909
      126398
      127374
