        2526
       34176
       34662
       34665
       34688
       34689
       34690
       34691
       35151
       35154
       35155
       35156
       35157
       35158
       35159
       35160
       35161
       35162
       35163
       35164
       35165
       35166
       35167
       35168
       35169
       35170
       35171
       35172
       35173
       35174
       35175
       35176
       35177
       35178
       35179
       35640
       35643
       35644
       35645
       35646
       35647
       35648
       35649
       35650
       35651
       35652
       35653
       35654
       35655
       35656
       35657
       35658
       35659
       35660
       35661
       35662
       35663
       35664
       35665
       35666
       35667
       36132
       36133
       36134
       36135
       36136
       36137
       36138
       36139
       36140
       36141
       36142
       36143
       36144
       36145
       36146
       36147
       36148
       36149
       36150
       36151
       36152
       36153
       36154
       36155
       36156
       36621
       36622
       36623
       36624
       36625
       36626
       36627
       36628
       36629
       36630
       36631
       36632
       36633
       36634
       36635
       36636
       36637
       36638
       36639
       36640
       36641
       36642
       36643
       36644
       37110
       37111
       37112
       37113
       37114
       37115
       37116
       37117
       37118
       37119
       37120
       37121
       37122
       37123
       37124
       37125
       37126
       37127
       37128
       37129
       37130
       37131
       37132
       37133
       37599
       37600
       37601
       37602
       37603
       37604
       37605
       37606
       37607
       37608
       37609
       37610
       37611
       37612
       37613
       37614
       37615
       37616
       37617
       37618
       37619
       37620
       37621
       38088
       38089
       38090
       38091
       38092
       38093
       38094
       38095
       38096
       38097
       38098
       38099
       38100
       38101
       38102
       38103
       38104
       38105
       38106
       38107
       38108
       38109
       38110
       38577
       38578
       38579
       38580
       38581
       38582
       38583
       38584
       38585
       38586
       38587
       38588
       38589
       38590
       38591
       38592
       38593
       38594
       38595
       38596
       38597
       38598
       39066
       39067
       39068
       39069
       39070
       39071
       39072
       39073
       39074
       39075
       39076
       39077
       39078
       39079
       39080
       39081
       39082
       39083
       39084
       39085
       39086
       39087
       39555
       39556
       39557
       39558
       39559
       39560
       39561
       39562
       39563
       39564
       39565
       39566
       39567
       39568
       39569
       39570
       39571
       39572
       39573
       39574
       39575
       40044
       40045
       40046
       40047
       40048
       40049
       40050
       40051
       40052
       40053
       40054
       40055
       40056
       40057
       40058
       40059
       40060
       40061
       40062
       40063
       40064
       40533
       40534
       40535
       40536
       40537
       40538
       40539
       40540
       40541
       40542
       40543
       40544
       40545
       40546
       40547
       40548
       40549
       40550
       40551
       40552
       40553
       41022
       41023
       41024
       41025
       41026
       41027
       41028
       41029
       41030
       41031
       41032
       41033
       41034
       41035
       41036
       41037
       41038
       41039
       41040
       41041
       41042
       41511
       41512
       41513
       41514
       41515
       41516
       41517
       41518
       41519
       41520
       41521
       41522
       41523
       41524
       41525
       41526
       41527
       41528
       41529
       41530
       41993
       41999
       42000
       42001
       42002
       42003
       42004
       42005
       42006
       42007
       42008
       42009
       42010
       42011
       42012
       42013
       42014
       42015
       42016
       42017
       42018
       42019
       42482
       42488
       42489
       42490
       42491
       42492
       42493
       42494
       42495
       42496
       42497
       42498
       42499
       42500
       42501
       42502
       42503
       42504
       42505
       42506
       42507
       42508
       42971
       42977
       42978
       42979
       42980
       42981
       42982
       42983
       42984
       42985
       42986
       42987
       42988
       42989
       42990
       42991
       42992
       42993
       42994
       42995
       42996
       42997
       43460
       43466
       43467
       43468
       43469
       43470
       43471
       43472
       43473
       43474
       43475
       43476
       43477
       43478
       43479
       43480
       43481
       43482
       43483
       43484
       43485
       43949
       43955
       43956
       43957
       43958
       43959
       43960
       43961
       43962
       43963
       43964
       43965
       43966
       43967
       43968
       43969
       43970
       43971
       43972
       43973
       43974
       44438
       44444
       44445
       44446
       44447
       44448
       44449
       44450
       44451
       44452
       44453
       44454
       44455
       44456
       44457
       44458
       44459
       44460
       44461
       44462
       44463
       44927
       44933
       44934
       44935
       44936
       44937
       44938
       44939
       44940
       44941
       44942
       44943
       44944
       44945
       44946
       44947
       44948
       44949
       44950
       44951
       44952
       45416
       45422
       45423
       45424
       45425
       45426
       45427
       45428
       45429
       45430
       45431
       45432
       45433
       45434
       45435
       45436
       45437
       45438
       45439
       45440
       45441
       45904
       45905
       45911
       45912
       45913
       45914
       45915
       45916
       45917
       45918
       45919
       45920
       45921
       45922
       45923
       45924
       45925
       45926
       45927
       45928
       45929
       45930
       46393
       46394
       46400
       46401
       46402
       46403
       46404
       46405
       46406
       46407
       46408
       46409
       46410
       46411
       46412
       46413
       46414
       46415
       46416
       46417
       46418
       46419
       46882
       46883
       46889
       46890
       46891
       46892
       46893
       46894
       46895
       46896
       46897
       46898
       46899
       46900
       46901
       46902
       46903
       46904
       46905
       46906
       46907
       46908
       47379
       48349
       49331
       50305
       50798
       51283
       51775
       51778
       52261
       52270
       52751
       52754
       52755
       52756
       52757
       53247
       53739
       54224
       54716
       47371
       47372
       47378
       47380
       47381
       47382
       47384
       47385
       47386
       47387
       47388
       47389
       47390
       47860
       47861
       47864
       47866
       47867
       47868
       47869
       47870
       47871
       47872
       47873
       47874
       47875
       47876
       47877
       47878
       47879
       48350
       48353
       48355
       48356
       48357
       48358
       48359
       48360
       48361
       48362
       48363
       48364
       48365
       48366
       48367
       48368
       48842
       48843
       48844
       48845
       48846
       48847
       48848
       48849
       48850
       48851
       48852
       48853
       48854
       48855
       48856
       49327
       49332
       49333
       49334
       49335
       49336
       49337
       49338
       49339
       49340
       49341
       49342
       49343
       49344
       49345
       49816
       49817
       49819
       49820
       49821
       49822
       49823
       49824
       49825
       49826
       49827
       49828
       49829
       49830
       49831
       49832
       49833
       49834
       50306
       50307
       50308
       50309
       50310
       50311
       50312
       50313
       50314
       50315
       50316
       50317
       50318
       50319
       50320
       50321
       50322
       50323
       50795
       50797
       50800
       50801
       50802
       50803
       50804
       50805
       50806
       50807
       50808
       50809
       50810
       50811
       50812
       51284
       51286
       51287
       51288
       51289
       51290
       51291
       51292
       51293
       51294
       51295
       51296
       51297
       51298
       51299
       51300
       51301
       51772
       51773
       51777
       51779
       51780
       51781
       51782
       51783
       51784
       51785
       51786
       51787
       51788
       51789
       51790
       52262
       52263
       52264
       52266
       52267
       52268
       52269
       52273
       52274
       52275
       52276
       52277
       52278
       52752
       52753
       52758
       52759
       52760
       52761
       52762
       52763
       52764
       52765
       52766
       52767
       53242
       53243
       53244
       53248
       53249
       53250
       53251
       53252
       53253
       53254
       53255
       53256
       53733
       53734
       53735
       53736
       53740
       53741
       53742
       53743
       53744
       53745
       54225
       54226
       54227
       54228
       54229
       54230
       54231
       54232
       54233
       54717
       54718
       54719
       54720
       54721
       54722
       55208
       55209
       55210
       55211
       47375
       47383
       48354
       48838
       48839
       49328
       49815
       49818
       50794
       50796
       50799
       51285
       51774
       51776
       52265
       52271
       52272
       53241
       53245
       53246
       53732
       53737
       53738
       54223
       54715
       55701
       46420
       46909
       47391
       47392
       47393
       47394
       47395
       47396
       47397
       47398
       47880
       47881
       47882
       47883
       47884
       47885
       47886
       47887
       48369
       48370
       48371
       48372
       48373
       48374
       48375
       48376
       48857
       48858
       48859
       48860
       48861
       48862
       48863
       48864
       48865
       49346
       49347
       49348
       49349
       49350
       49351
       49352
       49353
       49354
       49835
       49836
       49837
       49838
       49839
       49840
       49841
       49842
       49843
       50324
       50325
       50326
       50327
       50328
       50329
       50330
       50331
       50813
       50814
       50815
       50816
       50817
       50818
       50819
       50820
       51302
       51303
       51304
       51305
       51306
       51307
       51308
       51309
       51791
       51792
       51793
       51794
       51795
       51796
       51797
       51798
       52279
       52280
       52281
       52282
       52283
       52284
       52285
       52286
       52287
       52768
       52769
       52770
       52771
       52772
       52773
       52774
       52775
       52776
       53257
       53258
       53259
       53260
       53261
       53262
       53263
       53264
       53265
       53746
       53747
       53748
       53749
       53750
       53751
       53752
       53753
       54234
       54235
       54236
       54237
       54238
       54239
       54240
       54241
       54242
       54723
       54724
       54725
       54726
       54727
       54728
       54729
       54730
       54731
       55212
       55213
       55214
       55215
       55216
       55217
       55218
       55219
       55220
       55702
       55703
       55704
       55705
       55706
       55707
       55708
       56192
       56193
       56194
       56195
       56196
       56684
       56685
       56686
       34692
       35180
       35181
       35182
       35668
       35669
       35670
       35671
       35672
       36157
       36158
       36159
       36160
       36161
       36162
       36645
       36646
       36647
       36648
       36649
       36650
       36651
       36652
       37134
       37135
       37136
       37137
       37138
       37139
       37140
       37141
       37142
       37143
       37622
       37623
       37624
       37625
       37626
       37627
       37628
       37629
       37630
       37631
       37632
       38111
       38112
       38113
       38114
       38115
       38116
       38117
       38118
       38119
       38120
       38599
       38600
       38601
       38602
       38603
       38604
       38605
       38606
       38607
       38608
       38609
       39088
       39089
       39090
       39091
       39092
       39093
       39094
       39095
       39096
       39097
       39098
       39576
       39577
       39578
       39579
       39580
       39581
       39582
       39583
       39584
       39585
       39586
       40065
       40066
       40067
       40068
       40069
       40070
       40071
       40072
       40073
       40074
       40075
       40554
       40555
       40556
       40557
       40558
       40559
       40560
       40561
       40562
       40563
       40564
       41043
       41044
       41045
       41046
       41047
       41048
       41049
       41050
       41051
       41052
       41531
       41532
       41533
       41534
       41535
       41536
       41537
       41538
       41539
       41540
       41541
       42020
       42021
       42022
       42023
       42024
       42025
       42026
       42027
       42028
       42029
       42030
       42509
       42510
       42511
       42512
       42513
       42514
       42515
       42516
       42517
       42518
       42519
       42998
       42999
       43000
       43001
       43002
       43003
       43004
       43005
       43006
       43007
       43008
       43486
       43487
       43488
       43489
       43490
       43491
       43492
       43493
       43494
       43495
       43496
       43975
       43976
       43977
       43978
       43979
       43980
       43981
       43982
       43983
       43984
       43985
       44464
       44465
       44466
       44467
       44468
       44469
       44470
       44471
       44472
       44473
       44474
       44953
       44954
       44955
       44956
       44957
       44958
       44959
       44960
       44961
       44962
       44963
       45442
       45443
       45444
       45445
       45446
       45447
       45448
       45449
       45450
       45451
       45452
       45931
       45932
       45933
       45934
       45935
       45936
       45937
       45938
       45939
       45940
       45941
       46421
       46422
       46423
       46424
       46425
       46426
       46427
       46428
       46429
       46430
       46910
       46911
       46912
       46913
       46914
       46915
       46916
       46917
       46918
       46919
       47399
       47400
       47401
       47402
       47403
       47404
       47405
       47888
       47889
       47890
       47891
       47892
       47893
       47894
       48377
       48378
       48379
       48380
       48381
       48382
       48383
       48866
       48867
       48868
       48869
       48870
       48871
       48872
       49355
       49356
       49357
       49358
       49359
       49360
       49361
       49844
       49845
       49846
       49847
       49848
       49849
       49850
       50332
       50333
       50334
       50335
       50336
       50337
       50338
       50339
       50821
       50822
       50823
       50824
       50825
       50826
       50827
       50828
       51310
       51311
       51312
       51313
       51314
       51315
       51316
       51799
       51800
       51801
       51802
       51803
       51804
       51805
       52288
       52289
       52290
       52291
       52292
       52293
       52294
       52777
       52778
       52779
       52780
       52781
       52782
       52783
       53266
       53267
       53268
       53269
       53270
       53271
       53272
       53754
       53755
       53756
       53757
       53758
       53759
       53760
       53761
       54243
       54244
       54245
       54246
       54247
       54248
       54249
       54250
       54732
       54733
       54734
       54735
       54736
       54737
       54738
       55221
       55222
       55223
       55224
       55225
       55226
       55227
       55709
       55710
       55711
       55712
       55713
       55714
       55715
       55716
       56197
       56200
       56201
       56202
       56204
       56205
       56687
       56688
       56689
       56690
       56691
       56692
       56693
       56694
       57179
       57180
       46431
       46432
       46433
       46920
       46921
       46922
       47406
       47407
       47408
       47409
       47410
       47411
       47895
       47896
       47897
       47898
       47899
       47900
       48384
       48385
       48386
       48387
       48388
       48389
       48873
       48874
       48875
       48876
       48877
       48878
       49362
       49363
       49364
       49365
       49366
       49367
       49851
       49852
       49853
       49854
       49855
       49856
       50340
       50341
       50342
       50343
       50344
       50345
       50829
       50830
       50831
       50832
       50833
       50834
       51317
       51318
       51319
       51320
       51321
       51322
       51323
       51806
       51807
       51808
       51809
       51810
       51811
       51812
       52295
       52296
       52297
       52298
       52299
       52300
       52301
       52784
       52785
       52786
       52787
       52788
       52789
       52790
       53273
       53274
       53275
       53276
       53277
       53278
       53279
       53762
       53763
       53764
       53765
       53766
       53767
       53768
       54251
       54252
       54253
       54254
       54255
       54256
       54257
       54739
       54740
       54741
       54742
       54743
       54744
       54745
       54746
       55228
       55229
       55230
       55231
       55232
       55233
       55234
       55235
       55717
       55718
       55719
       55720
       55721
       55722
       55723
       55724
       56206
       56207
       56208
       56209
       56210
       56211
       56212
       56213
       56695
       56696
       56697
       56698
       56699
       56700
       56701
       56702
       57186
       57187
       57188
       57189
       57190
       57191
       57676
       57677
       57678
       57679
       57680
       58166
       58167
       58168
       58657
       37148
       37149
       37150
       37151
       37152
       37153
       37154
       37155
       37156
       37157
       37158
       37159
       37160
       37161
       37162
       37163
       37164
       37633
       37634
       37635
       37636
       37637
       37638
       37639
       37640
       37641
       37642
       37643
       37644
       37645
       37646
       37647
       37648
       37649
       37650
       37651
       37652
       37653
       38121
       38122
       38123
       38124
       38125
       38126
       38127
       38128
       38129
       38130
       38131
       38132
       38133
       38134
       38135
       38136
       38137
       38138
       38139
       38140
       38141
       38142
       38610
       38611
       38612
       38613
       38614
       38615
       38616
       38617
       38618
       38619
       38620
       38621
       38622
       38623
       38624
       38625
       38626
       38627
       38628
       38629
       38630
       38631
       39099
       39100
       39101
       39102
       39103
       39104
       39105
       39106
       39107
       39108
       39109
       39110
       39111
       39112
       39113
       39114
       39115
       39116
       39117
       39118
       39119
       39120
       39587
       39588
       39589
       39590
       39591
       39592
       39593
       39594
       39595
       39596
       39597
       39598
       39599
       39600
       39601
       39602
       39603
       39604
       39605
       39606
       39607
       39608
       39609
       40076
       40077
       40078
       40079
       40080
       40081
       40082
       40083
       40084
       40085
       40086
       40087
       40088
       40089
       40090
       40091
       40092
       40093
       40094
       40095
       40096
       40097
       40098
       40565
       40566
       40567
       40568
       40569
       40570
       40571
       40572
       40573
       40574
       40575
       40576
       40577
       40578
       40579
       40580
       40581
       40582
       40583
       40584
       40585
       40586
       40587
       41053
       41054
       41055
       41056
       41057
       41058
       41059
       41060
       41061
       41062
       41063
       41064
       41065
       41066
       41067
       41068
       41069
       41070
       41071
       41072
       41073
       41074
       41075
       41076
       41542
       41543
       41544
       41545
       41546
       41547
       41548
       41549
       41550
       41551
       41552
       41553
       41554
       41555
       41556
       41557
       41558
       41559
       41560
       41561
       41562
       41563
       41564
       41565
       42031
       42032
       42033
       42034
       42035
       42036
       42037
       42038
       42039
       42040
       42041
       42042
       42043
       42044
       42045
       42046
       42047
       42048
       42049
       42050
       42051
       42052
       42053
       42054
       42520
       42521
       42522
       42523
       42524
       42525
       42526
       42527
       42528
       42529
       42530
       42531
       42532
       42533
       42534
       42535
       42536
       42537
       42538
       42539
       42540
       42541
       42542
       42543
       43009
       43010
       43011
       43012
       43013
       43014
       43015
       43016
       43017
       43018
       43019
       43020
       43021
       43022
       43023
       43024
       43025
       43026
       43027
       43028
       43029
       43030
       43031
       43032
       43497
       43498
       43499
       43500
       43501
       43502
       43503
       43504
       43505
       43506
       43507
       43508
       43509
       43510
       43511
       43512
       43513
       43514
       43515
       43516
       43517
       43518
       43519
       43520
       43521
       43986
       43987
       43988
       43989
       43990
       43991
       43992
       43993
       43994
       43995
       43996
       43997
       43998
       43999
       44000
       44001
       44002
       44003
       44004
       44005
       44006
       44007
       44008
       44009
       44010
       44475
       44476
       44477
       44478
       44479
       44480
       44481
       44482
       44483
       44484
       44485
       44486
       44487
       44488
       44489
       44490
       44491
       44492
       44493
       44494
       44495
       44496
       44497
       44498
       44499
       44964
       44965
       44966
       44967
       44968
       44969
       44970
       44971
       44972
       44973
       44974
       44975
       44976
       44977
       44978
       44979
       44980
       44981
       44982
       44983
       44984
       44985
       44986
       44987
       44988
       45453
       45454
       45455
       45456
       45457
       45458
       45459
       45460
       45461
       45462
       45463
       45464
       45465
       45466
       45467
       45468
       45469
       45470
       45471
       45472
       45473
       45474
       45475
       45476
       45477
       45942
       45943
       45944
       45945
       45946
       45947
       45948
       45949
       45950
       45951
       45952
       45953
       45954
       45955
       45956
       45957
       45958
       45959
       45960
       45961
       45962
       45963
       45964
       45965
       45966
       46434
       46435
       46436
       46437
       46438
       46439
       46440
       46441
       46442
       46443
       46444
       46445
       46446
       46447
       46448
       46449
       46450
       46451
       46452
       46453
       46454
       46455
       46923
       46924
       46925
       46926
       46927
       46928
       46929
       46930
       46931
       46932
       46933
       46934
       46935
       46936
       46937
       46938
       46939
       46940
       46941
       46942
       46943
       46944
       47412
       47413
       47414
       47415
       47416
       47417
       47901
       47902
       47903
       47904
       47905
       47906
       48390
       48391
       48392
       48393
       48394
       48395
       48879
       48880
       48881
       48882
       48883
       48884
       48885
       49368
       49369
       49370
       49371
       49372
       49373
       49374
       49857
       49858
       49859
       49860
       49861
       49862
       49863
       50346
       50347
       50348
       50349
       50350
       50351
       50352
       50835
       50836
       50837
       50838
       50839
       50840
       50841
       51324
       51325
       51326
       51327
       51328
       51329
       51330
       51331
       51813
       51814
       51815
       51816
       51817
       51818
       51819
       51820
       52302
       52303
       52304
       52305
       52306
       52307
       52308
       52309
       52791
       52792
       52793
       52794
       52795
       52796
       52797
       52798
       53280
       53281
       53282
       53283
       53284
       53285
       53286
       53287
       53288
       53769
       53770
       53771
       53772
       53773
       53774
       53775
       53776
       53777
       54258
       54259
       54260
       54261
       54262
       54263
       54264
       54265
       54266
       54747
       54748
       54749
       54750
       54751
       54752
       54753
       54754
       54755
       54756
       55236
       55237
       55238
       55239
       55240
       55241
       55242
       55243
       55244
       55245
       55725
       55726
       55727
       55728
       55729
       55730
       55731
       55732
       55733
       55734
       56214
       56215
       56216
       56217
       56218
       56219
       56220
       56221
       56703
       56704
       56705
       56706
       56707
       56708
       56709
       56710
       56711
       56712
       56713
       57192
       57193
       57194
       57195
       57196
       57197
       57198
       57199
       57200
       57201
       57202
       57681
       57682
       57683
       57684
       57685
       57686
       57687
       57688
       57689
       57690
       58169
       58170
       58171
       58172
       58173
       58174
       58175
       58176
       58177
       58178
       58179
       58180
       58181
       58658
       58659
       58660
       58661
       58662
       58663
       58664
       58665
       58666
       58667
       59148
       59149
       59150
       59151
       59152
       59153
       59154
       59155
       59636
       59637
       59639
       59640
       59643
       59644
       60126
       60127
       60128
       47418
       47419
       47420
       47421
       47422
       47423
       47424
       47425
       47426
       47427
       47428
       47429
       47430
       47431
       47432
       47433
       47907
       47908
       47909
       47910
       47911
       47912
       47913
       47914
       47915
       47916
       47917
       47918
       47919
       47920
       47921
       47922
       48396
       48397
       48398
       48399
       48400
       48401
       48402
       48403
       48404
       48405
       48406
       48407
       48408
       48409
       48410
       48411
       48886
       48887
       48888
       48889
       48890
       48891
       48892
       48893
       48894
       48895
       48896
       48897
       48898
       48899
       48900
       49375
       49376
       49377
       49378
       49379
       49380
       49381
       49382
       49383
       49384
       49385
       49386
       49387
       49388
       49389
       49864
       49865
       49866
       49867
       49868
       49869
       49870
       49871
       49872
       49873
       49874
       49875
       49876
       49877
       49878
       50353
       50354
       50355
       50356
       50357
       50358
       50359
       50360
       50361
       50362
       50363
       50364
       50365
       50366
       50367
       50842
       50843
       50844
       50845
       50846
       50847
       50848
       50849
       50850
       50851
       50852
       50853
       50854
       50855
       50856
       51332
       51333
       51334
       51335
       51336
       51337
       51338
       51339
       51340
       51341
       51342
       51343
       51344
       51345
       51821
       51822
       51823
       51824
       51825
       51826
       51827
       51830
       51831
       51833
       51834
       52310
       52311
       52312
       52313
       52314
       52315
       52316
       52317
       52318
       52319
       52320
       52321
       52322
       52799
       52800
       52801
       52802
       52803
       52804
       52805
       52806
       52807
       52808
       52809
       52810
       52811
       53289
       53290
       53291
       53292
       53294
       53295
       53296
       53297
       53298
       53299
       53778
       53779
       53780
       53781
       53782
       53784
       53785
       53786
       53787
       54267
       54268
       54269
       54270
       54271
       54272
       54273
       54274
       54275
       54276
       54757
       54758
       54759
       54760
       54762
       54763
       54765
       55246
       55247
       55248
       55249
       55251
       55252
       55254
       55255
       55735
       55736
       55738
       55739
       55742
       55743
       55744
       55745
       55746
       56222
       56223
       56224
       56225
       56226
       56228
       56229
       56230
       56231
       56232
       56233
       56234
       56235
       56714
       56715
       56716
       56717
       56718
       56719
       56720
       57203
       57204
       57205
       57206
       57208
       57209
       57210
       57211
       57212
       57213
       57691
       57692
       57693
       57695
       57696
       57697
       57701
       57702
       58182
       58668
