          70
      111717
      112208
      113189
      113679
      113680
      114169
      115148
      115637
      115638
      115640
      116131
      116621
      117114
      118093
      118094
      118583
      119073
      120038
      120527
      121016
      121505
      121994
      126397
      126886
      128354
      130801
      113729
      114215
      114218
      115189
      115676
      116163
      116170
      116649
      116651
      116652
      116655
      116656
      117137
      117141
      117142
      117625
      117629
      117630
      117631
      117632
      117633
      117634
      118113
      118117
      118120
      118122
      118599
      118600
      118601
      118602
      118609
      118616
      119074
      119075
      119083
      119084
      119085
      119086
      119096
      119102
      119565
      119570
      119583
      119585
