         230
       73804
       73806
       74292
       74293
       74778
       74783
       75267
       75269
       75270
       75759
       76243
       76244
       76249
       76732
       76733
       76734
       76738
       76739
       77220
       77221
       77222
       77223
       77224
       77228
       77708
       77709
       77710
       77711
       77712
       77713
       77714
       77727
       78196
       78197
       78198
       78199
       78200
       78201
       78202
       78205
       78221
       78223
       78684
       78685
       78686
       78687
       78688
       78689
       78690
       78691
       78694
       78695
       78696
       78706
       79172
       79173
       79174
       79175
       79176
       79177
       79178
       79179
       79180
       79181
       79186
       79187
       79191
       79192
       79194
       79197
       79660
       79661
       79662
       79663
       79664
       79665
       79666
       79668
       79669
       79670
       79671
       79679
       79688
       80149
       80150
       80151
       80152
       80153
       80154
       80156
       80157
       80160
       80161
       80162
       80168
       80169
       80172
       80177
       80636
       80638
       80639
       80640
       80641
       80642
       80647
       80648
       80649
       80651
       80652
       80653
       80659
       80664
       81124
       81126
       81127
       81130
       81132
       81138
       81139
       81140
       81141
       81142
       81143
       81144
       81149
       81151
       81152
       81153
       81614
       81618
       81619
       81622
       81623
       81628
       81629
       81630
       81631
       81632
       81633
       81634
       81635
       81636
       81641
       81642
       81644
       82103
       82106
       82107
       82108
       82112
       82113
       82114
       82122
       82123
       82124
       82127
       82130
       82131
       82133
       82590
       82593
       82596
       82600
       82601
       82604
       82605
       82609
       82610
       82611
       82612
       82613
       82614
       82615
       82616
       82617
       82618
       82619
       82620
       82621
       82622
       82624
       83078
       83099
       83102
       83103
       83104
       83105
       83106
       83107
       83108
       83109
       83110
       83111
       83116
       83120
       83589
       83590
       83591
       83592
       83593
       83594
       83595
       83596
       83597
       83598
       83599
       83600
       83605
       84053
       84082
       84084
       84085
       84086
       84087
       84088
       84089
       84543
       84572
       84574
       84576
       84577
       84578
       84579
       85031
       85032
       85063
       85067
       85068
       85518
       86005
