          58
       10179
       12133
       14591
       16544
       16547
       16548
       16549
       17037
       17520
       18007
       18008
       18495
       18496
       18497
       18498
       18973
       18982
       18985
       18986
       18987
       19470
       19473
       19474
       19475
       19961
       19962
       19963
       19964
       19968
       20439
       20446
       20448
       20451
       20452
       20453
       20454
       20455
       20928
       20937
       20938
       20939
       20940
       20941
       20942
       20943
       21417
       21423
       21427
       21430
       21917
       21918
       22399
       22407
       22896
       23373
       23375
       23384
       23862
