         105
      195936
      195937
      196414
      196415
      196416
      196417
      196418
      196419
      196420
      196421
      196422
      196423
      196424
      196425
      196426
      196427
      196429
      196902
      196903
      196904
      196905
      196906
      196907
      196908
      196909
      196910
      196911
      196912
      196913
      196914
      196915
      196916
      196918
      197391
      197392
      197393
      197394
      197395
      197396
      197397
      197398
      197399
      197400
      197401
      197402
      197403
      197404
      197405
      197407
      197408
      197410
      197881
      197882
      197883
      197884
      197885
      197886
      197887
      197888
      197889
      197890
      197891
      197892
      197893
      197894
      197895
      197896
      197897
      197899
      198374
      198375
      198376
      198377
      198378
      198379
      198380
      198381
      198382
      198383
      198384
      198385
      198386
      198388
      198867
      198868
      198869
      198870
      198871
      198872
      198873
      198874
      198875
      198877
      198878
      199360
      199361
      199362
      199363
      199364
      199366
      199851
      199852
      199853
      199855
      199857
