          41
      191124
      191125
      192590
      193079
      193086
      193568
      193571
      193573
      193574
      193575
      194059
      194061
      194062
      194063
      194064
      194547
      194550
      194551
      195036
      195039
      195525
      195526
      195527
      195528
      196014
      196015
      196017
      196503
      196992
      197480
      197481
      197969
      198458
      198947
      199436
      199925
      200414
      200903
      201392
      201881
      202370
