         139
       30678
       31153
       31166
       31167
       31656
       32142
       32143
       32144
       32146
       32150
       32626
       32631
       32632
       32633
       32634
       32635
       32639
       33114
       33115
       33120
       33121
       33122
       33123
       33124
       33125
       33603
       33609
       33610
       33611
       33612
       33613
       33614
       33615
       34099
       34100
       34101
       34102
       34103
       34104
       34588
       34589
       34590
       34591
       34592
       34593
       34594
       35077
       35078
       35079
       35080
       35081
       35082
       35083
       35565
       35566
       35567
       35568
       35569
       35570
       35571
       35572
       36042
       36060
       36061
       36064
       36530
       36532
       36550
       36551
       36552
       37039
       37512
       37520
       37521
       37522
       37523
       37524
       37997
       38002
       38005
       38008
       38009
       38010
       38011
       38012
       38013
       38492
       38495
       38496
       38497
       38498
       38499
       38500
       38501
       38502
       38984
       38985
       38986
       38987
       38988
       38989
       38990
       38991
       38993
       39471
       39473
       39474
       39475
       39476
       39477
       39478
       39479
       39480
       39483
       39963
       39966
       39967
       39968
       39969
       39971
       40453
       40456
       40941
       40944
       40945
       40946
       40947
       41432
       41434
       41435
       41436
       41437
       41923
       42399
       42412
       42901
       43377
       43379
       45342
