         169
       20539
       20540
       21028
       21029
       21030
       21031
       21032
       21517
       21518
       21519
       21520
       21521
       21522
       21523
       21524
       22006
       22007
       22008
       22009
       22010
       22011
       22012
       22013
       22014
       22015
       22495
       22496
       22497
       22498
       22499
       22500
       22501
       22502
       22503
       22504
       22505
       22506
       22984
       22985
       22986
       22987
       22988
       22989
       22990
       22991
       22992
       22993
       22994
       22995
       22996
       23473
       23474
       23475
       23476
       23477
       23478
       23479
       23480
       23481
       23482
       23483
       23484
       23485
       23486
       23487
       23962
       23963
       23964
       23965
       23966
       23967
       23968
       23969
       23970
       23971
       23972
       23974
       23975
       24451
       24452
       24453
       24454
       24455
       24456
       24457
       24458
       24459
       24460
       24461
       24462
       24940
       24941
       24942
       24943
       24944
       24945
       24946
       24947
       24948
       24950
       24951
       25429
       25430
       25431
       25432
       25433
       25434
       25435
       25436
       25438
       25439
       25440
       25918
       25919
       25920
       25921
       25922
       25923
       25924
       25925
       25926
       25927
       26407
       26408
       26409
       26410
       26411
       26412
       26413
       26414
       26415
       26896
       26897
       26898
       26899
       26900
       26901
       26902
       26903
       26905
       27385
       27386
       27387
       27388
       27389
       27390
       27391
       27392
       27393
       27394
       27874
       27875
       27876
       27877
       27878
       27879
       27880
       27881
       27882
       27883
       28363
       28364
       28365
       28366
       28367
       28368
       28369
       28370
       28371
