          39
      157156
      157178
      157666
      158641
      159113
      159129
      159603
      160090
      160091
      160104
      160578
      161067
      162057
      163504
      163509
      163521
      163523
      164009
      164490
      164500
      164975
      164984
      164985
      165464
      165474
      165475
      165477
      165953
      166435
      166458
      167443
      168393
      168885
      169373
      169865
      170840
      171341
      171817
      171825
