          45
      119149
      120105
      120107
      120614
      121085
      121102
      123061
      123543
      123549
      124037
      124528
      125013
      125501
      125966
      125983
      126471
      126959
      127458
      128404
      128891
      128893
      129404
      129870
      130355
      130876
      131335
      131820
      133300
      133318
      135741
      136212
      136717
      136737
      138205
      139180
      140153
      140620
      140640
      147954
      148446
      148937
      148940
      149429
      149923
      149924
