         128
      148606
      148607
      149093
      149094
      149095
      149096
      149097
      149580
      149581
      149582
      149583
      149584
      149585
      149586
      150067
      150068
      150069
      150070
      150071
      150072
      150073
      150074
      150075
      150554
      150555
      150556
      150557
      150558
      150559
      150560
      150561
      150562
      150563
      150564
      151042
      151043
      151045
      151046
      151047
      151048
      151049
      151050
      151051
      151052
      151053
      151530
      151531
      151532
      151533
      151534
      151535
      151536
      151537
      151538
      151539
      151540
      151541
      151542
      152017
      152018
      152019
      152020
      152021
      152022
      152023
      152024
      152025
      152026
      152027
      152028
      152029
      152030
      152031
      152508
      152509
      152510
      152511
      152512
      152513
      152514
      152515
      152516
      152517
      152518
      152519
      152520
      152997
      152998
      152999
      153000
      153001
      153002
      153003
      153004
      153005
      153006
      153007
      153486
      153487
      153489
      153490
      153491
      153492
      153493
      153494
      153495
      153976
      153977
      153978
      153979
      153980
      153981
      153982
      154466
      154467
      154468
      154469
      154470
      154955
      154957
      155444
      155932
      155933
      156421
      156422
      156910
      157398
      157888
