         194
        5597
        5598
        5599
        6086
        6087
        6089
        6090
        6575
        6576
        6577
        6578
        6579
        6580
        6581
        6582
        6583
        7063
        7064
        7065
        7067
        7068
        7069
        7071
        7072
        7074
        7554
        7555
        7556
        7557
        7558
        7559
        7560
        7563
        7564
        8046
        8047
        8049
        8050
        8051
        8052
        8053
        8054
        8055
        8056
        8057
        8535
        8536
        8537
        8538
        8539
        8540
        8541
        8542
        8543
        8544
        8545
        8547
        8548
        9025
        9026
        9027
        9028
        9029
        9030
        9035
        9036
        9037
        9038
        9039
        9516
        9517
        9518
        9519
        9520
        9529
        9530
        9531
        9532
       10009
       10010
       10011
       10012
       10014
       10015
       10021
       10022
       10023
       10501
       10502
       10503
       10504
       10505
       10506
       10513
       10514
       10515
       10971
       10995
       10996
       10997
       11463
       11464
       11487
       11488
       11489
       11490
       11980
       12470
       12471
       10516
       10517
       11007
       11008
       11009
       11010
       11011
       11500
       11501
       11502
       11503
       11504
       11981
       11995
       11996
       11997
       11998
       12472
       12487
       12488
       12489
       12490
       12962
       12963
       12964
       12979
       12980
       12981
       13454
       13471
       13472
       13945
       13946
       13963
       14435
       14436
       14437
       14927
       14928
       15418
       15908
       15909
       16399
       16890
       16891
       17380
       17381
        5108
        6088
        6573
        7066
        7070
        7073
        7075
        7561
        7562
        7565
        8045
        8048
        8534
        8546
        9031
        9032
        9033
        9034
        9040
        9515
        9521
        9522
        9525
        9526
        9527
        9528
       10008
       10020
       10024
       10500
       10507
       10512
       10991
       10998
       10999
       11465
       11491
       11979
