         596
      213432
      215382
      215383
      215870
      215871
      216359
      216360
      216847
      216848
      216849
      217332
      217336
      217339
      217340
      217343
      217344
      217824
      217825
      217830
      217831
      217832
      217843
      218313
      218314
      218315
      218316
      218317
      218318
      218320
      218321
      218331
      218802
      218803
      218804
      218805
      218806
      218807
      218809
      219284
      219285
      219289
      219290
      219291
      219292
      219293
      219294
      219297
      219298
      219307
      219778
      219779
      219780
      219781
      219782
      219783
      219784
      219785
      220267
      220268
      220269
      220270
      220271
      220272
      220273
      220274
      220275
      220276
      220746
      220747
      220754
      220755
      220756
      220757
      220758
      220759
      220760
      220761
      220762
      220763
      220764
      220765
      220766
      221233
      221234
      221235
      221236
      221239
      221240
      221241
      221242
      221243
      221244
      221245
      221246
      221247
      221248
      221249
      221250
      221251
      221252
      221253
      221256
      221723
      221724
      221726
      221727
      221728
      221729
      221730
      221731
      221732
      221733
      221734
      221735
      221736
      221737
      221738
      221739
      221740
      221741
      221742
      222209
      222211
      222212
      222215
      222216
      222217
      222218
      222219
      222220
      222221
      222222
      222223
      222224
      222225
      222226
      222227
      222228
      222229
      222230
      222232
      222233
      222699
      222700
      222703
      222704
      222705
      222706
      222707
      222708
      222709
      222710
      222711
      222712
      222713
      222714
      222715
      222716
      222717
      222718
      222719
      222721
      222722
      223187
      223188
      223191
      223192
      223193
      223194
      223195
      223196
      223197
      223198
      223199
      223200
      223201
      223202
      223203
      223204
      223205
      223206
      223207
      223208
      223209
      223674
      223675
      223676
      223677
      223678
      223679
      223680
      223681
      223682
      223683
      223684
      223685
      223686
      223687
      223688
      223689
      223690
      223691
      223692
      223693
      223694
      223695
      223696
      223697
      223698
      223699
      224163
      224164
      224165
      224166
      224167
      224168
      224169
      224170
      224171
      224172
      224173
      224174
      224175
      224176
      224177
      224178
      224179
      224180
      224181
      224182
      224183
      224184
      224185
      224186
      224187
      224188
      224652
      224653
      224654
      224655
      224656
      224657
      224658
      224659
      224660
      224661
      224662
      224663
      224664
      224665
      224666
      224667
      224668
      224669
      224670
      224671
      224672
      224673
      224674
      224675
      224676
      224677
      225138
      225141
      225142
      225143
      225144
      225145
      225146
      225147
      225148
      225149
      225150
      225151
      225152
      225153
      225154
      225155
      225156
      225157
      225158
      225159
      225160
      225161
      225162
      225163
      225164
      225165
      225166
      225627
      225628
      225629
      225630
      225631
      225632
      225633
      225634
      225635
      225636
      225637
      225638
      225639
      225640
      225641
      225642
      225643
      225644
      225645
      225646
      225647
      225648
      225649
      225650
      225651
      225652
      225653
      225654
      225655
      226120
      226121
      226122
      226123
      226124
      226125
      226126
      226127
      226128
      226129
      226130
      226131
      226132
      226133
      226134
      226135
      226136
      226137
      226138
      226139
      226140
      226141
      226142
      226143
      226144
      226606
      226610
      226611
      226612
      226613
      226614
      226615
      226616
      226617
      226618
      226619
      226620
      226621
      226622
      226623
      226624
      226625
      226626
      226627
      226628
      226629
      226630
      226631
      226632
      226633
      227095
      227100
      227101
      227102
      227103
      227104
      227105
      227106
      227107
      227108
      227109
      227110
      227111
      227112
      227113
      227114
      227115
      227116
      227117
      227118
      227119
      227120
      227121
      227122
      227586
      227587
      227588
      227589
      227590
      227591
      227592
      227594
      227595
      227596
      227597
      227598
      227599
      227600
      227601
      227602
      227603
      227604
      227605
      227606
      227607
      227608
      227609
      227610
      227612
      228075
      228076
      228077
      228078
      228079
      228080
      228081
      228082
      228083
      228084
      228085
      228086
      228087
      228088
      228089
      228090
      228091
      228092
      228093
      228094
      228095
      228096
      228097
      228098
      228099
      228100
      228568
      228569
      228570
      228571
      228572
      228573
      228574
      228575
      228576
      228577
      228578
      228579
      228580
      228581
      228582
      228583
      228584
      228585
      228586
      228587
      228588
      228589
      228592
      228593
      228594
      229058
      229059
      229060
      229061
      229062
      229063
      229064
      229065
      229066
      229067
      229068
      229069
      229070
      229071
      229072
      229073
      229074
      229075
      229076
      229077
      229081
      229082
      229083
      229549
      229550
      229551
      229552
      229553
      229554
      229555
      229556
      229557
      229558
      229559
      229560
      229561
      229562
      229563
      229564
      229565
      229570
      229571
      230039
      230040
      230041
      230042
      230043
      230044
      230045
      230046
      230047
      230048
      230049
      230050
      230051
      230052
      230053
      230054
      230055
      230059
      230528
      230529
      230530
      230531
      230532
      230533
      230534
      230535
      230536
      230537
      230538
      230539
      230540
      230541
      230542
      230543
      230544
      231017
      231018
      231019
      231020
      231021
      231022
      231023
      231024
      231025
      231026
      231027
      231028
      231029
      231030
      231031
      231032
      231036
      231509
      231510
      231511
      231512
      231513
      231514
      231515
      231516
      231517
      231518
      231519
      231524
      231999
      232000
      232001
      232002
      232003
      232004
      232005
      232006
      232007
      232008
      232488
      232489
      232490
      232491
      232492
      232493
      232494
      232495
      232496
      232497
      232500
      232501
