          57
      150339
      150825
      150831
      151314
      151802
      151805
      152288
      152289
      152300
      152781
      152782
      152787
      153263
      153264
      153265
      153280
      153747
      153762
      153765
      154231
      154249
      154250
      154251
      154734
      154735
      154736
      154737
      154738
      154739
      155213
      155225
      155709
      155710
      155712
      156197
      156198
      156199
      156200
      156204
      156205
      156678
      156685
      156686
      156687
      156693
      157166
      157170
      157173
      157174
      157654
      157660
      157661
      157668
      158643
      160106
      160594
      161082
