          65
       56284
       56289
       58744
       59723
       63149
       64124
       64609
       64628
       64629
       64630
       65113
       65584
       65600
       65605
       66087
       66092
       66573
       66580
       67046
       67061
       67066
       67067
       67534
       67548
       67555
       68041
       68509
       68529
       68545
       68550
       69010
       69017
       69027
       69036
       69497
       69504
       69985
       69992
       69996
       70014
       70472
       70479
       70483
       70489
       70960
       70968
       70970
       70973
       71455
       71464
       71942
       71947
       71958
       72423
       72429
       72436
       72453
       72454
       72933
       72951
       73426
       73919
       74381
       74411
       74903
