          43
      156909
      159872
      160327
      160361
      160850
      161793
      161805
      163280
      163282
      163285
      163769
      163770
      163784
      164261
      164272
      164749
      165240
      165242
      165249
      165729
      165730
      165731
      165738
      166220
      166227
      166228
      167197
      167674
      167675
      167679
      168173
      168175
      168176
      168182
      168183
      168665
      168671
      168672
      169161
      169650
      170139
      173072
      173561
