         179
      197706
      198195
      198196
      198684
      198685
      198686
      198687
      198688
      198689
      198690
      198693
      198694
      198695
      199171
      199172
      199173
      199175
      199179
      199180
      199181
      199182
      199659
      199660
      199661
      199662
      199664
      199665
      199666
      199667
      199668
      199669
      199670
      199671
      199672
      200148
      200149
      200150
      200151
      200152
      200153
      200154
      200155
      200156
      200157
      200160
      200161
      200162
      200163
      200637
      200638
      200639
      200640
      200641
      200642
      200643
      200645
      200646
      200647
      200648
      200649
      200650
      200652
      200653
      201126
      201127
      201128
      201129
      201130
      201131
      201132
      201134
      201135
      201139
      201140
      201141
      201142
      201143
      201144
      201614
      201615
      201616
      201617
      201618
      201619
      201620
      201621
      201623
      201624
      201625
      201626
      201627
      201628
      201631
      201632
      202103
      202104
      202105
      202106
      202107
      202108
      202109
      202110
      202113
      202114
      202115
      202116
      202118
      202119
      202592
      202593
      202594
      202595
      202596
      202597
      202598
      202599
      202600
      202601
      202602
      202604
      202605
      202606
      203081
      203082
      203083
      203084
      203085
      203086
      203087
      203089
      203090
      203091
      203092
      203093
      203094
      203571
      203572
      203573
      203574
      203575
      203576
      203577
      203578
      203580
      203581
      204061
      204062
      204063
      204064
      204066
      204067
      204069
      204552
      204553
      204554
      204557
      205039
      205040
      205041
      205042
      205044
      205045
      205527
      205528
      205531
      205532
      206015
      206018
      206019
      206504
      206505
      206506
      206991
      206992
      206993
      207479
      207480
      207481
      208456
