          47
       56184
       57157
       57171
       57642
       57643
       57646
       57651
       58130
       58131
       58132
       58135
       58620
       58621
       58622
       58623
       59105
       59110
       59111
       59112
       59594
       59595
       59596
       59597
       59598
       60083
       60084
       60085
       60086
       60087
       60571
       60572
       60573
       60574
       60575
       61063
       61064
       61552
       62041
       63018
       63508
       63999
       64000
       64489
       64978
       65466
       65955
       66445
