          44
       33057
       34043
       34528
       34530
       39428
       39902
       39918
       40877
       40896
       40897
       41391
       41877
       41878
       42359
       42373
       42855
       46740
       46741
       46749
       46768
       46769
       46772
       47225
       47234
       47236
       47237
       47238
       48213
       48214
       48219
       47252
       47260
       47740
       48731
       48733
       53114
       53606
       55563
       55564
       55567
       56541
       57039
       57041
       59491
