          44
      195255
      196727
      197217
      198197
      198683
      199174
      199176
      199177
      199178
      199183
      199186
      199663
      199673
      199674
      199675
      200158
      200159
      200164
      200634
      200644
      200654
      201119
      201120
      201133
      201136
      201138
      201622
      201629
      201630
      201633
      202111
      202112
      202603
      203080
      203088
      203579
      203582
      204060
      204065
      204068
      204550
      204556
      205043
      207969
