          42
      162460
      162938
      164881
      164882
      165369
      165372
      165375
      165857
      165858
      165862
      166826
      166832
      166835
      166857
      167316
      167317
      167320
      167808
      168294
      168295
      168296
      168784
      168785
      168786
      169274
      169762
      170251
      171228
      171717
      172206
      172697
      172698
      173188
      173189
      173190
      173677
      173680
      174163
      174165
      174167
      174655
      174658
