          85
       13478
       13482
       13499
       13960
       13971
       13972
       13983
       13984
       13986
       14459
       14460
       14464
       14466
       14474
       14955
       14956
       14963
       15452
       15922
       15937
       15938
       15941
       15944
       16413
       16429
       16432
       16902
       16903
       16918
       16922
       17386
       17392
       17394
       17408
       17409
       17410
       17411
       17878
       17879
       17885
       17896
       18359
       18369
       18370
       18371
       18374
       18375
       18385
       18386
       18850
       18862
       18865
       18873
       18876
       18878
       19340
       19352
       19353
       19354
       19355
       19357
       19367
       19841
       19845
       19846
       19847
       20320
       20339
       20349
       20809
       20823
       20824
       20827
       20829
       20836
       20838
       21298
       21787
       21823
       22292
       22293
       22314
       24266
       24272
       24762
