         306
      104158
      104160
      104161
      104162
      104647
      104649
      104650
      104651
      104654
      105136
      105137
      105138
      105140
      105143
      105144
      105145
      105625
      105626
      105627
      105629
      105632
      105633
      105634
      105635
      105636
      106115
      106116
      106117
      106118
      106120
      106121
      106122
      106123
      106124
      106125
      106126
      106127
      106603
      106604
      106605
      106606
      106607
      106609
      106610
      106611
      106612
      106613
      106614
      106615
      106616
      106617
      106618
      107092
      107093
      107094
      107095
      107096
      107098
      107099
      107100
      107101
      107102
      107103
      107104
      107105
      107106
      107107
      107108
      107581
      107582
      107583
      107584
      107585
      107587
      107588
      107589
      107590
      107591
      107592
      107593
      107594
      107595
      107596
      107597
      107598
      107599
      108071
      108072
      108073
      108074
      108076
      108077
      108078
      108079
      108080
      108081
      108082
      108083
      108084
      108085
      108086
      108087
      108088
      108089
      108564
      108565
      108566
      108567
      108568
      108569
      108570
      108571
      108572
      108573
      108574
      108575
      108576
      108577
      108578
      108579
      109056
      109057
      109058
      109059
      109060
      109061
      109062
      109063
      109064
      109065
      109066
      109067
      109068
      109069
      109543
      109547
      109548
      109549
      109550
      109551
      109552
      109553
      109554
      109555
      109556
      109557
      109558
      109559
      109560
      110038
      110039
      110040
      110041
      110042
      110043
      110044
      110045
      110046
      110047
      110048
      110049
      110050
      110529
      110530
      110531
      110532
      110533
      110534
      110535
      110536
      110537
      110538
      110539
      110540
      111019
      111020
      111021
      111022
      111023
      111024
      111025
      111026
      111027
      111028
      111029
      111030
      111510
      111511
      111512
      111513
      111514
      111515
      111516
      111517
      111518
      111519
      111520
      112000
      112001
      112002
      112003
      112004
      112005
      112006
      112007
      112008
      112009
      112010
      112490
      112491
      112492
      112493
      112494
      112495
      112496
      112497
      112498
      112499
      112500
      112980
      112981
      112982
      112983
      112984
      112985
      112986
      112987
      112988
      112989
      112990
      113470
      113471
      113472
      113473
      113474
      113475
      113476
      113477
      113478
      113479
      113480
      113960
      113961
      113962
      113963
      113964
      113965
      113966
      113967
      113968
      113970
      114450
      114451
      114452
      114453
      114454
      114455
      114456
      114457
      114458
      114459
      114940
      114941
      114942
      114943
      114944
      114945
      114946
      115430
      115431
      115432
      115433
      115920
      115921
      115922
      115927
      115928
      115929
      116409
      116410
      116411
      116412
      116413
      116416
      116418
      116419
      116420
      116899
      116900
      116901
      116902
      116903
      116904
      116905
      116907
      116908
      117388
      117389
      117390
      117391
      117393
      117394
      117878
      117879
      117880
      117881
