         248
      197272
      197273
      197759
      197760
      197763
      198248
      198251
      198252
      198254
      198737
      198738
      198739
      198740
      198741
      198742
      198743
      198744
      199224
      199225
      199226
      199227
      199228
      199231
      199232
      199233
      199234
      199712
      199713
      199714
      199715
      199717
      199718
      199719
      199721
      199722
      199723
      199724
      200201
      200202
      200203
      200204
      200205
      200206
      200207
      200208
      200209
      200210
      200211
      200212
      200213
      200214
      200690
      200691
      200692
      200693
      200694
      200695
      200696
      200697
      200698
      200699
      200700
      200701
      200702
      200703
      200704
      201179
      201180
      201181
      201182
      201183
      201184
      201185
      201186
      201187
      201188
      201189
      201190
      201191
      201192
      201193
      201194
      201668
      201669
      201670
      201671
      201672
      201673
      201674
      201675
      201676
      201677
      201678
      201679
      201680
      201681
      201682
      201683
      201684
      202157
      202158
      202159
      202160
      202161
      202162
      202163
      202164
      202165
      202166
      202167
      202168
      202169
      202170
      202171
      202172
      202173
      202646
      202647
      202648
      202649
      202650
      202651
      202652
      202653
      202654
      202655
      202656
      202657
      202658
      202659
      202660
      202661
      202662
      202663
      202664
      203135
      203136
      203137
      203138
      203139
      203140
      203141
      203142
      203143
      203144
      203145
      203146
      203147
      203148
      203149
      203150
      203151
      203625
      203626
      203627
      203628
      203629
      203630
      203631
      203632
      203633
      203634
      203635
      203636
      203637
      203638
      203639
      203640
      203641
      204114
      204115
      204116
      204117
      204118
      204119
      204120
      204121
      204122
      204123
      204124
      204125
      204126
      204127
      204128
      204129
      204130
      204603
      204604
      204605
      204606
      204607
      204608
      204609
      204610
      204611
      204612
      204613
      204614
      204615
      204616
      204617
      204618
      205095
      205096
      205097
      205098
      205099
      205100
      205101
      205102
      205103
      205104
      205105
      205106
      205107
      205108
      205589
      205590
      205591
      205592
      205593
      205594
      205595
      205596
      205597
      206084
      206085
      206086
      206087
      206088
      206575
      206576
      206578
      207065
      207066
      207554
      207560
      207561
      208050
      208051
      208052
      208053
      208542
      209031
      209032
      209033
      209518
      209522
