          53
      213137
      213138
      213139
      213635
      214125
      215574
      215577
      215604
      216082
      216084
      216085
      216087
      216088
      216574
      216575
      216577
      217061
      217063
      217066
      217552
      217555
      218040
      218041
      218045
      218535
      219024
      219513
      220002
      220003
      220497
      220498
      222458
      224424
      225892
      226375
      226376
      226378
      226381
      226865
      226866
      227351
      227352
      227354
      227355
      227841
      227843
      228331
      228824
      229313
      229802
      231268
      231755
      232243
