         132
      121981
      121982
      122469
      122470
      122471
      122472
      122956
      122957
      122962
      122963
      122964
      123454
      123467
      123932
      123933
      123943
      123944
      124419
      124426
      124432
      124433
      124434
      124921
      124922
      124923
      125410
      125411
      125412
      125900
      126387
      126389
      126395
      126876
      126877
      126878
      126880
      127366
      127367
      127368
      127369
      127851
      127852
      127853
      127856
      127857
      127858
      127859
      127860
      127866
      128339
      128340
      128341
      128342
      128345
      128347
      128827
      128828
      128829
      128830
      128831
      128832
      128834
      128836
      128839
      129315
      129316
      129317
      129318
      129319
      129320
      129321
      129325
      129328
      129799
      129800
      129801
      129805
      129806
      129807
      129808
      129809
      130288
      130289
      130290
      130292
      130293
      130294
      130295
      130296
      130297
      130298
      130777
      130778
      130779
      130780
      130781
      130782
      130783
      130784
      130785
      131265
      131266
      131267
      131268
      131269
      131270
      131271
      131272
      131273
      131289
      131753
      131754
      131755
      131756
      131757
      131759
      131760
      131761
      131762
      132244
      132245
      132246
      132248
      132249
      132250
      132735
      132736
      132737
      132738
      133225
      133226
      133714
