         416
       68622
       68623
       68624
       68625
       68626
       68627
       68628
       68629
       69111
       69112
       69113
       69114
       69115
       69116
       69117
       69118
       69119
       69120
       69121
       69122
       69123
       69124
       69600
       69601
       69602
       69603
       69604
       69605
       69606
       69607
       69608
       69609
       69610
       69611
       69612
       69613
       69614
       69615
       69616
       69617
       70088
       70089
       70090
       70091
       70092
       70093
       70094
       70095
       70096
       70097
       70098
       70099
       70100
       70101
       70102
       70103
       70104
       70105
       70106
       70107
       70108
       70109
       70110
       70577
       70578
       70579
       70580
       70581
       70582
       70583
       70584
       70585
       70586
       70587
       70588
       70589
       70590
       70591
       70592
       70593
       70594
       70595
       70596
       70597
       70598
       70599
       70600
       70601
       71066
       71067
       71068
       71069
       71070
       71071
       71072
       71073
       71074
       71075
       71076
       71077
       71078
       71079
       71080
       71081
       71082
       71083
       71084
       71085
       71086
       71087
       71088
       71089
       71555
       71556
       71557
       71558
       71559
       71560
       71561
       71562
       71563
       71564
       71565
       71566
       71567
       71568
       71569
       71570
       71571
       71572
       71573
       71574
       71575
       71576
       71577
       71578
       72043
       72044
       72045
       72046
       72047
       72048
       72049
       72050
       72051
       72052
       72053
       72054
       72055
       72056
       72057
       72058
       72059
       72060
       72061
       72062
       72063
       72064
       72065
       72066
       72067
       72532
       72533
       72534
       72535
       72536
       72537
       72538
       72539
       72540
       72541
       72542
       72543
       72544
       72545
       72546
       72547
       72548
       72549
       72550
       72551
       72552
       72553
       72554
       72555
       72556
       73021
       73022
       73023
       73024
       73025
       73026
       73027
       73028
       73029
       73030
       73031
       73032
       73033
       73034
       73035
       73036
       73037
       73038
       73039
       73040
       73041
       73042
       73043
       73044
       73509
       73510
       73511
       73512
       73513
       73514
       73515
       73516
       73517
       73518
       73519
       73520
       73521
       73522
       73523
       73524
       73525
       73526
       73527
       73528
       73529
       73530
       73531
       73532
       73533
       73998
       73999
       74000
       74001
       74002
       74003
       74004
       74005
       74006
       74007
       74008
       74009
       74010
       74011
       74012
       74013
       74014
       74015
       74016
       74017
       74018
       74019
       74020
       74021
       74487
       74488
       74489
       74490
       74491
       74492
       74493
       74494
       74495
       74496
       74497
       74498
       74499
       74500
       74501
       74502
       74503
       74504
       74505
       74506
       74507
       74508
       74509
       74510
       74975
       74976
       74977
       74978
       74979
       74980
       74981
       74982
       74983
       74984
       74985
       74986
       74987
       74988
       74989
       74990
       74991
       74992
       74993
       74994
       74995
       74996
       74997
       74998
       74999
       75464
       75465
       75466
       75467
       75468
       75469
       75470
       75471
       75472
       75473
       75474
       75475
       75476
       75477
       75478
       75479
       75480
       75481
       75482
       75483
       75484
       75485
       75486
       75487
       75488
       75955
       75956
       75957
       75958
       75959
       75960
       75961
       75962
       75963
       75964
       75965
       75966
       75967
       75968
       75969
       75970
       75971
       75972
       75973
       75974
       75975
       75976
       76447
       76448
       76449
       76450
       76451
       76452
       76453
       76454
       76455
       76456
       76457
       76458
       76459
       76460
       76461
       76462
       76463
       76464
       76465
       76939
       76940
       76941
       76942
       76943
       76944
       76945
       76946
       76947
       76948
       76949
       76950
       76951
       76952
       76953
       76954
       77431
       77432
       77433
       77434
       77435
       77436
       77437
       77438
       77439
       77440
       77441
       77442
       77923
       77924
       77925
       77926
       77927
       77928
       77929
       77930
       77931
       78416
       78417
       78418
       78419
       78420
