          65
        4505
        4509
        4510
        4515
        4516
        4517
        4521
        4999
        5000
        5011
        5484
        5485
        5486
        5487
        5488
        5489
        5490
        5491
        5501
        5972
        5977
        6466
        6953
        7439
       10372
         149
         626
        1122
        1610
        2092
        2094
        2095
        2096
        2099
        2580
        3555
        4043
        4531
        5019
        5990
        5992
        5994
        6479
        6480
        6481
        5003
        5007
        5008
        5495
        5496
        5497
        5498
        5499
        5979
        5985
        5986
        5987
        6468
        6474
        6475
        6478
        6956
        6957
        6958
        7441
