          86
       55811
       56301
       57768
       58260
       58748
       58749
       58750
       60217
       60218
       60702
       60705
       60706
       60707
       60710
       60721
       60722
       61209
       61692
       61694
       61697
       61698
       62181
       62666
       62667
       62670
       62672
       62673
       62686
       63151
       63153
       63157
       63158
       63159
       63160
       63161
       63163
       63165
       63170
       63639
       63640
       63641
       63645
       63646
       63647
       63648
       63661
       64128
       64129
       64150
       64635
       65104
       65123
       65593
       65611
       66076
       66099
       66588
       66589
       66590
       66592
       67558
       67562
       68047
       68052
       68542
       68553
       69038
       69526
       70979
       70988
       70998
       71469
       71489
       72457
       72458
       72460
       72461
       72471
       73410
       73418
       73424
       73917
       74410
       74883
       75394
       75885
