          54
       62883
       63372
       63859
       64350
       65325
       65326
       65813
       66301
       66790
       69232
       69237
       69247
       69732
       70208
       70223
       70702
       70704
       70716
       71196
       71201
       71202
       71685
       71686
       71687
       71693
       71705
       72176
       72177
       72182
       72662
       72667
       72669
       72672
       72673
       73158
       73159
       73640
       73647
       73649
       74139
       74140
       74617
       74626
       75110
       75114
       75599
       75603
       75604
       76090
       76092
       76580
       76581
       76596
       77086
