          49
       10373
       10377
       14772
       15264
       15273
       15274
       15275
       15282
       15754
       15755
       15757
       15759
       15763
       16243
       16244
       16246
       16247
       16733
       16734
       17222
       17223
       17712
       10901
       11389
       11880
       12364
       12365
       14799
       15281
       15283
       15284
       15285
       15286
       15287
       15774
       15780
       16261
       16751
       16756
       17241
       17731
       24086
       24577
       24578
       15272
       15753
       15756
       15764
       16735
