          74
      193602
      194579
      195068
      195557
      195558
      195564
      196046
      196047
      196048
      196053
      196536
      196537
      196539
      197024
      197025
      197026
      197027
      197028
      197031
      197513
      197514
      197515
      197516
      197517
      197520
      198001
      198002
      198003
      198004
      198005
      198006
      198009
      198490
      198491
      198492
      198493
      198494
      198495
      198498
      198980
      198981
      198982
      198984
      198987
      198988
      199469
      199470
      199471
      199477
      199959
      199960
      199963
      199966
      199967
      200446
      200455
      200457
      200935
      200944
      201420
      201433
      201912
      201920
      201922
      202406
      202409
      202895
      202898
      203383
      203384
      203387
      203872
      203873
      203876
