         292
       76030
       77009
       77499
       77500
       81411
       81412
       81413
       81414
       81903
       81906
       82388
       82389
       82398
       82876
       82877
       82887
       83366
       83854
       84343
       84832
       87257
       87744
       87745
       87769
       88232
       88233
       88234
       88247
       88251
       88264
       88722
       88723
       88734
       88735
       88736
       89212
       89213
       89214
       89215
       89216
       89217
       89218
       89219
       89220
       89221
       89222
       89223
       89224
       89702
       89703
       89704
       89705
       89706
       89707
       89708
       89709
       89710
       89711
       89712
       90195
       90196
       90197
       90198
       90199
       90200
       90201
       90687
       90688
       90689
       90690
       90691
       91174
       91177
       91178
       91179
       91180
       91181
       91659
       91664
       91665
       91666
       91667
       91668
       91669
       91670
       91671
       92149
       92150
       92151
       92155
       92156
       92157
       92158
       92159
       92160
       92161
       92639
       92640
       92641
       92645
       92646
       92647
       92649
       92650
       92651
       93134
       93135
       93136
       93137
       93138
       93139
       93140
       93624
       93625
       93626
       93627
       93628
       93629
       83867
       84356
       84845
       84846
       85335
       85824
       86803
       86804
       87295
       87298
       87785
       87789
       88279
       88764
       88766
       88767
       88768
       88769
       88770
       89255
       89256
       89257
       89258
       89260
       89743
       89747
       90232
       90233
       90236
       90239
       90721
       90722
       90723
       91213
       91218
       92191
       92197
       92685
       92686
       93175
       93664
       93130
       94120
       94611
       94604
       94607
       94610
       95586
       96077
       96085
       99980
      101455
      102926
       94114
       94612
       94613
       95095
       94115
       94117
       94119
       94605
       95594
       96599
       97088
       98555
       77501
       77505
       80918
       80919
       80920
       80921
       80926
       81409
       81410
       81415
       81899
       81900
       81901
       81902
       83365
       84811
       85301
       86769
       87743
       88257
       88721
       88744
       89210
       89211
       89700
       89701
       89713
       89714
       90190
       90191
       90193
       90194
       90202
       90678
       90679
       90680
       90681
       90682
       90683
       90684
       90685
       90686
       90692
       91167
       91168
       91169
       91170
       91172
       91173
       91175
       91176
       91182
       91656
       91657
       91658
       91660
       91661
       91662
       91663
       91672
       92146
       92147
       92148
       92152
       92153
       92154
       92162
       92637
       92638
       92642
       92643
       92644
       92648
       92652
       93129
       93131
       93132
       93133
       93141
       93620
       93621
       93622
       93623
       93630
       94121
       94126
       94614
       94616
       95103
       95104
       95107
       95597
       96076
       96567
       96577
       94113
       94124
       94603
       94615
       99003
       99004
       99005
       99488
       99489
       99494
       99981
       99982
       99983
      100472
