          96
      200346
      200347
      200348
      200349
      200350
      200351
      200352
      200353
      200354
      200835
      200836
      200837
      200838
      200839
      200840
      200841
      200842
      200843
      201324
      201325
      201326
      201327
      201328
      201329
      201330
      201331
      201812
      201813
      201814
      201815
      201816
      201817
      201818
      201819
      202301
      202302
      202303
      202304
      202305
      202306
      202307
      202308
      202790
      202791
      202792
      202793
      202794
      202795
      202796
      203279
      203280
      203281
      203282
      203283
      203284
      203285
      203768
      203769
      203770
      203771
      203772
      203773
      204257
      204258
      204259
      204260
      204261
      204262
      204747
      204748
      204749
      204750
      205235
      205236
      205237
      205238
      205239
      205724
      205725
      205726
      205727
      205728
      206213
      206214
      206215
      206216
      206701
      206702
      206703
      206704
      206705
      207191
      207192
      207193
      207681
      207682
