         336
      157006
      157007
      157008
      157009
      157494
      157495
      157496
      157497
      157498
      157499
      157500
      157982
      157983
      157984
      157985
      157986
      157987
      157988
      157989
      157990
      157991
      157992
      157993
      158470
      158471
      158472
      158473
      158474
      158475
      158476
      158477
      158478
      158479
      158480
      158481
      158482
      158483
      158958
      158959
      158960
      158961
      158962
      158963
      158964
      158965
      158966
      158967
      158968
      158969
      158970
      158971
      158972
      159446
      159447
      159448
      159449
      159450
      159451
      159452
      159453
      159454
      159455
      159456
      159457
      159458
      159459
      159460
      159461
      159935
      159936
      159937
      159938
      159939
      159940
      159941
      159942
      159943
      159944
      159945
      159946
      159947
      159948
      159949
      159950
      160423
      160424
      160425
      160426
      160427
      160428
      160429
      160430
      160431
      160432
      160433
      160434
      160435
      160436
      160437
      160438
      160440
      160911
      160912
      160913
      160914
      160915
      160916
      160917
      160918
      160919
      160920
      160921
      160922
      160923
      160924
      160925
      160926
      160927
      161400
      161401
      161402
      161403
      161404
      161405
      161406
      161407
      161408
      161409
      161410
      161411
      161412
      161413
      161414
      161415
      161888
      161889
      161890
      161891
      161892
      161893
      161894
      161895
      161896
      161897
      161898
      161899
      161900
      161901
      161902
      161903
      161904
      162376
      162377
      162378
      162379
      162380
      162381
      162382
      162383
      162384
      162385
      162386
      162387
      162388
      162389
      162390
      162391
      162392
      162865
      162866
      162867
      162868
      162869
      162870
      162871
      162872
      162873
      162874
      162875
      162876
      162877
      162878
      162879
      162880
      162881
      163355
      163356
      163357
      163358
      163359
      163360
      163361
      163362
      163363
      163364
      163365
      163366
      163367
      163368
      163369
      163370
      163844
      163845
      163846
      163847
      163848
      163849
      163850
      163851
      163852
      163853
      163854
      163855
      163856
      163857
      163858
      164334
      164335
      164336
      164337
      164338
      164339
      164340
      164341
      164342
      164343
      164344
      164345
      164346
      164347
      164823
      164824
      164825
      164826
      164827
      164828
      164829
      164830
      164831
      164832
      164833
      164834
      164835
      164836
      165313
      165314
      165315
      165316
      165317
      165318
      165319
      165320
      165321
      165322
      165323
      165324
      165802
      165803
      165804
      165805
      165806
      165807
      165808
      165809
      165810
      165811
      165812
      165813
      166292
      166293
      166294
      166295
      166296
      166297
      166298
      166299
      166300
      166301
      166302
      166781
      166782
      166783
      166784
      166785
      166786
      166787
      166788
      166789
      167271
      167272
      167273
      167274
      167275
      167276
      167277
      167278
      167760
      167761
      167762
      167763
      167764
      167765
      167766
      167767
      168249
      168250
      168251
      168252
      168253
      168254
      168255
      168256
      168738
      168739
      168740
      168741
      168742
      168743
      168744
      169228
      169229
      169230
      169231
      169232
      169717
      169718
      169719
      169720
      169721
      170207
      170208
      170696
      171184
      172656
      173145
      174122
