         150
      100227
      102673
      103162
      104140
      104628
      105117
      106096
      106584
      106585
      107073
      107074
      107562
      107563
      108050
      108051
      108052
      108539
      108540
      108541
      109028
      109029
      109517
      109518
      110006
      110007
      110495
      110984
      112940
      113429
      135435
      136415
      136904
      137879
      138368
      138857
      139346
      139348
      139835
      140322
      140324
      139839
      139844
      140327
      140813
      140814
      141302
      141789
      142280
      142766
      142769
      142774
      143257
      143258
      143260
      143262
      143748
      144725
      145208
      145213
      145215
      145216
      146186
      141791
      142279
      143747
      144236
      144720
      145697
      145703
      145704
      145705
      146192
      146193
      146194
      146681
      146683
      149119
      149615
      150104
      121263
      122233
      122722
      127119
      128098
      128102
      129094
      130054
      131520
      132009
      132498
      132987
      133008
      133476
      134455
      134465
      134944
      134954
      134961
      135442
      135921
      135924
      135927
      135931
      136410
      136413
      136902
      137391
      137882
      137883
      137884
      137885
      138859
      139349
      139838
      140811
      140816
      141303
      141790
      141793
      142278
      142282
      142771
      143746
      143749
      144235
      144237
      144238
      144239
      144724
      144726
      144727
      145209
      145214
      145702
      146191
      146675
      146680
      147164
      147169
      147653
      147658
      148142
      148147
      148636
      149125
      149614
      150103
      150592
      151569
      152058
