         147
      158231
      158238
      159207
      159696
      160183
      160185
      160195
      160673
      160684
      161167
      161172
      162148
      162630
      162636
      163118
      163598
      163612
      164101
      164580
      164588
      165068
      165074
      165075
      165563
      166537
      167505
      167992
      168003
      168478
      168489
      168963
      168976
      168993
      169463
      169468
      169932
      170469
      170909
      170910
      170923
      170930
      170957
      171429
      171891
      171905
      171915
      172400
      172412
      172413
      172414
      172886
      172897
      172900
      172901
      173370
      173387
      173388
      173389
      173390
      173391
      173392
      173393
      173394
      173395
      173396
      173397
      173398
      173874
      173875
      173880
      173881
      173882
      173883
      174365
      174853
      174859
      174860
      176335
      176794
      176802
      177771
      177793
      178280
      178281
      178282
      178283
      178284
      178766
      178767
      178768
      178769
      179241
      179252
      179256
      179738
      179743
      180230
      180716
      180719
      181198
      181204
      181205
      181206
      181207
      181208
      181671
      181685
      181691
      181693
      181694
      181695
      182178
      182179
      182180
      182181
      182182
      182183
      182666
      182669
      182670
      183151
      183639
      183643
      184130
      184616
      184618
      185105
      186069
      186080
      186106
      186558
      187081
      187543
      188029
      188031
      188512
      188515
      188517
      189003
      187568
      189035
      189521
      190008
      190995
      191973
      192459
      193919
