         107
        9935
       10415
       10416
       11399
       11878
       11895
       12375
       12385
       12386
       12398
       12399
       12400
       12401
       12874
       12875
       12876
       12887
       12889
       12890
       12901
       13365
       13366
       13370
       13371
       13376
       13855
       13856
       13857
       13858
       13859
       13861
       13864
       14350
       14351
       14352
       14353
       14358
       14359
       14839
       14840
       14841
       14842
       14846
       14847
       15329
       15330
       15331
       15332
       15334
       15335
       15348
       15818
       15819
       15820
       15821
       15822
       15823
       15833
       16309
       16310
       16312
       16313
       16325
       16798
       16799
       16800
       16801
       16802
       17288
       17289
       18281
       19239
       19728
       20217
       21196
       21197
       21198
       21199
       21200
       21201
       21202
       21216
       21685
       21686
       21687
       21688
       21691
       21692
       22174
       22175
       22176
       22181
       22182
       22183
       22184
       22192
       22677
       22678
       23169
       23170
       23171
       23172
       23173
       23657
       23661
       24151
       28537
