          95
       28053
       28539
       29026
       29512
       29990
       30476
       30961
       31445
       31955
       31956
       31957
       32431
       32432
       32433
       32434
       32435
       32436
       32437
       32438
       32439
       32440
       32441
       32442
       32443
       32444
       32445
       32913
       32921
       32922
       32930
       32931
       33421
       33422
       33889
       33902
       33903
       33904
       33905
       33906
       33907
       33908
       33909
       33910
       34387
       34388
       34389
       34390
       34391
       34392
       34393
       34394
       34395
       34400
       34401
       34402
       34403
       34404
       34410
       34901
       35363
       35364
       35365
       35366
       35367
       35368
       35391
       35883
       36349
       36828
       36829
       36830
       36831
       36832
       36833
       36846
       36855
       37317
       37322
       37323
       37324
       38789
       39777
       39778
       39779
       39780
       41721
       41722
       41731
       42223
       42699
       42700
       42701
       42724
       44675
       45163
