         168
      196369
      196857
      196858
      196859
      197345
      197346
      197347
      197348
      197833
      197834
      197835
      197836
      197837
      197838
      198321
      198322
      198323
      198324
      198325
      198326
      198327
      198328
      198810
      198811
      198812
      198813
      198814
      198815
      198816
      198817
      198818
      199299
      199300
      199301
      199302
      199303
      199304
      199305
      199306
      199307
      199789
      199790
      199791
      199792
      199793
      199794
      199795
      199796
      199797
      200278
      200279
      200280
      200281
      200282
      200283
      200284
      200285
      200286
      200287
      200767
      200768
      200769
      200770
      200771
      200772
      200773
      200774
      200775
      200776
      201257
      201258
      201259
      201260
      201261
      201262
      201263
      201264
      201265
      201746
      201747
      201748
      201749
      201750
      201751
      201752
      201753
      201754
      202235
      202236
      202237
      202238
      202239
      202240
      202241
      202242
      202243
      202724
      202725
      202726
      202727
      202728
      202729
      202730
      202731
      202732
      203214
      203215
      203216
      203217
      203218
      203219
      203220
      203221
      203703
      203704
      203705
      203706
      203707
      203708
      203709
      203710
      204192
      204193
      204194
      204195
      204196
      204197
      204198
      204682
      204683
      204684
      204685
      204686
      204687
      204688
      205171
      205172
      205173
      205174
      205175
      205176
      205660
      205661
      205662
      205663
      205664
      205665
      205666
      205667
      206149
      206150
      206151
      206152
      206153
      206639
      206640
      206641
      206642
      206643
      206644
      206645
      207130
      207131
      207132
      207133
      207134
      207617
      207618
