          93
      165366
      165853
      166335
      166823
      167312
      167801
      168287
      168288
      168291
      168775
      168776
      168778
      169263
      169264
      169265
      169267
      169268
      169751
      169752
      169753
      169756
      169757
      170237
      170238
      170239
      170240
      170241
      170245
      170246
      170727
      170728
      170734
      170735
      170736
      171215
      171216
      171224
      171225
      171701
      171702
      171703
      171704
      171711
      171714
      172190
      172191
      172192
      172203
      172677
      172678
      172679
      172680
      173167
      173168
      173656
      173669
      174157
      175133
      175134
      175135
      175136
      175145
      175621
      175622
      175623
      175625
      175626
      176100
      176109
      176111
      176115
      176596
      176598
      176601
      176602
      176610
      177083
      177084
      177085
      177087
      177088
      177575
      178052
      179038
      179525
      179528
      179530
      180013
      180014
      180503
      180993
      181966
      184408
