         440
       28913
       29398
       29399
       29400
       29401
       29402
       29403
       29404
       29405
       29884
       29885
       29886
       29887
       29888
       29889
       29890
       29891
       29892
       29893
       29894
       29895
       29896
       30372
       30373
       30374
       30375
       30376
       30377
       30378
       30379
       30380
       30381
       30382
       30383
       30384
       30385
       30386
       30387
       30388
       30861
       30862
       30863
       30864
       30865
       30866
       30867
       30868
       30869
       30870
       30871
       30872
       30873
       30874
       30875
       30876
       30877
       30878
       30879
       30880
       31350
       31351
       31352
       31353
       31354
       31355
       31356
       31357
       31358
       31359
       31360
       31361
       31362
       31363
       31364
       31365
       31366
       31367
       31368
       31369
       31370
       31371
       31372
       31838
       31839
       31840
       31841
       31842
       31843
       31844
       31845
       31846
       31847
       31848
       31849
       31850
       31851
       31852
       31853
       31854
       31855
       31856
       31857
       31858
       31859
       31860
       31861
       31862
       31863
       31864
       31865
       31866
       32327
       32328
       32329
       32330
       32331
       32332
       32333
       32334
       32335
       32336
       32337
       32338
       32339
       32340
       32341
       32342
       32343
       32344
       32345
       32346
       32347
       32348
       32349
       32350
       32351
       32352
       32353
       32354
       32355
       32356
       32357
       32816
       32817
       32818
       32819
       32820
       32821
       32822
       32823
       32824
       32825
       32826
       32827
       32828
       32829
       32830
       32831
       32832
       32833
       32834
       32835
       32836
       32837
       32838
       32839
       32840
       32841
       32842
       32843
       32844
       32845
       33304
       33305
       33306
       33307
       33308
       33309
       33310
       33311
       33312
       33313
       33314
       33315
       33316
       33317
       33318
       33319
       33320
       33321
       33322
       33323
       33324
       33325
       33326
       33327
       33328
       33329
       33330
       33331
       33332
       33333
       33334
       33793
       33794
       33795
       33796
       33797
       33798
       33799
       33800
       33801
       33802
       33803
       33804
       33805
       33806
       33807
       33808
       33809
       33810
       33811
       33812
       33813
       33814
       33815
       33816
       33817
       33818
       33819
       33820
       33821
       33822
       34281
       34282
       34283
       34284
       34285
       34286
       34287
       34288
       34289
       34290
       34291
       34292
       34293
       34294
       34295
       34296
       34297
       34298
       34299
       34300
       34301
       34302
       34303
       34304
       34305
       34306
       34307
       34308
       34309
       34310
       34770
       34771
       34772
       34773
       34774
       34775
       34776
       34777
       34778
       34779
       34780
       34781
       34782
       34783
       34784
       34785
       34786
       34787
       34788
       34789
       34790
       34791
       34792
       34793
       34794
       34795
       34796
       34797
       35259
       35260
       35261
       35262
       35263
       35264
       35265
       35266
       35267
       35268
       35269
       35270
       35271
       35272
       35273
       35274
       35275
       35276
       35277
       35278
       35279
       35280
       35281
       35282
       35283
       35284
       35285
       35747
       35748
       35749
       35750
       35751
       35752
       35753
       35754
       35755
       35756
       35757
       35758
       35759
       35760
       35761
       35762
       35763
       35764
       35765
       35766
       35767
       35768
       35769
       35770
       35771
       35772
       36236
       36237
       36238
       36239
       36240
       36241
       36242
       36243
       36244
       36245
       36246
       36247
       36248
       36249
       36250
       36251
       36252
       36253
       36254
       36255
       36256
       36257
       36258
       36259
       36260
       36725
       36726
       36727
       36728
       36729
       36730
       36731
       36732
       36733
       36734
       36735
       36736
       36737
       36738
       36739
       36740
       36741
       36742
       36743
       36744
       36745
       36746
       36747
       36748
       37213
       37214
       37215
       37216
       37217
       37218
       37219
       37220
       37221
       37222
       37223
       37224
       37225
       37226
       37227
       37228
       37229
       37230
       37231
       37232
       37233
       37234
       37235
       37236
       37702
       37703
       37704
       37705
       37706
       37707
       37708
       37709
       37710
       37711
       37712
       37713
       37714
       37715
       37716
       37717
       37718
       37719
       37720
       37721
       37722
       37723
       37724
