         165
      104166
      104655
      104656
      104657
      104658
      104659
      104660
      105146
      105147
      105148
      105149
      105150
      105151
      105152
      105153
      105637
      105638
      105639
      105640
      105641
      105642
      105643
      105644
      105645
      106128
      106129
      106130
      106131
      106132
      106133
      106134
      106135
      106136
      106137
      106138
      106619
      106620
      106621
      106622
      106623
      106624
      106625
      106626
      106627
      106628
      107109
      107110
      107111
      107112
      107113
      107114
      107115
      107116
      107117
      107118
      107600
      107601
      107602
      107603
      107604
      107605
      107606
      107607
      107608
      108090
      108091
      108092
      108093
      108094
      108095
      108096
      108097
      108098
      108099
      108580
      108581
      108582
      108583
      108584
      108585
      108586
      108587
      108588
      108589
      109070
      109071
      109072
      109073
      109074
      109075
      109076
      109077
      109078
      109079
      109561
      109562
      109563
      109564
      109565
      109566
      109567
      109568
      109569
      110051
      110052
      110053
      110054
      110055
      110056
      110057
      110058
      110059
      110541
      110542
      110543
      110544
      110545
      110546
      110548
      110549
      111031
      111032
      111033
      111034
      111035
      111036
      111037
      111038
      111521
      111522
      111523
      111524
      111525
      111528
      111529
      112011
      112012
      112013
      112016
      112017
      112018
      112501
      112502
      112503
      112504
      112505
      112509
      112991
      112992
      112993
      112994
      112996
      112997
      113481
      113482
      113485
      113973
      115441
      115443
      115444
      115932
      115934
      116421
      116422
      116423
