         109
      191490
      191975
      191976
      191977
      191978
      191979
      191980
      192463
      192464
      192465
      192466
      192467
      192468
      192469
      192952
      192953
      192954
      192955
      192956
      192957
      192958
      193442
      193443
      193444
      193445
      193446
      193447
      193448
      193931
      193932
      193933
      193934
      193935
      193936
      193937
      194422
      194423
      194424
      194425
      194426
      194427
      194911
      194912
      194913
      194914
      194915
      194916
      195399
      195400
      195401
      195402
      195403
      195404
      195405
      195406
      195889
      195890
      195891
      195892
      195893
      195894
      195895
      196378
      196379
      196380
      196381
      196382
      196383
      196384
      196385
      196867
      196868
      196869
      196870
      196871
      196872
      196873
      196874
      197357
      197358
      197359
      197360
      197361
      197362
      197363
      197364
      197846
      197847
      197848
      197849
      197850
      197851
      197852
      198335
      198336
      198337
      198338
      198339
      198340
      198341
      198825
      198826
      198827
      198828
      198829
      199315
      199316
      199317
      199805
