          51
        5059
        5060
        5061
        5553
        6535
        7515
        8004
        8488
        8489
        8490
        8491
        8975
        9462
        9463
        9466
        9467
        9468
        9469
        9470
        9476
        9477
        9478
        9479
        9480
        9481
        9482
        9483
        9484
        9485
        9969
        9970
        9971
        9972
        9973
        9974
        9975
        9981
        9982
        9983
       10465
       10466
       10467
       10468
       10469
       10470
       10471
       10475
       10959
       10960
       10961
       11459
