          67
         695
        1170
        1175
        1181
        1186
        1653
        1654
        1655
        1656
        1657
        1658
        1659
        1671
        1676
        2143
        2144
        2145
        2150
        2151
        2152
        2156
        2157
        2166
        2639
        2640
        2641
        2642
        2643
        2644
        2648
        3131
        3132
        3133
        3136
        3142
        3627
        4118
        4608
        5100
        5561
        5562
        5563
        5564
        5565
        5566
        5567
        5591
        6050
        6061
        6062
        6063
        6540
        6550
        6554
        7031
        7047
        7524
        7525
        7526
        7541
        8018
        8019
        8026
        8027
        8028
        8029
        8030
