         165
      169376
      169861
      169868
      170850
      170854
      170855
      170856
      171342
      172308
      172309
      172793
      172794
      172812
      173291
      175254
      175259
      175742
      175743
      176229
      176231
      176234
      176235
      176696
      176697
      176698
      176717
      176723
      177183
      177184
      177185
      177186
      177207
      177210
      177671
      177672
      177673
      177693
      177695
      177699
      178160
      178161
      178162
      178182
      178186
      178187
      178648
      178649
      178650
      178668
      178671
      178676
      179136
      179138
      179153
      179159
      179162
      179163
      179641
      179650
      179667
      180129
      180618
      181106
      181107
      181112
      181598
      182575
      182578
      183012
      183063
      183066
      184002
      184040
      184055
      184056
      184493
      184528
      184529
      184537
      185017
      185022
      185023
      185024
      185473
      185504
      185505
      185963
      185991
      185992
      186473
      186485
      186943
      186956
      187433
      189904
      188436
      190879
      190882
      191859
      186472
      186955
      187439
      190393
      169866
      170362
      171332
      171834
      172318
      172795
      172801
      173282
      173283
      173284
      173772
      173777
      173779
      174265
      174266
      174278
      174279
      174766
      174767
      174772
      174773
      175255
      175258
      175260
      175747
      176233
      176719
      177205
      177211
      177698
      178674
      178675
      179164
      179178
      179179
      179180
      179181
      179182
      179626
      179653
      179666
      180136
      180617
      180620
      180621
      180624
      180646
      181113
      181135
      181583
      181584
      181601
      181624
      182086
      182116
      183551
      183571
      184054
      184536
      185508
      185989
      185997
