          54
      199545
      200025
      200027
      200033
      200514
      200515
      200516
      200518
      200519
      200520
      200521
      201003
      201004
      201005
      201006
      201007
      201009
      201010
      201492
      201493
      201494
      201495
      201496
      201497
      201499
      201981
      201982
      201984
      201985
      201987
      202470
      202471
      202473
      202474
      202476
      202959
      202960
      202961
      202962
      202963
      202964
      203448
      203449
      203450
      203451
      203453
      203939
      203940
      203941
      204427
      204428
      204429
      204916
      204917
