         183
      124196
      124197
      124685
      124686
      124687
      124688
      124689
      124690
      124691
      124692
      124693
      125173
      125175
      125176
      125177
      125178
      125179
      125180
      125181
      125182
      125183
      125184
      125662
      125663
      125664
      125665
      125666
      125667
      125668
      125669
      125670
      125671
      125672
      125673
      126151
      126152
      126153
      126154
      126155
      126156
      126158
      126159
      126160
      126161
      126162
      126640
      126641
      126642
      126643
      126644
      126645
      126646
      126647
      126648
      126649
      126650
      126651
      127129
      127130
      127131
      127132
      127133
      127134
      127135
      127136
      127137
      127138
      127139
      127618
      127619
      127620
      127621
      127622
      127623
      127624
      127625
      127626
      127627
      127628
      128107
      128108
      128109
      128110
      128111
      128112
      128113
      128114
      128115
      128116
      128594
      128595
      128596
      128597
      128598
      128599
      128600
      128601
      128602
      128603
      128604
      129083
      129084
      129085
      129086
      129087
      129088
      129090
      129091
      129092
      129093
      129572
      129573
      129574
      129575
      129576
      129577
      129579
      129580
      129581
      130061
      130062
      130063
      130064
      130065
      130066
      130067
      130068
      130069
      130070
      130550
      130551
      130552
      130553
      130554
      130556
      130557
      130558
      131039
      131040
      131041
      131042
      131043
      131044
      131045
      131046
      131528
      131529
      131530
      131531
      131532
      131533
      131534
      131535
      132017
      132018
      132019
      132020
      132021
      132022
      132023
      132506
      132507
      132508
      132509
      132510
      132511
      132995
      132996
      132997
      132998
      132999
      133484
      133485
      133486
      133972
      133973
      133974
      133975
      133976
      134462
      134464
      134950
      135928
