          45
       61812
       62300
       63765
       64742
       65719
       66208
       66697
       67186
       67675
       68164
       68165
       68653
       68654
       69142
       69143
       69632
       70121
       70610
       71099
       71588
       72077
       72565
       72566
       73054
       73055
       73543
       73544
       74032
       74033
       74521
       74522
       75009
       75010
       75011
       75498
       75499
       75500
       75988
       75989
       76477
       76478
       76966
       77455
       77944
       78433
