          39
       80702
       81687
       82664
       83143
       83637
       84130
       84608
       84613
       84614
       84616
       85100
       85588
       85597
       86073
       87050
       87546
       88027
       88516
       88517
       88523
       88532
       89508
       89510
       89512
       90477
       92438
       93410
       94881
       95365
       95858
       97320
       97323
       99275
       99277
      101231
      101719
      102208
      102697
      103675
