         138
       29024
       29987
       30473
       30957
       31443
       32414
       33914
       33922
       33934
       34417
       34418
       34904
       34905
       34906
       35395
       35396
       35850
       35851
       35852
       35853
       35887
       35888
       35889
       35891
       35892
       35896
       35897
       35898
       35899
       36375
       36837
       36838
       36839
       36858
       37327
       37328
       37329
       37330
       37331
       37332
       37333
       37334
       37335
       37336
       37341
       37793
       37803
       37804
       37805
       37814
       38293
       38295
       38319
       38320
       38321
       38322
       38323
       39286
       39305
       39790
       40283
       40284
       41262
       41750
       42708
       42709
       42710
       42714
       42725
       42744
       43195
       43196
       43197
       43203
       43232
       43679
       43680
       43691
       44179
       44654
       44655
       44666
       45143
       45154
       45182
       46618
       46656
       47106
       47594
       49066
       50530
       51020
       51504
       51507
       51992
       54934
       55423
       55431
       55432
       55911
       55920
       55921
       56886
       57374
       57379
       57859
       47142
       47143
       47144
       47634
       48593
       48604
       48609
       49584
       51064
       52040
       52509
       52531
       52996
       53484
       53507
       54482
       54483
       54969
       54970
       54972
       55458
       55459
       55460
       55947
       55948
       56436
       56924
       57413
       58878
       59376
       59862
       60353
