         482
      108070
      108559
      108560
      108561
      108562
      108563
      109048
      109049
      109050
      109051
      109052
      109053
      109054
      109055
      109537
      109538
      109539
      109540
      109541
      109542
      109544
      109545
      109546
      110026
      110027
      110028
      110029
      110030
      110031
      110032
      110033
      110034
      110035
      110036
      110037
      110515
      110516
      110517
      110518
      110519
      110520
      110521
      110522
      110523
      110524
      110525
      110526
      110527
      110528
      111004
      111005
      111006
      111007
      111008
      111009
      111010
      111011
      111012
      111013
      111014
      111015
      111016
      111017
      111018
      111493
      111494
      111495
      111496
      111497
      111498
      111499
      111500
      111501
      111502
      111503
      111504
      111505
      111506
      111507
      111508
      111509
      111982
      111983
      111984
      111985
      111986
      111987
      111988
      111989
      111990
      111991
      111992
      111993
      111994
      111995
      111996
      111997
      111998
      111999
      112471
      112472
      112473
      112474
      112475
      112476
      112477
      112478
      112479
      112480
      112481
      112482
      112483
      112484
      112485
      112486
      112487
      112488
      112489
      112960
      112961
      112962
      112963
      112964
      112965
      112966
      112967
      112968
      112969
      112970
      112971
      112972
      112973
      112974
      112975
      112976
      112977
      112978
      112979
      113449
      113450
      113451
      113452
      113453
      113454
      113455
      113456
      113457
      113458
      113459
      113460
      113461
      113462
      113463
      113464
      113465
      113466
      113467
      113468
      113469
      113938
      113939
      113940
      113941
      113942
      113943
      113944
      113945
      113946
      113947
      113948
      113949
      113950
      113951
      113952
      113953
      113954
      113955
      113956
      113957
      113958
      113959
      114427
      114428
      114429
      114430
      114431
      114432
      114433
      114434
      114435
      114436
      114437
      114438
      114439
      114440
      114441
      114442
      114443
      114444
      114445
      114446
      114447
      114448
      114449
      114916
      114917
      114918
      114919
      114920
      114921
      114922
      114923
      114924
      114925
      114926
      114927
      114928
      114929
      114930
      114931
      114932
      114933
      114934
      114935
      114936
      114937
      114938
      114939
      115405
      115406
      115407
      115408
      115409
      115410
      115411
      115412
      115413
      115414
      115415
      115416
      115417
      115418
      115419
      115420
      115421
      115422
      115423
      115424
      115425
      115426
      115427
      115428
      115429
      115894
      115895
      115896
      115897
      115898
      115899
      115900
      115901
      115902
      115903
      115904
      115905
      115906
      115907
      115908
      115909
      115910
      115911
      115912
      115913
      115914
      115915
      115916
      115917
      115918
      115919
      116383
      116384
      116385
      116386
      116387
      116388
      116389
      116390
      116391
      116392
      116393
      116394
      116395
      116396
      116397
      116398
      116399
      116400
      116401
      116402
      116403
      116404
      116405
      116406
      116407
      116408
      116872
      116873
      116874
      116875
      116876
      116877
      116878
      116879
      116880
      116881
      116882
      116883
      116884
      116885
      116886
      116887
      116888
      116889
      116890
      116891
      116892
      116893
      116894
      116895
      116896
      116897
      116898
      117361
      117362
      117363
      117364
      117365
      117366
      117367
      117368
      117369
      117370
      117371
      117372
      117373
      117374
      117375
      117376
      117377
      117378
      117379
      117380
      117381
      117382
      117383
      117384
      117385
      117386
      117387
      117850
      117851
      117852
      117853
      117854
      117855
      117856
      117857
      117858
      117859
      117860
      117861
      117862
      117863
      117864
      117865
      117866
      117867
      117868
      117869
      117870
      117871
      117872
      117873
      117874
      117875
      117876
      117877
      118339
      118340
      118341
      118342
      118343
      118344
      118345
      118346
      118347
      118348
      118349
      118350
      118351
      118352
      118353
      118354
      118356
      118357
      118358
      118359
      118360
      118361
      118362
      118363
      118364
      118828
      118829
      118830
      118831
      118832
      118833
      118834
      118835
      118836
      118837
      118838
      118839
      118840
      118841
      118842
      118843
      118844
      118845
      118846
      118847
      119317
      119318
      119319
      119320
      119321
      119322
      119323
      119324
      119325
      119326
      119327
      119328
      119329
      119330
      119806
      119807
      119808
      119809
      119810
      119811
      119812
      119814
      120295
      120296
      120297
      120298
      120299
      120300
      120784
      120785
      120786
      120787
      120788
      120789
      121273
      121274
      121275
      121276
      121277
      121278
      121279
      121280
      121762
      121763
      121764
      121765
      121766
      122251
      122252
      122253
