         231
       57159
       57163
       57164
       57647
       57650
       57652
       57660
       58137
       58138
       58139
       58140
       58141
       58144
       58145
       58149
       58150
       58153
       58624
       58625
       58627
       58628
       58629
       58630
       58631
       58632
       58635
       58638
       58640
       59119
       59120
       59122
       59124
       59128
       59129
       59600
       59601
       59602
       59603
       59604
       59605
       59606
       59607
       59608
       59609
       59610
       59611
       59612
       59613
       59614
       59615
       59616
       60089
       60090
       60091
       60092
       60093
       60094
       60095
       60096
       60097
       60098
       60099
       60100
       60101
       60102
       60103
       60104
       60105
       60578
       60579
       60580
       60581
       60582
       60583
       60586
       60587
       60588
       60589
       60590
       60591
       60592
       60593
       60594
       61066
       61067
       61068
       61069
       61070
       61077
       61078
       61079
       61080
       61081
       61082
       61083
       61554
       61555
       61556
       61557
       61558
       61559
       61566
       61567
       61568
       61569
       61570
       61571
       61572
       62042
       62046
       62047
       62048
       62049
       62050
       62053
       62054
       62055
       62056
       62057
       62058
       62059
       62060
       62534
       62536
       62537
       62538
       62539
       62540
       62541
       62542
       62543
       62544
       62545
       62546
       62547
       62548
       62549
       63019
       63023
       63025
       63026
       63027
       63028
       63029
       63030
       63031
       63032
       63033
       63034
       63035
       63036
       63037
       63038
       63513
       63516
       63517
       63518
       63519
       63520
       63521
       63522
       63523
       63524
       63525
       63526
       63527
       63528
       64002
       64006
       64007
       64008
       64009
       64010
       64011
       64012
       64013
       64014
       64015
       64016
       64017
       64495
       64496
       64497
       64498
       64499
       64500
       64501
       64502
       64503
       64504
       64505
       64506
       64984
       64985
       64986
       64987
       64988
       64989
       64990
       64991
       64992
       64993
       64994
       64995
       65473
       65474
       65475
       65476
       65477
       65478
       65479
       65480
       65481
       65482
       65483
       65484
       65485
       65963
       65964
       65965
       65966
       65967
       65968
       65969
       65970
       65971
       65972
       65973
       65974
       66462
       66463
