          86
      172803
      173781
      174283
      174285
      174769
      174770
      175261
      175740
      175745
      175751
      176228
      177692
      177696
      178180
      178184
      178189
      179166
      179168
      179169
      179170
      179171
      179172
      179654
      179655
      180143
      180144
      180148
      180150
      180151
      180152
      180153
      180154
      180155
      180630
      180631
      180632
      180633
      180634
      180635
      180636
      180637
      180638
      180639
      180642
      180643
      180644
      181115
      181116
      181117
      181118
      181119
      181120
      181124
      181125
      181126
      181127
      181128
      181129
      181130
      181133
      181603
      181613
      181614
      181620
      181621
      181622
      182094
      182095
      182096
      182097
      182098
      182099
      182114
      182579
      182582
      182583
      183067
      183069
      183084
      183555
      183558
      183568
      183569
      184049
      184050
      184535
