          42
        8551
       11950
       11969
       12457
       12466
       12933
       12952
       12953
       12954
       12955
       12956
       12957
       12958
       13437
       13438
       13439
       13440
       13445
       13446
       13915
       13922
       13923
       13924
       13925
       13926
       14406
       14411
       14898
       14899
       14900
       14901
       14902
       15389
       15390
       15391
       15880
       15881
       16350
       16840
       17819
       17820
       18309
