         100
      188573
      189060
      189061
      189062
      189545
      189546
      189547
      189548
      189549
      189550
      189551
      189552
      190031
      190033
      190034
      190035
      190036
      190037
      190038
      190039
      190040
      190041
      190042
      190522
      190523
      190524
      190525
      190526
      190527
      190528
      190529
      190530
      190531
      191010
      191011
      191012
      191013
      191014
      191015
      191016
      191017
      191018
      191019
      191020
      191501
      191502
      191503
      191504
      191505
      191506
      191507
      191508
      191509
      191510
      191991
      191992
      191993
      191994
      191995
      191996
      191997
      191998
      191999
      192481
      192482
      192483
      192484
      192485
      192486
      192487
      192488
      192489
      192971
      192972
      192973
      192974
      192975
      192976
      192977
      192978
      193460
      193461
      193462
      193463
      193464
      193465
      193466
      193467
      193468
      193950
      193951
      193952
      193953
      193954
      193955
      193956
      193957
      193958
      194440
      194441
