         143
      212943
      212947
      213431
      213436
      213438
      213439
      213920
      213921
      213924
      213925
      214407
      214412
      214413
      214416
      214895
      214896
      214901
      214902
      214904
      215384
      215387
      215388
      215391
      215392
      215393
      215872
      215873
      215874
      215875
      215876
      215877
      215878
      215879
      215891
      216358
      216361
      216363
      216364
      216365
      216366
      216367
      216379
      216846
      216850
      216851
      216852
      216853
      216854
      216855
      216856
      216867
      217334
      217335
      217337
      217338
      217341
      217342
      217345
      217355
      217819
      217822
      217823
      217826
      217827
      217828
      217829
      217833
      218306
      218307
      218308
      218311
      218312
      218793
      218794
      218795
      218796
      218797
      218798
      218799
      218800
      218801
      218810
      219283
      219286
      219287
      219288
      219295
      219296
      219770
      219771
      219772
      219773
      219774
      219775
      219776
      219777
      219786
      219787
      219793
      220257
      220258
      220259
      220260
      220261
      220262
      220263
      220264
      220265
      220266
      220277
      220745
      220748
      220749
      220750
      220751
      220752
      220753
      220767
      220768
      221232
      221237
      221238
      221254
      221255
      221720
      221725
      221743
      221744
      222208
      222213
      222214
      222701
      222702
      223182
      223189
      223190
      223210
      223211
      225178
      227611
      227620
      228595
      232013
