          62
       18439
       18928
       19417
       20882
       21370
       21858
       21859
       22331
       22347
       22348
       22819
       22820
       22836
       22837
       22838
       23308
       23309
       23324
       23325
       23326
       23327
       23328
       23797
       23798
       23813
       23814
       23815
       23816
       23817
       24285
       24286
       24290
       24292
       24295
       24784
       24790
       24791
       25278
       25279
       25280
       25749
       25766
       25767
       25768
       25770
       25771
       26253
       26254
       26255
       26256
       26744
       27230
       27233
       27711
       28212
       28692
       28699
       28702
       29191
       29678
       31632
       34083
