          39
      105957
      106451
      107426
      107917
      108405
      108894
      109376
      109864
      109866
      109871
      110353
      110354
      110842
      110867
      111331
      111819
      111820
      112308
      112311
      112797
      112801
      112802
      113289
      113774
      113779
      114266
      114267
      114755
      115243
      115731
      115732
      116217
      116708
      116709
      117196
      117684
      119638
      121103
      122084
