          62
        9130
        9618
        9619
       10106
       10107
       10108
       10594
       10595
       10596
       10597
       11083
       11084
       11085
       11086
       11572
       11573
       11574
       11575
       12061
       12062
       12063
       12064
       12069
       12070
       12549
       12550
       12552
       12557
       12558
       12559
       13038
       13039
       13041
       13046
       13047
       13048
       13527
       13528
       13530
       13535
       13536
       13537
       14016
       14019
       14023
       14024
       14025
       14504
       14508
       14512
       14993
       14997
       15482
       15486
       15971
       16458
       16460
       16463
       16466
       16949
       16952
       16955
