         887
       54792
       55278
       55279
       55280
       55281
       55764
       55765
       55766
       55767
       55768
       55769
       55770
       55771
       56250
       56251
       56252
       56253
       56254
       56255
       56256
       56257
       56258
       56259
       56735
       56736
       56737
       56738
       56739
       56740
       56741
       56742
       56743
       56744
       56745
       56746
       56747
       56748
       56749
       56750
       57216
       57217
       57218
       57219
       57220
       57221
       57222
       57223
       57224
       57225
       57226
       57227
       57228
       57229
       57230
       57231
       57232
       57233
       57234
       57235
       57236
       57237
       57703
       57704
       57705
       57706
       57707
       57708
       57709
       57710
       57711
       57712
       57713
       57714
       57715
       57716
       57717
       57718
       57719
       57720
       57721
       57722
       57723
       57724
       57725
       57726
       57727
       57728
       58192
       58193
       58194
       58195
       58196
       58197
       58198
       58199
       58200
       58201
       58202
       58203
       58204
       58205
       58206
       58207
       58208
       58209
       58210
       58211
       58212
       58213
       58214
       58215
       58681
       58682
       58683
       58684
       58685
       58686
       58687
       58688
       58689
       58690
       58691
       58692
       58693
       58694
       58695
       58696
       58697
       58698
       58699
       58700
       58701
       58702
       58703
       58704
       58705
       58706
       59170
       59171
       59172
       59173
       59174
       59175
       59176
       59177
       59178
       59179
       59180
       59181
       59182
       59183
       59184
       59185
       59186
       59187
       59188
       59189
       59190
       59191
       59192
       59193
       59194
       59195
       59196
       59659
       59660
       59661
       59662
       59663
       59664
       59665
       59666
       59667
       59668
       59669
       59670
       59671
       59672
       59673
       59674
       59675
       59676
       59677
       59678
       59679
       59680
       59681
       59682
       59683
       59684
       59685
       60148
       60149
       60150
       60151
       60152
       60153
       60154
       60155
       60156
       60157
       60158
       60159
       60160
       60161
       60162
       60163
       60164
       60165
       60166
       60167
       60168
       60169
       60170
       60171
       60172
       60173
       60174
       60637
       60638
       60639
       60640
       60641
       60642
       60643
       60644
       60645
       60646
       60647
       60648
       60649
       60650
       60651
       60652
       60653
       60654
       60655
       60656
       60657
       60658
       60659
       60660
       60661
       60662
       60663
       61126
       61127
       61128
       61129
       61130
       61131
       61132
       61133
       61134
       61135
       61136
       61137
       61138
       61139
       61140
       61141
       61142
       61143
       61144
       61145
       61146
       61147
       61148
       61149
       61150
       61151
       61152
       61615
       61616
       61617
       61618
       61619
       61620
       61621
       61622
       61623
       61624
       61625
       61626
       61627
       61628
       61629
       61630
       61631
       61632
       61633
       61634
       61635
       61636
       61637
       61638
       61639
       61640
       61641
       61642
       62104
       62105
       62106
       62107
       62108
       62109
       62110
       62111
       62112
       62113
       62114
       62115
       62116
       62117
       62118
       62119
       62120
       62121
       62122
       62123
       62124
       62125
       62126
       62127
       62128
       62129
       62130
       62131
       62593
       62594
       62595
       62596
       62597
       62598
       62599
       62600
       62601
       62602
       62603
       62604
       62605
       62606
       62607
       62608
       62609
       62610
       62611
       62612
       62613
       62614
       62615
       62616
       62617
       62618
       62619
       62620
       63082
       63083
       63084
       63085
       63086
       63087
       63088
       63089
       63090
       63091
       63092
       63093
       63094
       63095
       63096
       63097
       63098
       63099
       63100
       63101
       63102
       63103
       63104
       63105
       63106
       63107
       63108
       63109
       63110
       63571
       63572
       63573
       63574
       63575
       63576
       63577
       63578
       63579
       63580
       63581
       63582
       63583
       63584
       63585
       63586
       63587
       63588
       63589
       63590
       63591
       63592
       63593
       63594
       63595
       63596
       63597
       63598
       63599
       64060
       64061
       64062
       64063
       64064
       64065
       64066
       64067
       64068
       64069
       64070
       64071
       64072
       64073
       64074
       64075
       64076
       64077
       64078
       64079
       64080
       64081
       64082
       64083
       64084
       64085
       64086
       64087
       64088
       64549
       64550
       64551
       64552
       64553
       64554
       64555
       64556
       64557
       64558
       64559
       64560
       64561
       64562
       64563
       64564
       64565
       64566
       64567
       64568
       64569
       64570
       64571
       64572
       64573
       64574
       64575
       64576
       64577
       64578
       65038
       65039
       65040
       65041
       65042
       65043
       65044
       65045
       65046
       65047
       65048
       65049
       65050
       65051
       65052
       65053
       65054
       65055
       65056
       65057
       65058
       65059
       65060
       65061
       65062
       65063
       65064
       65065
       65066
       65067
       65527
       65528
       65529
       65530
       65531
       65532
       65533
       65534
       65535
       65536
       65537
       65538
       65539
       65540
       65541
       65542
       65543
       65544
       65545
       65546
       65547
       65548
       65549
       65550
       65551
       65552
       65553
       65554
       65555
       65556
       65557
       66016
       66017
       66018
       66019
       66020
       66021
       66022
       66023
       66024
       66025
       66026
       66027
       66028
       66029
       66030
       66031
       66032
       66033
       66034
       66035
       66036
       66037
       66038
       66039
       66040
       66041
       66042
       66043
       66044
       66045
       66046
       66505
       66506
       66507
       66508
       66509
       66510
       66511
       66512
       66513
       66514
       66515
       66516
       66517
       66518
       66519
       66520
       66521
       66522
       66523
       66524
       66525
       66526
       66527
       66528
       66529
       66530
       66531
       66532
       66533
       66534
       66535
       66994
       66995
       66996
       66997
       66998
       66999
       67000
       67001
       67002
       67003
       67004
       67005
       67006
       67007
       67008
       67009
       67010
       67011
       67012
       67013
       67014
       67015
       67016
       67017
       67019
       67021
       67022
       67024
       67483
       67484
       67485
       67486
       67487
       67488
       67489
       67490
       67491
       67492
       67493
       67494
       67495
       67496
       67497
       67498
       67499
       67500
       67501
       67502
       67503
       67504
       67505
       67506
       67507
       67510
       67511
       67512
       67513
       67972
       67973
       67974
       67975
       67976
       67977
       67978
       67979
       67980
       67981
       67982
       67983
       67984
       67985
       67986
       67987
       67988
       67989
       67990
       67991
       67992
       67993
       67994
       67995
       67996
       67997
       67998
       67999
       68001
       68461
       68462
       68463
       68464
       68465
       68466
       68467
       68468
       68469
       68470
       68471
       68472
       68473
       68474
       68475
       68476
       68477
       68478
       68479
       68480
       68481
       68482
       68483
       68484
       68486
       68487
       68488
       68489
       68493
       68950
       68951
       68952
       68953
       68954
       68955
       68956
       68957
       68958
       68959
       68960
       68961
       68962
       68963
       68964
       68965
       68966
       68967
       68968
       68969
       68970
       68971
       68972
       68973
       68974
       68976
       68977
       68981
       68982
       69439
       69440
       69441
       69442
       69443
       69444
       69445
       69446
       69447
       69448
       69449
       69450
       69451
       69452
       69453
       69454
       69455
       69456
       69457
       69458
       69459
       69460
       69461
       69462
       69463
       69465
       69466
       69470
       69472
       69928
       69929
       69930
       69931
       69932
       69933
       69934
       69935
       69936
       69937
       69938
       69939
       69940
       69941
       69942
       69943
       69944
       69945
       69946
       69947
       69948
       69949
       69950
       69951
       69953
       69954
       69957
       69958
       69959
       69961
       69962
       70424
       70425
       70426
       70427
       70428
       70429
       70430
       70431
       70432
       70433
       70434
       70435
       70436
       70437
       70438
       70439
       70440
       70441
       70443
       70446
       70447
       70448
       70449
       70450
       70918
       70919
       70920
       70921
       70922
       70923
       70924
       70926
       70927
       70929
       70930
       70931
       70936
       70938
       70939
       70940
       70941
       71410
       71411
       71412
       71413
       71415
       71416
       71418
       71419
       71423
       71425
       71426
       71427
       71428
       71429
       71902
       71905
       71907
       71908
       71911
       71912
       71913
       71915
       71916
       71917
       72394
       72395
       72396
       72399
       72400
       72401
       72402
       72404
       72405
       72884
       72888
       72889
       72890
       72892
       72893
       73377
       73378
       73379
       73380
       73381
       73868
       74356
