          60
      200970
      201450
      201464
      201941
      201949
      201954
      202425
      202429
      202430
      202436
      202916
      202927
      202932
      203406
      203410
      203415
      203417
      203899
      203904
      203911
      204384
      204386
      204387
      204388
      204398
      204875
      204876
      204877
      204883
      204884
      204885
      204887
      205363
      205365
      205367
      205379
      205850
      205852
      205854
      205856
      205866
      206342
      206343
      206345
      206355
      206831
      206832
      206833
      206834
      206840
      206842
      206844
      207321
      207322
      207323
      207810
      207812
      207813
      207823
      208303
