         136
       71976
       72955
       73450
       73451
       73452
       73453
       73454
       73944
       74431
       74445
       74931
       75413
       75420
       75913
       76379
       76407
       77361
       79321
       79337
       80300
       80790
       81279
       81767
       82256
       82265
       83233
       84210
       85192
       85681
       85682
       86165
       86166
       86168
       86170
       86655
       87634
       88123
       74940
       75428
       75917
       75919
       76406
       76895
       76896
       77384
       73455
       73945
       73954
       73957
       74442
       74935
       75424
       75427
       75908
       75914
       75915
       76885
       78361
       73449
       73943
       73955
       73956
       74443
       74444
       74921
       74932
       74933
       74934
       75412
       75421
       75422
       75423
       75909
       75910
       75911
       75912
       76397
       76398
       76399
       76402
       76403
       76404
       76891
       76894
       77372
       77373
       77383
       77872
       78360
       78848
       78849
       79335
       79824
       79825
       80313
       80801
       81289
       81777
       74920
       75903
       75916
       76400
       76401
       76405
       76886
       76887
       76888
       76890
       76892
       76893
       77376
       77379
       77380
       77381
       77382
       77868
       77869
       77870
       77871
       78357
       78358
       78359
       78846
       78847
       79334
       79336
       79823
       80312
       81765
       83721
       86658
       87146
       87147
       87635
       88122
       88611
