          43
       79238
       79247
       82167
       82172
       82174
       82178
       82655
       83152
       83640
       84124
       84128
       84141
       85105
       86074
       86086
       86562
       86570
       86574
       86582
       87052
       87062
       87539
       87540
       88028
       88035
       88043
       88044
       88533
       89012
       89507
       89989
       90484
       90972
       91455
       93415
       93899
       94392
       95854
       96346
       96834
       98787
       99276
       99765
