         380
       25954
       25955
       25956
       25957
       25958
       25959
       25960
       25961
       25962
       26443
       26444
       26445
       26446
       26447
       26448
       26449
       26450
       26451
       26452
       26932
       26933
       26934
       26935
       26936
       26937
       26938
       26939
       26940
       26941
       26942
       27421
       27422
       27423
       27424
       27425
       27426
       27427
       27428
       27429
       27430
       27431
       27432
       27910
       27911
       27912
       27913
       27914
       27915
       27916
       27917
       27918
       27919
       27920
       27921
       27922
       27923
       28399
       28400
       28401
       28402
       28403
       28404
       28405
       28406
       28407
       28408
       28409
       28410
       28411
       28412
       28413
       28888
       28889
       28890
       28891
       28892
       28893
       28894
       28895
       28896
       28897
       28898
       28899
       28900
       28901
       28902
       28903
       29377
       29378
       29379
       29380
       29381
       29382
       29383
       29384
       29385
       29386
       29387
       29388
       29389
       29390
       29391
       29392
       29393
       29866
       29867
       29868
       29869
       29870
       29871
       29872
       29873
       29874
       29875
       29876
       29877
       29878
       29879
       29880
       29881
       29882
       29883
       30355
       30356
       30357
       30358
       30359
       30360
       30361
       30362
       30363
       30364
       30365
       30366
       30367
       30368
       30369
       30370
       30371
       30843
       30844
       30845
       30846
       30847
       30848
       30849
       30850
       30851
       30852
       30853
       30854
       30855
       30856
       30857
       30858
       30859
       30860
       31332
       31333
       31334
       31335
       31336
       31337
       31338
       31339
       31340
       31341
       31342
       31343
       31344
       31345
       31346
       31347
       31348
       31349
       31821
       31822
       31823
       31824
       31825
       31826
       31827
       31828
       31829
       31830
       31831
       31832
       31833
       31834
       31835
       31836
       31837
       32309
       32310
       32311
       32312
       32313
       32314
       32315
       32316
       32317
       32318
       32319
       32320
       32321
       32322
       32323
       32324
       32325
       32326
       32798
       32799
       32800
       32801
       32802
       32803
       32804
       32805
       32806
       32807
       32808
       32809
       32810
       32811
       32812
       32813
       32814
       32815
       33286
       33287
       33288
       33289
       33290
       33291
       33292
       33293
       33294
       33295
       33296
       33297
       33298
       33299
       33300
       33301
       33302
       33303
       33774
       33775
       33776
       33777
       33778
       33779
       33780
       33781
       33782
       33783
       33784
       33785
       33786
       33787
       33788
       33789
       33790
       33791
       33792
       34263
       34264
       34265
       34266
       34267
       34268
       34269
       34270
       34271
       34272
       34273
       34274
       34275
       34276
       34277
       34278
       34279
       34280
       34751
       34752
       34753
       34754
       34755
       34756
       34757
       34758
       34759
       34760
       34761
       34762
       34763
       34764
       34765
       34766
       34767
       34768
       34769
       35240
       35241
       35242
       35243
       35244
       35245
       35246
       35247
       35248
       35249
       35250
       35251
       35252
       35253
       35254
       35255
       35256
       35257
       35258
       35728
       35729
       35730
       35731
       35732
       35733
       35734
       35735
       35736
       35737
       35738
       35739
       35740
       35741
       35742
       35743
       35744
       35745
       35746
       36215
       36218
       36219
       36220
       36221
       36222
       36223
       36224
       36225
       36226
       36227
       36228
       36229
       36230
       36231
       36232
       36233
       36234
       36235
       36712
       36713
       36714
       36715
       36716
       36717
       36718
       36719
       36720
       36721
       36722
       36723
       36724
       37207
       37208
       37209
       37210
       37211
       37212
       37700
       37701
