         827
      134045
      134046
      134532
      134533
      135019
      135506
      135509
      135994
      135995
      136970
      136973
      136979
      136981
      137458
      137459
      137460
      137461
      137462
      137466
      137476
      137477
      137945
      137946
      137965
      138431
      138433
      138434
      138454
      138919
      138943
      138944
      138954
      139406
      139407
      139410
      139428
      139429
      139430
      139431
      139432
      139438
      139439
      139440
      139441
      139894
      139899
      139900
      139916
      139931
      139408
      139409
      139895
      139896
      139897
      139898
      140383
      140384
      140385
      140386
      140872
      140873
      140874
      141359
      141360
      141361
      141848
      141849
      142335
      142336
      142824
      143312
      143800
      143801
      144288
      144289
      144290
      144777
      144778
      144779
      145266
      145267
      145268
      145754
      145755
      145756
      146242
      146243
      146244
      146245
      146731
      146732
      146733
      147219
      147220
      147707
      147708
      147709
      148196
      148197
      148684
      148685
      149173
      149174
      139442
      139932
      140403
      140404
      141377
      141403
      141864
      141891
      142352
      142376
      142377
      142845
      142846
      142847
      142848
      142849
      142861
      142862
      142863
      142864
      143342
      143343
      143344
      143345
      143346
      143347
      143348
      143349
      143350
      143351
      143822
      143827
      143828
      143829
      143830
      143831
      143832
      143833
      143834
      143835
      143836
      143837
      143838
      143839
      143840
      143841
      144313
      144314
      144328
      144329
      144330
      144803
      144817
      144818
      145293
      145294
      145308
      145783
      145784
      145785
      146276
      146277
      146278
      146770
      146771
      146772
      146773
      146774
      149694
      150677
      140387
      140875
      141847
      142337
      142338
      144780
      145269
      146730
      146741
      146742
      146743
      147222
      147223
      147228
      147234
      147710
      147716
      148199
      148688
      148705
      148706
      149669
      150157
      150640
      151134
      152111
      153093
      139915
      140402
      141376
      142378
      142841
      142842
      142843
      142844
      143339
      143340
      143341
      143352
      143821
      143825
      143826
      144311
      144312
      144802
      144819
      145292
      145782
      146273
      146274
      146275
      146767
      146768
      146769
      146775
      147251
      147252
      147253
      147254
      147740
      147741
      147742
      147743
      147744
      148231
      148707
      148724
      148725
      148726
      149200
      149695
      149707
      150186
      150678
      151170
      151661
      153121
      131137
      131622
      131623
      131624
      131625
      131626
      131627
      131628
      132109
      132110
      132111
      132112
      132113
      132114
      132115
      132116
      132117
      132118
      132597
      132598
      132599
      132600
      132601
      132602
      132603
      132604
      132605
      132606
      133084
      133085
      133086
      133087
      133088
      133089
      133090
      133091
      133092
      133093
      133094
      133095
      133096
      133562
      133563
      133564
      133565
      133566
      133567
      133568
      133569
      133570
      133571
      133572
      133573
      133574
      133575
      133576
      133577
      133578
      133579
      133580
      133581
      133582
      133583
      133584
      133585
      133586
      134047
      134048
      134049
      134050
      134051
      134052
      134053
      134054
      134055
      134056
      134057
      134058
      134059
      134060
      134061
      134062
      134063
      134064
      134065
      134066
      134067
      134068
      134069
      134070
      134071
      134072
      134073
      134074
      134075
      134534
      134535
      134536
      134537
      134538
      134539
      134540
      134541
      134542
      134543
      134544
      134545
      134546
      134547
      134548
      134549
      134550
      134551
      134552
      134553
      134554
      134555
      134556
      134557
      134558
      134559
      134560
      135020
      135021
      135022
      135023
      135024
      135025
      135026
      135027
      135028
      135029
      135030
      135031
      135032
      135033
      135034
      135035
      135036
      135037
      135038
      135039
      135040
      135041
      135042
      135043
      135044
      135045
      135046
      135047
      135048
      135049
      135507
      135508
      135510
      135511
      135512
      135513
      135514
      135515
      135516
      135517
      135518
      135519
      135520
      135521
      135522
      135523
      135524
      135525
      135526
      135527
      135528
      135529
      135530
      135531
      135532
      135533
      135534
      135535
      135996
      135997
      135998
      135999
      136000
      136001
      136002
      136003
      136004
      136005
      136006
      136007
      136008
      136009
      136010
      136011
      136012
      136013
      136014
      136015
      136016
      136017
      136018
      136019
      136020
      136021
      136022
      136023
      136482
      136483
      136484
      136485
      136486
      136487
      136488
      136489
      136490
      136491
      136492
      136493
      136494
      136495
      136496
      136497
      136498
      136499
      136500
      136501
      136502
      136503
      136504
      136505
      136506
      136507
      136508
      136509
      136510
      136511
      136512
      136971
      136972
      136974
      136975
      136976
      136977
      136978
      136980
      136985
      136986
      136987
      136988
      136989
      136990
      136991
      136992
      136993
      136994
      136995
      136996
      136997
      136998
      136999
      137000
      137001
      137002
      137463
      137464
      137465
      137478
      137479
      137480
      137481
      137482
      137483
      137484
      137485
      137486
      137487
      137488
      137489
      137490
      137491
      137492
      137493
      137966
      137967
      137968
      137969
      137970
      137971
      137972
      137973
      137974
      137975
      137976
      137977
      137978
      138432
      138455
      138456
      138457
      138458
      138459
      138460
      138461
      138462
      138463
      138464
      138465
      138466
      138467
      138920
      138921
      138945
      138946
      138947
      138948
      138949
      138950
      138951
      138952
      138953
      139433
      139434
      139435
      139436
      139437
      139917
      139918
      139919
      139920
      139921
      139922
      139923
      139924
      139925
      139926
      139927
      139928
      139929
      139930
      126244
      129184
      129671
      130160
      130648
      131135
      131621
      132107
      132592
      132593
      132594
      132595
      133077
      133078
      133079
      133080
      133081
      133082
      133083
      135051
      135536
      135537
      135538
      135539
      136024
      136513
      136984
      137475
      137963
      137964
      137979
      137980
      137981
      138452
      138453
      138468
      138941
      138942
      138955
      138956
      139443
      139933
      139934
      140422
      140423
      140891
      140905
      141865
      141889
      141890
      142353
      142375
      142850
      142853
      142854
      142855
      142856
      142857
      142858
      142859
      142860
      145303
      145304
      145305
      145307
      145786
      145787
      145797
      146279
      146284
      146286
      140405
      140406
      140407
      140408
      140409
      140410
      140411
      140412
      140413
      140414
      140415
      140416
      140417
      140418
      140419
      140420
      140421
      140892
      140893
      140894
      140895
      140896
      140897
      140898
      140899
      140900
      140901
      140902
      140903
      140904
      140906
      140907
      140908
      140909
      140910
      140911
      140912
      141378
      141379
      141380
      141381
      141382
      141383
      141384
      141385
      141386
      141387
      141388
      141389
      141390
      141391
      141392
      141393
      141394
      141395
      141396
      141397
      141398
      141399
      141400
      141401
      141402
      141866
      141867
      141868
      141869
      141870
      141871
      141872
      141873
      141874
      141875
      141876
      141877
      141878
      141879
      141880
      141881
      141882
      141883
      141884
      141885
      141886
      141887
      141888
      142354
      142355
      142356
      142357
      142358
      142359
      142360
      142361
      142362
      142363
      142364
      142365
      142366
      142367
      142368
      142369
      142370
      142371
      142372
      142373
      142374
      142851
      142852
      144315
      144316
      144317
      144318
      144319
      144320
      144321
      144322
      144323
      144324
      144325
      144326
      144327
      144804
      144805
      144806
      144807
      144808
      144809
      144810
      144811
      144812
      144813
      144814
      144815
      144816
      145295
      145296
      145297
      145298
      145299
      145300
      145301
      145302
      145306
      145788
      145789
      145790
      145791
      145792
      145793
      145794
      145795
      145796
      146280
      146281
      146282
      146283
      146285
      140424
      140913
      141892
      142379
      142865
      143353
      143842
      144331
