        7504
       83683
       83684
       83685
       83686
       83687
       83688
       83689
       84172
       84173
       84174
       84175
       84176
       84177
       84178
       84179
       84180
       84181
       84182
       84183
       84184
       84185
       84186
       84187
       84188
       84661
       84662
       84663
       84664
       84665
       84666
       84667
       84668
       84669
       84670
       84671
       84672
       84673
       84674
       84675
       84676
       84677
       84678
       84679
       84680
       84681
       84682
       84683
       84684
       85150
       85151
       85152
       85153
       85154
       85155
       85156
       85157
       85158
       85159
       85160
       85161
       85162
       85163
       85164
       85165
       85166
       85167
       85168
       85169
       85170
       85171
       85172
       85173
       85174
       85175
       85176
       85177
       85178
       85179
       85638
       85639
       85641
       85642
       85643
       85644
       85645
       85646
       85647
       85648
       85649
       85650
       85651
       85652
       85653
       85654
       85655
       85656
       85657
       85658
       85659
       85660
       85661
       85662
       85663
       85664
       85665
       85666
       85667
       85668
       85669
       85670
       85671
       85672
       85673
       86127
       86131
       86132
       86133
       86134
       86135
       86136
       86137
       86138
       86139
       86140
       86141
       86142
       86143
       86144
       86145
       86146
       86147
       86148
       86149
       86150
       86151
       86152
       86153
       86154
       86155
       86156
       86157
       86158
       86159
       86160
       86162
       86615
       86616
       86619
       86620
       86621
       86622
       86623
       86624
       86625
       86626
       86627
       86628
       86629
       86630
       86631
       86632
       86633
       86634
       86635
       86636
       86637
       86638
       86639
       86640
       86641
       86642
       86643
       86644
       86645
       86646
       86647
       86648
       86649
       86650
       86651
       87104
       87105
       87108
       87109
       87110
       87111
       87112
       87113
       87114
       87115
       87116
       87117
       87118
       87119
       87120
       87121
       87122
       87123
       87124
       87125
       87126
       87127
       87128
       87129
       87130
       87131
       87132
       87133
       87134
       87135
       87136
       87137
       87138
       87139
       87594
       87597
       87598
       87599
       87600
       87601
       87602
       87603
       87604
       87605
       87606
       87607
       87608
       87609
       87610
       87611
       87612
       87613
       87614
       87615
       87616
       87617
       87618
       87619
       87620
       87621
       87622
       87623
       87624
       87625
       87626
       87627
       87628
       88086
       88087
       88088
       88089
       88090
       88091
       88092
       88093
       88094
       88095
       88096
       88097
       88098
       88099
       88100
       88101
       88102
       88103
       88104
       88105
       88106
       88107
       88108
       88109
       88110
       88111
       88112
       88113
       88114
       88115
       88116
       88117
       88575
       88576
       88577
       88578
       88579
       88580
       88581
       88582
       88583
       88584
       88585
       88586
       88587
       88588
       88589
       88590
       88591
       88592
       88593
       88594
       88595
       88596
       88597
       88598
       88599
       88600
       88601
       88602
       88603
       88604
       88605
       89063
       89064
       89065
       89066
       89067
       89068
       89069
       89070
       89071
       89072
       89073
       89074
       89075
       89076
       89077
       89078
       89079
       89080
       89081
       89082
       89083
       89084
       89085
       89086
       89087
       89088
       89089
       89090
       89091
       89092
       89093
       89094
       89552
       89553
       89554
       89555
       89556
       89557
       89558
       89559
       89560
       89561
       89562
       89563
       89564
       89565
       89566
       89567
       89568
       89569
       89570
       89571
       89572
       89573
       89574
       89575
       89576
       89577
       89578
       89579
       89580
       89581
       90041
       90042
       90043
       90044
       90045
       90046
       90047
       90048
       90049
       90050
       90051
       90052
       90053
       90054
       90055
       90056
       90057
       90058
       90059
       90060
       90061
       90062
       90063
       90064
       90065
       90066
       90067
       90068
       90069
       90070
       90530
       90531
       90532
       90533
       90534
       90535
       90536
       90537
       90538
       90539
       90540
       90541
       90542
       90543
       90544
       90545
       90546
       90547
       90548
       90549
       90550
       90551
       90552
       90553
       90554
       90556
       90557
       90559
       91019
       91020
       91021
       91022
       91023
       91024
       91025
       91026
       91027
       91028
       91029
       91030
       91031
       91032
       91033
       91034
       91035
       91036
       91037
       91038
       91039
       91040
       91041
       91042
       91044
       91045
       91047
       91049
       91507
       91508
       91509
       91510
       91511
       91512
       91513
       91514
       91515
       91516
       91517
       91518
       91519
       91520
       91521
       91522
       91523
       91524
       91525
       91526
       91527
       91528
       91529
       91530
       91531
       91532
       91534
       91536
       91537
       91996
       91999
       92000
       92001
       92002
       92003
       92004
       92005
       92006
       92007
       92008
       92009
       92010
       92011
       92012
       92013
       92014
       92015
       92016
       92017
       92018
       92019
       92020
       92022
       92024
       92025
       92485
       92488
       92489
       92490
       92491
       92492
       92493
       92494
       92495
       92496
       92497
       92498
       92499
       92500
       92501
       92502
       92503
       92504
       92505
       92506
       92507
       92508
       92509
       92510
       92512
       92974
       92977
       92978
       92979
       92980
       92981
       92982
       92983
       92984
       92985
       92986
       92987
       92988
       92989
       92990
       92991
       92992
       92993
       92994
       92995
       92996
       92997
       92998
       92999
       93466
       93467
       93468
       93469
       93470
       93471
       93472
       93473
       93474
       93475
       93476
       93477
       93478
       93479
       93480
       93481
       93482
       93483
       93484
       93485
       93486
       93487
       93955
       93956
       93957
       93958
       93959
       93960
       93961
       93962
       93963
       93964
       93965
       93966
       93967
       93968
       93969
       93970
       93971
       93972
       93973
       93974
       93975
       94445
       94446
       94447
       94448
       94449
       94450
       94451
       94452
       94453
       94456
       94457
       94458
       94459
       94460
       94461
       94463
       94464
       94934
       94935
       94936
       94937
       94938
       94939
       94940
       94942
       94943
       94944
       94945
       94946
       94947
       94949
       94950
       94951
       94952
       95423
       95424
       95425
       95426
       95427
       95428
       95429
       95430
       95431
       95432
       95436
       95437
       95438
       95912
       95913
       95914
       95915
       95916
       95918
       95919
       95921
       95922
       95923
       95924
       95927
       96400
       96401
       96402
       96403
       96404
       96405
       96406
       96407
       96408
       96410
       96411
       96412
       96414
       96875
       96889
       96890
       96891
       96892
       96893
       96894
       96895
       96897
       96898
       96899
       96901
       96902
       96903
       97378
       97379
       97380
       97381
       97382
       97383
       97384
       97386
       97387
       97389
       97390
       97867
       97868
       97869
       97870
       97871
       97872
       97873
       97875
       97876
       97877
       97878
       98356
       98358
       98359
       98360
       98363
       98365
       98366
       98372
       98844
       98845
       98847
       98848
       98849
       99333
       99334
       99335
       99336
       99340
       99341
       99347
       99348
       99349
       99823
       99824
       99827
       99828
       99836
       99837
      100311
      100325
      100813
      101300
      101301
      101788
       93976
       94959
       95447
       95448
       95449
       95935
       95936
       96422
       96423
       96424
       96425
       96426
       96429
       96909
       96911
       96912
       96913
       96914
       96915
       97397
       97398
       97403
       97404
       97885
       97886
       97888
       97889
       97890
       97891
       97892
       97893
       97894
       98373
       98374
       98375
       98376
       98377
       98378
       98379
       98380
       98381
       98382
       98861
       98862
       98863
       98864
       98865
       98866
       98867
       98868
       98869
       98870
       98871
       98872
       99350
       99351
       99352
       99353
       99354
       99355
       99356
       99357
       99358
       99359
       99360
       99361
       99838
       99840
       99841
       99842
       99843
       99844
       99845
       99846
       99847
       99848
       99849
       99850
       99851
      100326
      100327
      100328
      100329
      100330
      100331
      100332
      100333
      100334
      100335
      100336
      100337
      100338
      100339
      100340
      100341
      100814
      100815
      100816
      100817
      100818
      100819
      100820
      100821
      100822
      100823
      100824
      100825
      100826
      100827
      100828
      100829
      100830
      100831
      101304
      101305
      101306
      101307
      101308
      101309
      101310
      101311
      101312
      101313
      101314
      101315
      101316
      101317
      101318
      101319
      101320
      101321
      101789
      101790
      101791
      101792
      101794
      101795
      101796
      101797
      101798
      101799
      101801
      101802
      101803
      101804
      101805
      101806
      101807
      101808
      101809
      101810
      101811
      101812
      102278
      102279
      102280
      102281
      102282
      102283
      102284
      102285
      102286
      102287
      102288
      102289
      102290
      102291
      102292
      102293
      102294
      102295
      102296
      102297
      102298
      102299
      102300
      102301
      102302
      102303
      102304
      102764
      102765
      102766
      102767
      102768
      102769
      102770
      102771
      102772
      102773
      102774
      102775
      102776
      102777
      102778
      102779
      102780
      102781
      102782
      102783
      102784
      102785
      102786
      102787
      102788
      102789
      102790
      102791
      102792
      102793
      102794
      102795
      102796
      102797
      102798
      103251
      103253
      103254
      103255
      103257
      103258
      103259
      103260
      103261
      103262
      103263
      103264
      103265
      103266
      103267
      103268
      103269
      103270
      103271
      103272
      103273
      103274
      103275
      103276
      103277
      103278
      103279
      103280
      103281
      103282
      103283
      103284
      103285
      103286
      103287
      103288
      103289
      103290
      103291
      103292
      103293
      103294
      103295
      103296
      103297
      103298
      103299
      103300
      103301
      103302
      103738
      103742
      103743
      103744
      103745
      103746
      103747
      103748
      103749
      103750
      103751
      103752
      103753
      103754
      103758
      103759
      103760
      103761
      103762
      103763
      103764
      103765
      103766
      103767
      103768
      103769
      103770
      103771
      103772
      103773
      103774
      103775
      103776
      103777
      103778
      103779
      103780
      103781
      103782
      103783
      103784
      103785
      103786
      103787
      103788
      103789
      103790
      103791
      104236
      104237
      104238
      104239
      104240
      104241
      104247
      104248
      104249
      104250
      104251
      104252
      104253
      104254
      104255
      104256
      104257
      104258
      104259
      104260
      104261
      104262
      104263
      104264
      104265
      104266
      104267
      104268
      104269
      104270
      104271
      104272
      104273
      104274
      104275
      104276
      104277
      104278
      104279
      104280
      104735
      104736
      104737
      104738
      104739
      104740
      104741
      104742
      104743
      104744
      104745
      104746
      104747
      104748
      104749
      104750
      104751
      104752
      104753
      104754
      104755
      104756
      104757
      104758
      104759
      104760
      104761
      104762
      104763
      104764
      104765
      104766
      104767
      104768
      104769
      105223
      105224
      105225
      105226
      105227
      105228
      105229
      105230
      105231
      105232
      105233
      105234
      105235
      105236
      105237
      105238
      105239
      105240
      105241
      105242
      105243
      105244
      105245
      105246
      105247
      105248
      105249
      105250
      105251
      105252
      105253
      105254
      105255
      105256
      105257
      105258
      105713
      105714
      105715
      105716
      105717
      105718
      105719
      105720
      105721
      105722
      105723
      105724
      105725
      105726
      105727
      105728
      105729
      105730
      105731
      105732
      105733
      105734
      105735
      105736
      105737
      105738
      105739
      105740
      105741
      106203
      106204
      106205
      106206
      106207
      106208
      106209
      106210
      106211
      106212
      106213
      106214
      106215
      106216
      106217
      106218
      106219
      106220
      106221
      106222
      106223
      106224
      106694
      106695
      106696
      106697
      106698
      106699
      106700
      106701
      106702
      106703
      106704
      106705
      106706
      106707
      106708
      106709
      106710
      107184
      107185
      107186
      107187
      107188
      107189
      107190
      107191
      107192
      107193
      107194
      107195
      107196
      107197
      107674
      107675
      107676
      107677
      107678
      107679
      107680
      107681
      107682
      107683
      107684
      108164
      108165
      108166
      108167
      108168
      108169
      108170
      108171
      108654
      108655
      108656
      108657
      108658
      108659
      109144
      109145
      109146
      109147
      109634
      109635
      110123
      110124
      101834
      101835
      101836
      101837
      101838
      101839
      101840
      101841
      101842
      101843
      101844
      101845
      101846
      101847
      101848
      102323
      102324
      102325
      102326
      102327
      102328
      102329
      102330
      102331
      102332
      102333
      102334
      102335
      102336
      102812
      102813
      102814
      102815
      102816
      102817
      102818
      102819
      102820
      102821
      102822
      102823
      102824
      102825
      103303
      103304
      103305
      103306
      103307
      103308
      103309
      103310
      103311
      103312
      103313
      103314
      103792
      103793
      103794
      103795
      103796
      103797
      103798
      103799
      103800
      103801
      103802
      103803
      104281
      104282
      104283
      104284
      104285
      104286
      104287
      104288
      104289
      104290
      104291
      104292
      104770
      104771
      104772
      104773
      104774
      104775
      104776
      104777
      104778
      104779
      104780
      104781
      105259
      105260
      105261
      105262
      105263
      105264
      105265
      105266
      105267
      105268
      105269
      105270
      105746
      105747
      105748
      105749
      105750
      105751
      105752
      105753
      105754
      105755
      105756
      105757
      105758
      105759
      106235
      106236
      106237
      106238
      106239
      106240
      106241
      106242
      106243
      106244
      106245
      106246
      106247
      106248
      106724
      106725
      106726
      106727
      106728
      106729
      106730
      106731
      106732
      106733
      106734
      106735
      106736
      106737
      106738
      107213
      107214
      107215
      107216
      107217
      107218
      107219
      107220
      107221
      107222
      107223
      107224
      107225
      107226
      107227
      107702
      107703
      107704
      107705
      107706
      107707
      107708
      107709
      107710
      107711
      107712
      107713
      107714
      107715
      107716
      107717
      108191
      108192
      108193
      108194
      108195
      108196
      108197
      108198
      108199
      108200
      108201
      108202
      108203
      108204
      108205
      108206
      108680
      108681
      108682
      108683
      108684
      108685
      108686
      108687
      108688
      108689
      108690
      108691
      108692
      108693
      108694
      108695
      108696
      109169
      109170
      109171
      109172
      109173
      109174
      109175
      109176
      109177
      109178
      109179
      109180
      109181
      109182
      109183
      109184
      109185
      109664
      109665
      109666
      109667
      109668
      109669
      109670
      109671
      109672
      109673
      109674
      109675
      110158
      110159
      110160
      110161
      110162
      110163
      110164
      110651
      110652
      110653
      110654
       93006
       93007
       93008
       93009
       93010
       93011
       93012
       93013
       93014
       93015
       93016
       93017
       93018
       93019
       93020
       93021
       93022
       93023
       93024
       93025
       93026
       93027
       93028
       93029
       93030
       93031
       93032
       93033
       93497
       93498
       93499
       93500
       93501
       93502
       93503
       93504
       93505
       93506
       93507
       93508
       93509
       93510
       93511
       93512
       93513
       93514
       93515
       93516
       93517
       93518
       93519
       93520
       93521
       93522
       93983
       93985
       93986
       93987
       93988
       93989
       93990
       93991
       93992
       93993
       93994
       93995
       93996
       93997
       93998
       93999
       94000
       94001
       94002
       94003
       94004
       94005
       94006
       94007
       94008
       94009
       94010
       94011
       94471
       94472
       94473
       94474
       94475
       94476
       94477
       94478
       94479
       94480
       94481
       94482
       94483
       94484
       94485
       94486
       94487
       94488
       94489
       94490
       94491
       94492
       94493
       94494
       94495
       94496
       94497
       94498
       94499
       94500
       94960
       94961
       94962
       94963
       94964
       94965
       94966
       94967
       94968
       94969
       94970
       94971
       94972
       94973
       94974
       94975
       94976
       94977
       94978
       94979
       94980
       94981
       94982
       94983
       94984
       94985
       94986
       94987
       94988
       94989
       95450
       95451
       95452
       95453
       95454
       95455
       95456
       95457
       95458
       95459
       95460
       95461
       95462
       95463
       95464
       95465
       95466
       95467
       95468
       95469
       95470
       95471
       95472
       95473
       95474
       95475
       95476
       95477
       95478
       95939
       95940
       95941
       95942
       95943
       95944
       95945
       95946
       95947
       95948
       95949
       95950
       95951
       95952
       95953
       95954
       95955
       95956
       95957
       95958
       95959
       95960
       95961
       95962
       95963
       95964
       95965
       95966
       95967
       96427
       96428
       96430
       96431
       96432
       96433
       96434
       96435
       96436
       96437
       96438
       96439
       96440
       96441
       96442
       96443
       96444
       96445
       96446
       96447
       96448
       96449
       96450
       96451
       96452
       96453
       96454
       96455
       96456
       96916
       96917
       96918
       96919
       96920
       96921
       96922
       96923
       96924
       96925
       96926
       96927
       96928
       96929
       96930
       96931
       96932
       96933
       96934
       96935
       96936
       96937
       96938
       96939
       96940
       96941
       96942
       96943
       96944
       96945
       97405
       97406
       97407
       97408
       97409
       97410
       97411
       97412
       97413
       97414
       97415
       97416
       97417
       97418
       97419
       97420
       97421
       97422
       97423
       97424
       97425
       97426
       97427
       97428
       97429
       97430
       97431
       97432
       97433
       97434
       97895
       97896
       97897
       97898
       97899
       97900
       97901
       97902
       97903
       97904
       97905
       97906
       97907
       97908
       97909
       97910
       97911
       97912
       97913
       97914
       97915
       97916
       97917
       97918
       97919
       97920
       97921
       97922
       97923
       98383
       98384
       98385
       98386
       98387
       98388
       98389
       98390
       98391
       98392
       98393
       98394
       98395
       98396
       98397
       98398
       98399
       98400
       98401
       98402
       98403
       98404
       98405
       98406
       98407
       98408
       98409
       98410
       98411
       98412
       98873
       98874
       98875
       98876
       98877
       98878
       98879
       98880
       98881
       98882
       98883
       98884
       98885
       98886
       98887
       98888
       98889
       98890
       98891
       98892
       98893
       98894
       98895
       98896
       98897
       98898
       98899
       98900
       98901
       99362
       99363
       99364
       99365
       99366
       99367
       99368
       99369
       99370
       99371
       99372
       99373
       99374
       99375
       99376
       99377
       99378
       99379
       99380
       99381
       99382
       99383
       99384
       99385
       99386
       99387
       99388
       99389
       99390
       99852
       99853
       99854
       99855
       99856
       99857
       99858
       99859
       99860
       99861
       99862
       99863
       99864
       99865
       99866
       99867
       99868
       99869
       99870
       99871
       99872
       99873
       99874
       99875
       99876
       99877
       99878
       99879
      100342
      100343
      100344
      100345
      100346
      100347
      100348
      100349
      100350
      100351
      100352
      100353
      100354
      100355
      100356
      100357
      100358
      100359
      100360
      100361
      100362
      100363
      100364
      100365
      100366
      100367
      100368
      100832
      100833
      100834
      100835
      100836
      100837
      100838
      100839
      100840
      100841
      100842
      100843
      100844
      100845
      100846
      100847
      100848
      100849
      100850
      100851
      100852
      100853
      100854
      100855
      100856
      100857
      101322
      101323
      101324
      101325
      101326
      101327
      101328
      101329
      101330
      101331
      101332
      101333
      101334
      101335
      101336
      101337
      101338
      101339
      101340
      101341
      101342
      101343
      101344
      101345
      101346
      101813
      101814
      101815
      101816
      101817
      101818
      101819
      101820
      101821
      101822
      101823
      101824
      101825
      101826
      101827
      101828
      101829
      101830
      101831
      101832
      101833
      102305
      102306
      102307
      102308
      102309
      102310
      102311
      102312
      102313
      102314
      102315
      102316
      102317
      102318
      102319
      102320
      102321
      102322
      102799
      102800
      102801
      102802
      102803
      102804
      102805
      102806
      102807
      102808
      102809
      102810
      102811
      105742
      105743
      105744
      105745
      106225
      106226
      106227
      106228
      106229
      106230
      106231
      106232
      106233
      106234
      106711
      106712
      106713
      106714
      106715
      106716
      106717
      106718
      106719
      106720
      106721
      106722
      106723
      107198
      107199
      107200
      107201
      107202
      107203
      107204
      107205
      107206
      107207
      107208
      107209
      107210
      107211
      107212
      107685
      107686
      107687
      107688
      107689
      107690
      107691
      107692
      107693
      107694
      107695
      107696
      107697
      107698
      107699
      107700
      107701
      108172
      108173
      108174
      108175
      108176
      108177
      108178
      108179
      108180
      108181
      108182
      108183
      108184
      108185
      108186
      108187
      108188
      108189
      108190
      108660
      108661
      108662
      108663
      108664
      108665
      108666
      108667
      108668
      108669
      108670
      108671
      108672
      108673
      108674
      108675
      108676
      108677
      108678
      108679
      109148
      109149
      109150
      109151
      109152
      109153
      109154
      109155
      109156
      109157
      109158
      109159
      109160
      109161
      109162
      109163
      109164
      109165
      109166
      109167
      109168
      109636
      109637
      109638
      109639
      109640
      109641
      109642
      109643
      109644
      109645
      109646
      109647
      109648
      109649
      109650
      109651
      109652
      109653
      109654
      109655
      109656
      109657
      109658
      109659
      110125
      110126
      110127
      110128
      110129
      110130
      110131
      110132
      110133
      110134
      110135
      110136
      110137
      110138
      110139
      110140
      110141
      110142
      110143
      110144
      110145
      110146
      110147
      110148
      110613
      110614
      110615
      110616
      110617
      110618
      110619
      110620
      110621
      110622
      110623
      110624
      110625
      110626
      110627
      110628
      110629
      110630
      110631
      110632
      110633
      110634
      110635
      110636
      110637
      111102
      111103
      111104
      111105
      111106
      111107
      111108
      111109
      111110
      111111
      111112
      111113
      111114
      111115
      111116
      111117
      111118
      111119
      111120
      111121
      111122
      111123
      111124
      111125
      111126
      111591
      111592
      111593
      111594
      111595
      111596
      111597
      111598
      111599
      111600
      111601
      111602
      111603
      111604
      111605
      111606
      111607
      111608
      111609
      111610
      111611
      111612
      111613
      111614
      111615
      112080
      112081
      112082
      112083
      112084
      112085
      112086
      112087
      112088
      112089
      112090
      112091
      112092
      112093
      112094
      112095
      112096
      112097
      112098
      112099
      112100
      112101
      112102
      112103
      112104
      112569
      112570
      112571
      112572
      112573
      112574
      112575
      112576
      112577
      112578
      112579
      112580
      112581
      112582
      112583
      112584
      112585
      112586
      112587
      112588
      112589
      112590
      112591
      112592
      112593
      113058
      113059
      113060
      113061
      113062
      113063
      113064
      113065
      113066
      113067
      113068
      113069
      113070
      113071
      113072
      113073
      113074
      113075
      113076
      113077
      113078
      113079
      113080
      113081
      113082
      113547
      113548
      113549
      113550
      113551
      113552
      113553
      113554
      113555
      113556
      113557
      113558
      113559
      113560
      113561
      113562
      113563
      113564
      113565
      113566
      113567
      113568
      113569
      113570
      113571
      114036
      114037
      114038
      114039
      114040
      114041
      114042
      114043
      114044
      114045
      114046
      114047
      114048
      114049
      114050
      114051
      114052
      114053
      114054
      114055
      114056
      114057
      114058
      114059
      114060
      114525
      114526
      114527
      114528
      114529
      114530
      114531
      114532
      114533
      114534
      114535
      114536
      114537
      114538
      114539
      114540
      114541
      114542
      114543
      114544
      114545
      114546
      114547
      114548
      114549
      115014
      115015
      115016
      115017
      115018
      115019
      115020
      115021
      115022
      115023
      115024
      115025
      115026
      115027
      115028
      115029
      115030
      115031
      115032
      115033
      115034
      115035
      115036
      115037
      115038
      115504
      115505
      115506
      115507
      115508
      115509
      115510
      115511
      115512
      115513
      115514
      115515
      115516
      115517
      115518
      115519
      115520
      115521
      115522
      115523
      115524
      115525
      115526
      115527
      115993
      115994
      115995
      115996
      115997
      115998
      115999
      116000
      116001
      116002
      116003
      116004
      116005
      116006
      116007
      116008
      116009
      116010
      116011
      116012
      116013
      116014
      116015
      116016
      116482
      116483
      116484
      116485
      116486
      116487
      116488
      116489
      116490
      116491
      116492
      116493
      116494
      116495
      116496
      116497
      116498
      116499
      116500
      116501
      116502
      116503
      116504
      116505
      116971
      116972
      116973
      116974
      116975
      116976
      116977
      116978
      116979
      116980
      116981
      116982
      116983
      116984
      116985
      116986
      116987
      116988
      116989
      116990
      116991
      116992
      116993
      116994
      117460
      117461
      117462
      117463
      117464
      117465
      117466
      117467
      117468
      117469
      117470
      117471
      117472
      117473
      117474
      117475
      117476
      117477
      117478
      117479
      117480
      117481
      117482
      117483
      117949
      117950
      117951
      117952
      117953
      117954
      117962
      117963
      117964
      117965
      117966
      117967
      117968
      117970
      117971
      117972
      118438
      119928
      120415
      120416
      120417
       79830
       80318
       80319
       80806
       80807
       80808
       81294
       81295
       81296
       81297
       81782
       81783
       81784
       81785
       81786
       82270
       82271
       82272
       82273
       82274
       82275
       82758
       82759
       82760
       82761
       82762
       82763
       82764
       83247
       83248
       83249
       83250
       83251
       83252
       83253
       83734
       83735
       83736
       83737
       83738
       83739
       83740
       83741
       83742
       84223
       84224
       84225
       84226
       84227
       84228
       84229
       84230
       84231
       84710
       84711
       84712
       84713
       84714
       84715
       84716
       84717
       84718
       84719
       84720
       85198
       85199
       85200
       85201
       85202
       85203
       85204
       85205
       85206
       85207
       85208
       85209
       85686
       85687
       85688
       85689
       85690
       85691
       85692
       85693
       85694
       85695
       85696
       85697
       85698
       86174
       86175
       86177
       86178
       86179
       86180
       86181
       86182
       86183
       86184
       86185
       86186
       86187
       86661
       86662
       86663
       86664
       86665
       86666
       86667
       86668
       86669
       86670
       86671
       86672
       86673
       86674
       86675
       86676
       87150
       87151
       87152
       87153
       87154
       87155
       87156
       87157
       87158
       87159
       87160
       87161
       87162
       87163
       87164
       87165
       87638
       87639
       87640
       87641
       87643
       87644
       87645
       87646
       87647
       87648
       87649
       87650
       87651
       87652
       87653
       87654
       88126
       88127
       88128
       88129
       88130
       88132
       88133
       88134
       88135
       88136
       88137
       88138
       88139
       88140
       88141
       88142
       88143
       88614
       88615
       88616
       88617
       88618
       88619
       88620
       88621
       88622
       88623
       88624
       88625
       88626
       88627
       88628
       88629
       88630
       88631
       88632
       89102
       89103
       89104
       89105
       89106
       89108
       89109
       89110
       89111
       89112
       89113
       89114
       89115
       89116
       89117
       89118
       89119
       89120
       89121
       89591
       89593
       89594
       89595
       89597
       89598
       89599
       89600
       89601
       89602
       89603
       89604
       89605
       89606
       89607
       89608
       89609
       89610
       90078
       90079
       90080
       90081
       90082
       90083
       90084
       90085
       90086
       90087
       90088
       90089
       90090
       90091
       90092
       90093
       90094
       90095
       90096
       90097
       90098
       90099
       90566
       90567
       90568
       90569
       90570
       90571
       90572
       90573
       90574
       90575
       90576
       90577
       90578
       90579
       90580
       90581
       90582
       90583
       90584
       90585
       90586
       90587
       90588
       91055
       91056
       91057
       91058
       91059
       91060
       91061
       91062
       91063
       91064
       91065
       91066
       91067
       91068
       91069
       91070
       91071
       91072
       91073
       91074
       91075
       91076
       91077
       91543
       91544
       91545
       91546
       91547
       91548
       91549
       91550
       91551
       91552
       91553
       91554
       91555
       91556
       91557
       91558
       91559
       91560
       91561
       91562
       91563
       91564
       91565
       91566
       92031
       92032
       92033
       92034
       92035
       92037
       92038
       92039
       92040
       92041
       92042
       92043
       92044
       92045
       92046
       92047
       92048
       92049
       92050
       92051
       92052
       92053
       92054
       92055
       92518
       92519
       92520
       92521
       92522
       92523
       92524
       92525
       92526
       92527
       92528
       92529
       92530
       92531
       92532
       92533
       92534
       92535
       92536
       92537
       92538
       92539
       92540
       92541
       92542
       92543
       92544
       76902
       76905
       76906
       77392
       77393
       77394
       77395
       77396
       77397
       77398
       77399
       77400
       77878
       77879
       77881
       77882
       77883
       77885
       77886
       77887
       77888
       77889
       77890
       78366
       78368
       78369
       78370
       78371
       78372
       78373
       78374
       78375
       78377
       78378
       78379
       78854
       78855
       78856
       78857
       78858
       78859
       78860
       78861
       78862
       78863
       78864
       78865
       78866
       78867
       78868
       78869
       79342
       79343
       79344
       79345
       79347
       79348
       79349
       79350
       79351
       79352
       79353
       79354
       79355
       79356
       79357
       79358
       79831
       79833
       79834
       79836
       79837
       79838
       79839
       79840
       79841
       79842
       79843
       79844
       79845
       79846
       79847
       79848
       80320
       80322
       80323
       80324
       80325
       80326
       80327
       80328
       80329
       80330
       80331
       80332
       80333
       80334
       80335
       80336
       80337
       80809
       80810
       80811
       80812
       80813
       80814
       80815
       80816
       80817
       80818
       80819
       80820
       80821
       80822
       80823
       80824
       80825
       80826
       80827
       81298
       81299
       81300
       81301
       81302
       81303
       81304
       81305
       81306
       81307
       81308
       81309
       81310
       81311
       81312
       81313
       81314
       81315
       81316
       81787
       81788
       81789
       81790
       81791
       81792
       81793
       81794
       81795
       81796
       81797
       81798
       81799
       81800
       81801
       81802
       81803
       81804
       81805
       81806
       82276
       82277
       82278
       82279
       82280
       82281
       82282
       82283
       82284
       82285
       82286
       82287
       82288
       82289
       82290
       82291
       82292
       82293
       82294
       82295
       82765
       82766
       82767
       82768
       82769
       82770
       82771
       82772
       82773
       82774
       82775
       82776
       82777
       82778
       82779
       82780
       82781
       82782
       82783
       82784
       83254
       83255
       83256
       83257
       83258
       83259
       83260
       83261
       83262
       83263
       83264
       83265
       83266
       83267
       83268
       83269
       83270
       83271
       83272
       83273
       83274
       83743
       83744
       83745
       83746
       83747
       83748
       83749
       83750
       83751
       83752
       83753
       83754
       83755
       83756
       83757
       83758
       83759
       83760
       83761
       83762
       83763
       84232
       84233
       84234
       84235
       84236
       84237
       84238
       84239
       84240
       84241
       84242
       84243
       84244
       84245
       84246
       84247
       84248
       84249
       84250
       84251
       84252
       84721
       84722
       84723
       84724
       84725
       84726
       84727
       84728
       84729
       84730
       84731
       84732
       84733
       84734
       84735
       84736
       84737
       84738
       84739
       84740
       84741
       85210
       85211
       85212
       85213
       85214
       85215
       85216
       85217
       85218
       85219
       85220
       85221
       85222
       85223
       85224
       85225
       85226
       85227
       85228
       85229
       85230
       85231
       85699
       85700
       85701
       85702
       85703
       85704
       85705
       85706
       85707
       85708
       85709
       85710
       85711
       85712
       85713
       85714
       85715
       85716
       85717
       85718
       85719
       85720
       86188
       86189
       86190
       86191
       86192
       86193
       86194
       86195
       86196
       86197
       86198
       86199
       86200
       86201
       86202
       86203
       86204
       86205
       86206
       86207
       86208
       86209
       86677
       86678
       86679
       86680
       86681
       86682
       86683
       86684
       86685
       86686
       86687
       86688
       86689
       86690
       86691
       86692
       86693
       86694
       86695
       86696
       86697
       86698
       87166
       87167
       87168
       87169
       87170
       87171
       87172
       87173
       87174
       87175
       87176
       87177
       87178
       87179
       87180
       87181
       87182
       87183
       87184
       87185
       87186
       87187
       87655
       87656
       87657
       87658
       87659
       87660
       87661
       87662
       87663
       87664
       87665
       87666
       87667
       87668
       87669
       87670
       87671
       87672
       87673
       87674
       87675
       87676
       88144
       88145
       88146
       88147
       88148
       88149
       88150
       88151
       88152
       88153
       88154
       88155
       88156
       88157
       88158
       88159
       88160
       88161
       88162
       88163
       88164
       88165
       88633
       88634
       88635
       88636
       88637
       88638
       88639
       88640
       88641
       88642
       88643
       88644
       88645
       88646
       88647
       88648
       88649
       88650
       88651
       88652
       88653
       88654
       88655
       89122
       89123
       89124
       89125
       89126
       89127
       89128
       89129
       89130
       89131
       89132
       89133
       89134
       89135
       89136
       89137
       89138
       89139
       89140
       89141
       89142
       89143
       89144
       89611
       89612
       89613
       89614
       89615
       89616
       89617
       89618
       89619
       89620
       89621
       89622
       89623
       89624
       89625
       89626
       89627
       89628
       89629
       89630
       89631
       89632
       89633
       90100
       90101
       90102
       90103
       90104
       90105
       90106
       90107
       90108
       90109
       90110
       90111
       90112
       90113
       90114
       90115
       90116
       90117
       90118
       90119
       90120
       90121
       90122
       90589
       90590
       90591
       90592
       90593
       90594
       90595
       90596
       90597
       90598
       90599
       90600
       90601
       90602
       90603
       90604
       90605
       90606
       90607
       90608
       90609
       90610
       90611
       91078
       91079
       91080
       91081
       91082
       91083
       91084
       91085
       91086
       91087
       91088
       91089
       91090
       91091
       91092
       91093
       91094
       91095
       91096
       91097
       91098
       91099
       91100
       91567
       91568
       91569
       91570
       91571
       91572
       91573
       91574
       91575
       91576
       91577
       91578
       91579
       91580
       91581
       91582
       91583
       91584
       91585
       91586
       91587
       91588
       91589
       92056
       92057
       92058
       92059
       92060
       92061
       92062
       92063
       92064
       92065
       92066
       92067
       92068
       92069
       92070
       92071
       92072
       92073
       92074
       92075
       92076
       92077
       92078
       92545
       92546
       92547
       92548
       92549
       92550
       92551
       92552
       92553
       92554
       92555
       92556
       92557
       92558
       92559
       92560
       92561
       92562
       92563
       92564
       92565
       92566
       92567
       93034
       93035
       93036
       93037
       93038
       93039
       93040
       93041
       93042
       93043
       93044
       93045
       93046
       93047
       93048
       93049
       93050
       93051
       93052
       93053
       93054
       93055
       93056
       93523
       93524
       93525
       93526
       93527
       93528
       93529
       93530
       93531
       93532
       93533
       93534
       93535
       93536
       93537
       93538
       93539
       93540
       93541
       93542
       93543
       93544
       93545
       94012
       94013
       94014
       94015
       94016
       94017
       94018
       94019
       94020
       94021
       94022
       94023
       94024
       94025
       94501
       94502
       94503
       94504
       94505
       94506
       94507
       94508
       94509
       94510
       94511
       94512
       94513
       94514
       94515
       94990
       94991
       94992
       94993
       94994
       94995
       94996
       94997
       94998
       94999
       95000
       95001
       95002
       95003
       95004
       95479
       95480
       95481
       95482
       95483
       95484
       95485
       95486
       95487
       95488
       95489
       95490
       95491
       95492
       95493
       95968
       95969
       95970
       95971
       95972
       95973
       95974
       95975
       95976
       95977
       95978
       95979
       95980
       95981
       95982
       96457
       96458
       96459
       96460
       96461
       96462
       96463
       96464
       96465
       96466
       96467
       96468
       96469
       96470
       96471
       96946
       96947
       96948
       96949
       96950
       96951
       96952
       96953
       96954
       96955
       96956
       96957
       96958
       96959
       96960
       96961
       97435
       97436
       97437
       97438
       97439
       97440
       97441
       97442
       97443
       97444
       97445
       97446
       97447
       97448
       97449
       97450
       97924
       97925
       97926
       97927
       97928
       97929
       97930
       97931
       97932
       97933
       97934
       97935
       97936
       97937
       97938
       97939
       98423
       98424
       98425
       98426
       98427
       98428
       98429
       98413
       98414
       98415
       98416
       98417
       98418
       98419
       98420
       98421
       98422
       98902
       98903
       98904
       98905
       98906
       98907
       98908
       98909
       98910
       98911
       98912
       98913
       98914
       98915
       98916
       98917
       98918
       99391
       99392
       99393
       99394
       99395
       99396
       99397
       99398
       99399
       99400
       99401
       99402
       99403
       99404
       99405
       99406
       99407
       99408
       99880
       99881
       99882
       99883
       99884
       99885
       99886
       99887
       99888
       99889
       99890
       99891
       99892
       99893
       99894
       99895
       99896
       99897
      100369
      100370
      100371
      100372
      100373
      100374
      100375
      100376
      100377
      100378
      100379
      100380
      100381
      100382
      100383
      100384
      100385
      100858
      100859
      100860
      100861
      100862
      100863
      100864
      100865
      100866
      100867
      100868
      100869
      100870
      100871
      100872
      100873
      100874
      101347
      101348
      101349
      101350
      101351
      101352
      101353
      101354
      101355
      101356
      101357
      101358
      101359
      101360
      101361
      109660
      109661
      109662
      109663
      110149
      110150
      110151
      110152
      110153
      110154
      110155
      110156
      110157
      110638
      110639
      110640
      110641
      110642
      110643
      110644
      110645
      110646
      110647
      110648
      110649
      110650
      111127
      111128
      111129
      111130
      111131
      111132
      111133
      111134
      111135
      111136
      111137
      111138
      111139
      111140
      111141
      111142
      111616
      111617
      111618
      111619
      111620
      111621
      111622
      111623
      111624
      111625
      111626
      111627
      111628
      111629
      111630
      111631
      111632
      112105
      112106
      112107
      112108
      112109
      112110
      112111
      112112
      112113
      112114
      112115
      112116
      112117
      112118
      112119
      112120
      112121
      112122
      112594
      112595
      112596
      112597
      112598
      112599
      112600
      112601
      112602
      112603
      112604
      112605
      112606
      112607
      112608
      112609
      112610
      112611
      112612
      113083
      113084
      113085
      113086
      113087
      113088
      113089
      113090
      113091
      113092
      113093
      113094
      113095
      113096
      113097
      113098
      113099
      113100
      113572
      113573
      113574
      113575
      113576
      113577
      113578
      113579
      113580
      113581
      113582
      113583
      113584
      113585
      113586
      113587
      113588
      114061
      114062
      114063
      114064
      114065
      114066
      114067
      114068
      114069
      114070
      114071
      114072
      114073
      114074
      114075
      114076
      114077
      114550
      114551
      114552
      114553
      114554
      114555
      114556
      114557
      114558
      114559
      114560
      114561
      114562
      114563
      114564
      114565
      114566
      115039
      115040
      115041
      115042
      115043
      115044
      115045
      115046
      115047
      115048
      115049
      115050
      115051
      115052
      115053
      115054
      115055
      115056
      115528
      115529
      115530
      115531
      115532
      115533
      115534
      115535
      115536
      115537
      115538
      115539
      115540
      115541
      115542
      115543
      115544
      115545
      115546
      116017
      116018
      116019
      116020
      116021
      116022
      116023
      116024
      116025
      116026
      116027
      116028
      116029
      116030
      116031
      116032
      116033
      116034
      116035
      116506
      116507
      116508
      116509
      116510
      116511
      116512
      116513
      116514
      116515
      116516
      116517
      116518
      116519
      116520
      116521
      116522
      116523
      116524
      116525
      116995
      116996
      116997
      116998
      116999
      117000
      117001
      117002
      117003
      117004
      117005
      117006
      117007
      117008
      117009
      117010
      117011
      117012
      117013
      117484
      117485
      117486
      117487
      117488
      117489
      117490
      117491
      117492
      117493
      117494
      117495
      117496
      117497
      117498
      117499
      117500
      117501
      117973
      117974
      117975
      117976
      117977
      117978
      117979
      117980
      117981
      117982
      117983
      117984
      117985
      117986
      117987
      117988
      118464
      118465
      118466
      118467
      118468
      118469
      118470
      118471
      118472
      118473
      118474
      118475
      118476
      118956
      118957
      118958
      118959
      118960
      118961
      118962
      118963
      119443
      119444
      119445
      119446
      119447
      119448
      119449
      119450
      119451
      119929
      119930
      119931
      119932
      119933
      119934
      119935
      119936
      119937
      119938
      119939
      119940
      119941
      119942
      120418
      120419
      120420
      120421
      120422
      120423
      120424
      120425
      120426
      120427
      120428
      120429
      120430
      120431
      120432
      120433
      120905
      120906
      120907
      120908
      120909
      120910
      120911
      120912
      120913
      120914
      120915
      120916
      120917
      120918
      120919
      120920
      120921
      120922
      120923
      120924
      121394
      121395
      121396
      121397
      121398
      121399
      121400
      121401
      121402
      121403
      121404
      121405
      121406
      121407
      121408
      121409
      121410
      121411
      121412
      121413
      121414
      121883
      121884
      121885
      121886
      121887
      121888
      121889
      121890
      121891
      121892
      121893
      121894
      121895
      121896
      121897
      121898
      121899
      121900
      121901
      121902
      121903
      121904
      121905
      122372
      122373
      122374
      122375
      122376
      122377
      122378
      122379
      122380
      122381
      122382
      122383
      122384
      122385
      122386
      122387
      122388
      122389
      122390
      122391
      122392
      122393
      122394
      122866
      122867
      122868
      122869
      122870
      122871
      122872
      122873
      122874
      122875
      122876
      122877
      122878
      122879
      122880
      122881
      122882
      122883
      122884
      123360
      123361
      123362
      123363
      123364
      123365
      123366
      123367
      123368
      123369
      123370
      123371
      123372
      123853
      123854
      123855
      123856
      123857
      123858
      123859
      124347
       67606
       67607
       67608
       68099
       68588
       70055
       72996
       73974
       74952
       75437
       75438
       75439
       75931
       76414
       76903
       77389
       77391
       77884
       78376
       79346
       79832
       79835
       80321
       93057
       93058
       93059
       93060
       93061
       93546
       93547
       93548
       93549
       93550
       94026
       94027
       94028
       94029
       94030
       94031
       94032
       94033
       94034
       94035
       94036
       94037
       94038
       94039
       94516
       94517
       94518
       94519
       94520
       94521
       94522
       94523
       94524
       94525
       94526
       94527
       94528
       95005
       95006
       95007
       95008
       95009
       95010
       95011
       95012
       95013
       95014
       95015
       95016
       95017
       95494
       95495
       95496
       95497
       95498
       95499
       95500
       95501
       95502
       95503
       95504
       95505
       95506
       95983
       95984
       95985
       95986
       95987
       95988
       95989
       95990
       95991
       95992
       95993
       95994
       95995
       96472
       96473
       96474
       96475
       96476
       96477
       96478
       96479
       96480
       96481
       96482
       96483
       96484
       96962
       96963
       96964
       96965
       96966
       96967
       96968
       96969
       96970
       96971
       96972
       96973
       97451
       97452
       97453
       97454
       97455
       97456
       97457
       97458
       97459
       97460
       97461
       97462
       97940
       97941
       97942
       97943
       97944
       97945
       97946
       97947
       97948
       97949
       97950
       97951
       97952
       98430
       98431
       98432
       98433
       98434
       98435
       98436
       98437
       98438
       98439
       98440
       98441
       98919
       98920
       98921
       98922
       98923
       98924
       98925
       98926
       98927
       98928
       98929
       98930
      120902
      120903
      120904
      121388
      121389
      121390
      121391
      121392
      121393
      121874
      121875
      121876
      121877
      121878
      121879
      121880
      121881
      121882
      122362
      122363
      122364
      122365
      122366
      122367
      122368
      122369
      122370
      122371
      122848
      122849
      122850
      122851
      122852
      122853
      122854
      122855
      122856
      122857
      122858
      122859
      122860
      122861
      122862
      123333
      123334
      123335
      123336
      123337
      123338
      123341
      123342
      123343
      123344
      123345
      123346
      123347
      123348
      123349
      123350
      123351
      123805
      123812
      123813
      123814
      123815
      123816
      123817
      123818
      123819
      123820
      123822
      123823
      123824
      123825
      123826
      123827
      123828
      123829
      123830
      123831
      123832
      123833
      123834
      123835
      123836
      123837
      123838
      123839
      123840
      124293
      124294
      124295
      124296
      124297
      124298
      124299
      124300
      124301
      124302
      124303
      124304
      124305
      124306
      124307
      124308
      124309
      124310
      124311
      124312
      124313
      124314
      124315
      124316
      124317
      124318
      124319
      124320
      124321
      124322
      124323
      124324
      124325
      124326
      124327
      124328
      124329
      124781
      124782
      124783
      124784
      124785
      124786
      124787
      124788
      124789
      124790
      124791
      124792
      124793
      124794
      124795
      124796
      124797
      124798
      124799
      124800
      124801
      124802
      124803
      124804
      124805
      124808
      124809
      124810
      124811
      124812
      124813
      124814
      124815
      124816
      124817
      124818
      125269
      125270
      125271
      125272
      125273
      125274
      125275
      125276
      125277
      125278
      125279
      125280
      125281
      125282
      125283
      125284
      125285
      125286
      125287
      125288
      125289
      125290
      125291
      125292
      125293
      125294
      125295
      125296
      125297
      125298
      125299
      125300
      125301
      125302
      125303
      125304
      125305
      125306
      125307
      125758
      125759
      125760
      125761
      125762
      125763
      125764
      125765
      125766
      125767
      125768
      125769
      125770
      125771
      125772
      125773
      125774
      125775
      125776
      125777
      125778
      125779
      125780
      125781
      125782
      125783
      125784
      125785
      125786
      125787
      125788
      125789
      125790
      125791
      125792
      125793
      125794
      125795
      125796
      126248
      126249
      126250
      126251
      126252
      126253
      126254
      126255
      126256
      126257
      126258
      126259
      126260
      126261
      126262
      126263
      126264
      126265
      126266
      126267
      126268
      126269
      126270
      126271
      126272
      126273
      126274
      126275
      126276
      126277
      126278
      126279
      126280
      126281
      126282
      126283
      126284
      126285
      126743
      126744
      126745
      126746
      126747
      126748
      126749
      126750
      126751
      126752
      126753
      126754
      126755
      126756
      126757
      126758
      126759
      126760
      126761
      126762
      126763
      126764
      126765
      126766
      126767
      126768
      126769
      126770
      126771
      126772
      126773
      126774
      127232
      127233
      127234
      127235
      127236
      127237
      127238
      127239
      127240
      127241
      127242
      127243
      127244
      127245
      127246
      127247
      127248
      127249
      127250
      127251
      127252
      127253
      127254
      127255
      127256
      127257
      127258
      127259
      127260
      127261
      127262
      127263
      127721
      127722
      127723
      127724
      127725
      127726
      127727
      127728
      127729
      127730
      127731
      127732
      127733
      127734
      127735
      127736
      127737
      127738
      127739
      127740
      127741
      127742
      127743
      127744
      127745
      127746
      127747
      127748
      127749
      127750
      127751
      127752
      128208
      128209
      128210
      128211
      128212
      128213
      128214
      128215
      128216
      128217
      128218
      128219
      128220
      128221
      128222
      128223
      128224
      128225
      128226
      128227
      128228
      128229
      128230
      128231
      128232
      128233
      128234
      128235
      128236
      128237
      128238
      128239
      128240
      128241
      128696
      128697
      128698
      128699
      128700
      128701
      128702
      128703
      128704
      128705
      128706
      128707
      128708
      128709
      128710
      128711
      128712
      128713
      128714
      128715
      128716
      128717
      128718
      128719
      128720
      128721
      128722
      128723
      128724
      128725
      128726
      128727
      128728
      128729
      128730
      129185
      129186
      129187
      129188
      129189
      129190
      129191
      129192
      129193
      129194
      129195
      129196
      129197
      129198
      129199
      129200
      129201
      129202
      129203
      129204
      129205
      129206
      129207
      129208
      129209
      129210
      129211
      129212
      129213
      129214
      129215
      129216
      129217
      129218
      129219
      129672
      129673
      129674
      129675
      129676
      129677
      129678
      129679
      129680
      129681
      129682
      129683
      129684
      129685
      129686
      129687
      129688
      129689
      129690
      129691
      129692
      129693
      129694
      129695
      129696
      129697
      129698
      129699
      129700
      129701
      129702
      129703
      129704
      129705
      129706
      129707
      129708
      130161
      130163
      130164
      130165
      130166
      130167
      130168
      130169
      130170
      130171
      130172
      130173
      130174
      130175
      130176
      130177
      130178
      130179
      130180
      130181
      130182
      130183
      130184
      130185
      130186
      130187
      130188
      130189
      130190
      130191
      130192
      130193
      130194
      130195
      130196
      130197
      130649
      130650
      130651
      130652
      130653
      130654
      130655
      130656
      130657
      130658
      130659
      130660
      130661
      130662
      130663
      130664
      130665
      130666
      130667
      130668
      130669
      130670
      130671
      130672
      130673
      130674
      130675
      130676
      130677
      130678
      130679
      130680
      130681
      130682
      130683
      130684
      130685
      130686
      131138
      131139
      131140
      131141
      131142
      131143
      131144
      131145
      131146
      131147
      131148
      131149
      131150
      131151
      131152
      131153
      131154
      131155
      131156
      131157
      131158
      131159
      131160
      131161
      131162
      131163
      131164
      131165
      131166
      131167
      131168
      131169
      131170
      131171
      131172
      131173
      131174
      131175
      131630
      131631
      131632
      131633
      131634
      131635
      131636
      131637
      131638
      131639
      131640
      131641
      131642
      131643
      131644
      131645
      131646
      131647
      131648
      131649
      131650
      131651
      131652
      131653
      131654
      131655
      131656
      131657
      131658
      131659
      131660
      131661
      131662
      131663
      131664
      132119
      132120
      132121
      132122
      132123
      132124
      132125
      132126
      132127
      132128
      132129
      132130
      132131
      132132
      132133
      132134
      132135
      132136
      132137
      132138
      132139
      132140
      132141
      132142
      132143
      132144
      132145
      132146
      132147
      132148
      132149
      132150
      132151
      132152
      132153
      132607
      132608
      132609
      132610
      132611
      132612
      132613
      132614
      132615
      132616
      132617
      132618
      132619
      132620
      132621
      132622
      132623
      132624
      132625
      132626
      132627
      132628
      132629
      132630
      132631
      132632
      132633
      132634
      132635
      132636
      132637
      132638
      132639
      132640
      132641
      132642
      133097
      133098
      133099
      133100
      133101
      133102
      133103
      133104
      133105
      133106
      133107
      133108
      133109
      133110
      133111
      133112
      133113
      133114
      133115
      133116
      133117
      133118
      133119
      133120
      133121
      133122
      133123
      133124
      133125
      133126
      133127
      133128
      133129
      133130
      133131
      133587
      133588
      133589
      133590
      133591
      133592
      133593
      133594
      133595
      133596
      133597
      133598
      133599
      133600
      133601
      133602
      133603
      133604
      133605
      133606
      133607
      133608
      133609
      133610
      133611
      133612
      133613
      133614
      133615
      133616
      133617
      133618
      133619
      134076
      134077
      134078
      134079
      134080
      134081
      134082
      134084
      134085
      134086
      134087
      134088
      134089
      134090
      134091
      134092
      134093
      134094
      134095
      134096
      134097
      134098
      134099
      134100
      134101
      134102
      134103
      134104
      134105
      134108
      134109
      134573
      134574
      134575
      134579
      134580
      134581
      134582
      134583
      134584
      134585
      134586
      134587
      134589
      134590
      134591
      134592
      134593
      134594
      134595
      134596
      134597
      134598
      135070
      135071
      135072
      135073
      135074
      135077
      135078
      135086
      135087
       56394
       56869
       56880
       56881
       57365
       57369
       57840
       57843
       57849
       57850
       57851
       57852
       57853
       57854
       57855
       57856
       57857
       57858
       58334
       58335
       58340
       58341
       58342
       58343
       58344
       58828
       58838
       59322
       59323
       59324
       59325
       59326
       59810
       59811
       59812
       59813
       59814
       59815
       59816
       60295
       60298
       60299
       60300
       60301
       60302
       60303
       60304
       60305
       60787
       60788
       60789
       60790
       60791
       60792
       60793
       60794
       61276
       61277
       61278
       61279
       61280
       61281
       61282
       61283
       61765
       61766
       61767
       61768
       61769
       61770
       61771
       61772
       61773
       62254
       62255
       62256
       62257
       62258
       62259
       62260
       62261
       62262
       62744
       62745
       62746
       62747
       62748
       62749
       62750
       62751
       63233
       63234
       63235
       63236
       63237
       63238
       63239
       63240
       63722
       63723
       63724
       63725
       63726
       63727
       63728
       63729
       64211
       64212
       64213
       64214
       64215
       64216
       64217
       64218
       64700
       64701
       64702
       64703
       64704
       64705
       64706
       64707
       64708
       65189
       65190
       65191
       65192
       65193
       65194
       65195
       65196
       65197
       65678
       65679
       65680
       65681
       65682
       65683
       65684
       65685
       65686
       66167
       66168
       66169
       66170
       66171
       66172
       66173
       66174
       66175
       66656
       66657
       66658
       66659
       66660
       66661
       66662
       66663
       66664
       67145
       67146
       67147
       67148
       67149
       67150
       67151
       67152
       67153
       67154
       67634
       67635
       67636
       67637
       67638
       67639
       67640
       67641
       67642
       67643
       68122
       68123
       68124
       68125
       68126
       68127
       68128
       68129
       68130
       68131
       68132
       68611
       68612
       68613
       68614
       68615
       68616
       68617
       68618
       68619
       68620
       68621
       69100
       69101
       69102
       69103
       69104
       69105
       69106
       69107
       69108
       69109
       69110
       69589
       69590
       69591
       69592
       69593
       69594
       69595
       69596
       69597
       69598
       69599
       70077
       70078
       70079
       70080
       70081
       70082
       70083
       70084
       70085
       70086
       70087
       70566
       70567
       70568
       70569
       70570
       70571
       70572
       70573
       70574
       70575
       70576
       71054
       71055
       71056
       71057
       71058
       71059
       71060
       71061
       71062
       71063
       71064
       71065
       71543
       71544
       71545
       71546
       71547
       71548
       71549
       71550
       71551
       71552
       71553
       71554
       72031
       72032
       72033
       72034
       72035
       72036
       72037
       72038
       72039
       72040
       72041
       72042
       72520
       72521
       72522
       72523
       72524
       72525
       72526
       72527
       72528
       72529
       72530
       72531
       73008
       73009
       73010
       73011
       73012
       73013
       73014
       73015
       73016
       73017
       73018
       73019
       73020
       73497
       73498
       73499
       73500
       73501
       73502
       73503
       73504
       73505
       73506
       73507
       73508
       73985
       73986
       73987
       73988
       73989
       73990
       73991
       73992
       73993
       73994
       73995
       73996
       73997
       74473
       74474
       74475
       74476
       74477
       74478
       74479
       74480
       74481
       74482
       74483
       74484
       74485
       74486
       74961
       74962
       74963
       74964
       74965
       74966
       74967
       74968
       74969
       74970
       74971
       74972
       74973
       74974
       75449
       75450
       75451
       75452
       75453
       75454
       75455
       75456
       75457
       75458
       75459
       75460
       75461
       75462
       75463
       75937
       75938
       75939
       75940
       75941
       75942
       75943
       75944
       75945
       75946
       75947
       75948
       75949
       75950
       75951
       76425
       76426
       76427
       76428
       76429
       76430
       76431
       76432
       76433
       76434
       76435
       76436
       76437
       76438
       76439
       76440
       76913
       76914
       76915
       76916
       76917
       76918
       76919
       76920
       76921
       76922
       76923
       76924
       76925
       76926
       76927
       76928
       77401
       77402
       77403
       77404
       77405
       77406
       77407
       77408
       77409
       77410
       77411
       77412
       77413
       77414
       77415
       77416
       77417
       77891
       77892
       77893
       77894
       77895
       77896
       77897
       77898
       77899
       77900
       77901
       77902
       77903
       77904
       77905
       78380
       78381
       78382
       78383
       78384
       78385
       78386
       78387
       78388
       78389
       78390
       78391
       78392
       78393
       78394
       78870
       78871
       78872
       78873
       78874
       78875
       78876
       78877
       78878
       78879
       78880
       78881
       78882
       79359
       79360
       79361
       79362
       79363
       79364
       79365
       79366
       79367
       79368
       79369
       79370
       79371
       79849
       79850
       79851
       79852
       79853
       79854
       79855
       79856
       79857
       79858
       79859
       80338
       80339
       80340
       80341
       80342
       80343
       80344
       80345
       80346
       80347
       80348
       80828
       80829
       80830
       80831
       80832
       80833
       80834
       80835
       80836
       81317
       81318
       81319
       81320
       81321
       81322
       81323
       81324
       81325
       81807
       81808
       81809
       81810
       81811
       81812
       81813
       81814
       82296
       82297
       82298
       82299
       82300
       82301
       82302
       82303
       82785
       82786
       82787
       82788
       82789
       82790
       82791
       83275
       83276
       83277
       83278
       83279
       83280
       83764
       83765
       83766
       83767
       83768
       83769
       84253
       84254
       84255
       84256
       84257
       84258
       84742
       84743
       84744
       84745
       84746
       85232
       85233
       85234
       85235
       85721
       85722
       85723
       85724
       86210
       86211
       86212
       86213
       86699
       86700
       86701
       86702
       87188
       87189
       87190
       87191
       87677
       87678
       87679
       87680
       88166
       88167
       88168
       88169
       88656
       88657
       89145
       89146
       89634
       89635
       90123
       90124
       90612
       90613
       91101
       91102
       91590
       91591
       92079
       92080
       92568
       92569
       75952
       75953
       75954
       76441
       76442
       76443
       76444
       76445
       76446
       76929
       76930
       76931
       76932
       76933
       76934
       76935
       76936
       76937
       76938
       77418
       77419
       77420
       77421
       77422
       77423
       77424
       77425
       77426
       77427
       77428
       77429
       77430
       77906
       77907
       77908
       77909
       77910
       77911
       77912
       77913
       77914
       77915
       77916
       77917
       77918
       77919
       77920
       77921
       77922
       78395
       78396
       78397
       78398
       78399
       78400
       78401
       78402
       78403
       78404
       78405
       78406
       78407
       78408
       78409
       78410
       78411
       78412
       78413
       78414
       78415
       78883
       78884
       78885
       78886
       78887
       78888
       78889
       78890
       78891
       78892
       78893
       78894
       78895
       78896
       78897
       78898
       78899
       78900
       78901
       78902
       78903
       78904
       78905
       78906
       78907
       79372
       79373
       79374
       79375
       79376
       79377
       79378
       79379
       79380
       79381
       79382
       79383
       79384
       79385
       79386
       79387
       79388
       79389
       79390
       79391
       79392
       79393
       79394
       79395
       79396
       79860
       79861
       79862
       79863
       79864
       79865
       79866
       79867
       79868
       79869
       79870
       79871
       79872
       79873
       79874
       79875
       79876
       79877
       79878
       79879
       79880
       79881
       79882
       79883
       79884
       79885
       80349
       80350
       80351
       80352
       80353
       80354
       80355
       80356
       80357
       80358
       80359
       80360
       80361
       80362
       80363
       80364
       80365
       80366
       80367
       80368
       80369
       80370
       80371
       80372
       80373
       80374
       80837
       80838
       80839
       80840
       80841
       80842
       80843
       80844
       80845
       80846
       80847
       80848
       80849
       80850
       80851
       80852
       80853
       80854
       80855
       80856
       80857
       80858
       80859
       80860
       80861
       80862
       80863
       81326
       81327
       81328
       81329
       81330
       81331
       81332
       81333
       81334
       81335
       81336
       81337
       81338
       81339
       81340
       81341
       81342
       81343
       81344
       81345
       81346
       81347
       81348
       81349
       81350
       81351
       81815
       81816
       81817
       81818
       81819
       81820
       81821
       81822
       81823
       81824
       81825
       81826
       81827
       81828
       81829
       81830
       81831
       81832
       81833
       81834
       81835
       81836
       81837
       81838
       81839
       81840
       82304
       82305
       82306
       82307
       82308
       82309
       82310
       82311
       82312
       82313
       82314
       82315
       82316
       82317
       82318
       82319
       82320
       82321
       82322
       82323
       82324
       82325
       82326
       82327
       82328
       82329
       82792
       82793
       82794
       82795
       82796
       82797
       82798
       82799
       82800
       82801
       82802
       82803
       82804
       82805
       82806
       82807
       82808
       82809
       82810
       82811
       82812
       82813
       82814
       82815
       82816
       82817
       83281
       83282
       83283
       83284
       83285
       83286
       83287
       83288
       83289
       83290
       83291
       83292
       83293
       83294
       83295
       83296
       83297
       83298
       83299
       83300
       83301
       83302
       83303
       83304
       83305
       83306
       83770
       83771
       83772
       83773
       83774
       83775
       83776
       83777
       83778
       83779
       83780
       83781
       83782
       83783
       83784
       83785
       83786
       83787
       83788
       83789
       83790
       83791
       83792
       83793
       83794
       84259
       84260
       84261
       84262
       84263
       84264
       84265
       84266
       84267
       84268
       84269
       84270
       84271
       84272
       84273
       84274
       84275
       84276
       84277
       84278
       84279
       84280
       84281
       84282
       84283
       84747
       84748
       84749
       84750
       84751
       84752
       84753
       84754
       84755
       84756
       84757
       84758
       84759
       84760
       84761
       84762
       84763
       84764
       84765
       84766
       84767
       84768
       84769
       84770
       84771
       84772
       85236
       85237
       85238
       85239
       85240
       85241
       85242
       85243
       85244
       85245
       85246
       85247
       85248
       85249
       85250
       85251
       85252
       85253
       85254
       85255
       85256
       85257
       85258
       85259
       85260
       85261
       85725
       85726
       85727
       85728
       85729
       85730
       85731
       85732
       85733
       85734
       85735
       85736
       85737
       85738
       85739
       85740
       85741
       85742
       85743
       85744
       85745
       85746
       85747
       85748
       85749
       86214
       86215
       86216
       86217
       86218
       86219
       86220
       86221
       86222
       86223
       86224
       86225
       86226
       86227
       86228
       86229
       86230
       86231
       86232
       86233
       86234
       86235
       86236
       86237
       86238
       86703
       86704
       86705
       86706
       86707
       86708
       86709
       86710
       86711
       86712
       86713
       86714
       86715
       86716
       86717
       86718
       86719
       86720
       86721
       86722
       86723
       86724
       86725
       86726
       86727
       87192
       87193
       87194
       87195
       87196
       87197
       87198
       87199
       87200
       87201
       87202
       87203
       87204
       87205
       87206
       87207
       87208
       87209
       87210
       87211
       87212
       87213
       87214
       87215
       87216
       87681
       87682
       87683
       87684
       87685
       87686
       87687
       87688
       87689
       87690
       87691
       87692
       87693
       87694
       87695
       87696
       87697
       87698
       87699
       87700
       87701
       87702
       87703
       87704
       87705
       88170
       88171
       88172
       88173
       88174
       88175
       88176
       88177
       88178
       88179
       88180
       88181
       88182
       88183
       88184
       88185
       88186
       88187
       88188
       88189
       88190
       88191
       88192
       88193
       88194
       88658
       88659
       88660
       88661
       88662
       88663
       88664
       88665
       88666
       88667
       88668
       88669
       88670
       88671
       88672
       88673
       88674
       88675
       88676
       88677
       88678
       88679
       88680
       88681
       88682
       88683
       89147
       89148
       89149
       89150
       89151
       89152
       89153
       89154
       89155
       89156
       89157
       89158
       89159
       89160
       89161
       89162
       89163
       89164
       89165
       89166
       89167
       89168
       89169
       89170
       89171
       89172
       89636
       89637
       89638
       89639
       89640
       89641
       89642
       89643
       89644
       89645
       89646
       89647
       89648
       89649
       89650
       89651
       89652
       89653
       89654
       89655
       89656
       89657
       89658
       89659
       89660
       89661
       90125
       90126
       90127
       90128
       90129
       90130
       90131
       90132
       90133
       90134
       90135
       90136
       90137
       90138
       90139
       90140
       90141
       90142
       90143
       90144
       90145
       90146
       90147
       90148
       90149
       90614
       90615
       90616
       90617
       90618
       90619
       90620
       90621
       90622
       90623
       90624
       90625
       90626
       90627
       90628
       90629
       90630
       90631
       90632
       90633
       90634
       90635
       90636
       90637
       90638
       91103
       91104
       91105
       91106
       91107
       91108
       91109
       91110
       91111
       91112
       91113
       91114
       91115
       91116
       91117
       91118
       91119
       91120
       91121
       91122
       91123
       91124
       91125
       91126
       91127
       91592
       91593
       91594
       91595
       91596
       91597
       91598
       91599
       91600
       91601
       91602
       91603
       91604
       91605
       91606
       91607
       91608
       91609
       91610
       91611
       91612
       91613
       91614
       91615
       91616
       92081
       92082
       92083
       92084
       92085
       92086
       92087
       92088
       92089
       92090
       92091
       92092
       92093
       92094
       92095
       92096
       92097
       92098
       92099
       92100
       92101
       92102
       92103
       92104
       92570
       92571
       92572
       92573
       92574
       92575
       92576
       92577
       92578
       92579
       92580
       92581
       92582
       92583
       92584
       92585
       92586
       92587
       92588
       92589
       92590
       92591
       92592
       92593
       93062
       93063
       93064
       93065
       93066
       93067
       93068
       93069
       93070
       93071
       93072
       93073
       93074
       93075
       93076
       93077
       93078
       93079
       93080
       93081
       93082
       93551
       93552
       93553
       93554
       93555
       93556
       93557
       93558
       93559
       93560
       93561
       93562
       93563
       93564
       93565
       93566
       93567
       93568
       93569
       93570
       93571
      122863
      122864
      122865
      123352
      123353
      123354
      123355
      123356
      123357
      123358
      123359
      123841
      123842
      123843
      123844
      123845
      123846
      123847
      123848
      123849
      123850
      123851
      123852
      124330
      124331
      124332
      124333
      124334
      124335
      124336
      124337
      124338
      124339
      124340
      124341
      124342
      124343
      124344
      124345
      124346
      124819
      124820
      124821
      124822
      124823
      124824
      124825
      124826
      124827
      124828
      124829
      124830
      124831
      124832
      124833
      124834
      124835
      124836
      125308
      125309
      125310
      125311
      125312
      125313
      125314
      125315
      125316
      125317
      125318
      125319
      125320
      125321
      125322
      125323
      125324
      125325
      125797
      125798
      125799
      125800
      125801
      125802
      125803
      125804
      125805
      125806
      125807
      125808
      125809
      125810
      125811
      125812
      125813
      125814
      126286
      126287
      126288
      126289
      126290
      126291
      126292
      126293
      126294
      126295
      126296
      126297
      126298
      126299
      126300
      126301
      126302
      126303
      126775
      126776
      126777
      126778
      126779
      126780
      126781
      126782
      126783
      126784
      126785
      126786
      126787
      126788
      126789
      126790
      126791
      126792
      127264
      127265
      127266
      127267
      127268
      127269
      127270
      127271
      127272
      127273
      127274
      127275
      127276
      127277
      127278
      127279
      127280
      127281
      127753
      127754
      127755
      127756
      127757
      127758
      127759
      127760
      127761
      127762
      127763
      127764
      127765
      127766
      127767
      127768
      127769
      127770
      128242
      128243
      128244
      128245
      128246
      128247
      128248
      128249
      128250
      128251
      128252
      128253
      128254
      128255
      128256
      128257
      128258
      128259
      128745
      128746
      128747
      128748
      128731
      128732
      128733
      128734
      128735
      128736
      128737
      128738
      128739
      128740
      128741
      128742
      128743
      128744
      129220
      129221
      129222
      129223
      129224
      129225
      129226
      129227
      129228
      129229
      129230
      129231
      129232
      129233
      129234
      129235
      129236
      129237
      129709
      129710
      129711
      129712
      129713
      129714
      129715
      129716
      129717
      129718
      129719
      129720
      129721
      129722
      129723
      129724
      129725
      129726
      129727
      130198
      130199
      130200
      130201
      130202
      130203
      130204
      130205
      130206
      130207
      130208
      130209
      130210
      130211
      130212
      130213
      130214
      130215
      130216
      130217
      130687
      130688
      130689
      130690
      130691
      130692
      130693
      130694
      130695
      130696
      130697
      130698
      130699
      130700
      130701
      130702
      130703
      130704
      131176
      131177
      131178
      131179
      131180
      131181
      131182
      131183
      131184
      131185
      131186
      131187
      131188
      131189
      131190
      131665
      131666
      131667
      131668
      131669
      131670
      131671
      131672
      131673
      131674
      131675
      131676
      131677
      132154
      132155
      132156
      132157
      132158
      132159
      132160
      132161
      132162
      132163
      132164
      132643
      132644
      132645
      132646
      132647
      132648
      132649
      132650
      132651
      133132
      133133
      133134
      133135
      133136
      133137
      133138
      133622
      133623
      133624
      134110
      134111
      134112
      134599
       94040
       94041
       94042
       94043
       94044
       94045
       94046
       94047
       94048
       94049
       94050
       94051
       94052
       94053
       94054
       94055
       94056
       94057
       94058
       94059
       94060
       94529
       94530
       94531
       94532
       94533
       94534
       94535
       94536
       94537
       94538
       94539
       94540
       94541
       94542
       94543
       94544
       94545
       94546
       94547
       94548
       94549
       95018
       95019
       95020
       95021
       95022
       95023
       95024
       95025
       95026
       95027
       95028
       95029
       95030
       95031
       95032
       95033
       95034
       95035
       95036
       95037
       95038
       95507
       95508
       95509
       95510
       95511
       95512
       95513
       95514
       95515
       95516
       95517
       95518
       95519
       95520
       95521
       95522
       95523
       95524
       95525
       95526
       95527
       95996
       95997
       95998
       95999
       96000
       96001
       96002
       96003
       96004
       96005
       96006
       96007
       96008
       96009
       96010
       96011
       96012
       96013
       96014
       96015
       96016
       96485
       96486
       96487
       96488
       96489
       96490
       96491
       96492
       96493
       96494
       96495
       96496
       96497
       96498
       96499
       96500
       96501
       96502
       96503
       96504
       96505
       96506
       96974
       96975
       96976
       96977
       96978
       96979
       96980
       96981
       96982
       96983
       96984
       96985
       96986
       96987
       96988
       96989
       96990
       96991
       96992
       96993
       96994
       96995
       97463
       97464
       97465
       97466
       97467
       97468
       97469
       97470
       97471
       97472
       97473
       97474
       97475
       97476
       97477
       97478
       97479
       97480
       97481
       97482
       97953
       97954
       97955
       97956
       97957
       97958
       97959
       97960
       97961
       97962
       97963
       97964
       97965
       97966
       97967
       97968
       98442
       98443
       98444
       98445
       98446
       98447
       98448
       98449
       98450
       98451
       98452
       98453
       98931
       98932
       98933
       98934
       98935
       98936
       98937
