          76
       17876
       21300
       21301
       21801
       23246
       24722
       24729
       25199
       25202
       25203
       25682
       26173
       26188
       26189
       26190
       26191
       26192
       26193
       26194
       26195
       26196
       26197
       26654
       26659
       26670
       26677
       26678
       26682
       26683
       26684
       27145
       27153
       27168
       27169
       27170
       27171
       27172
       27173
       27174
       27175
       27176
       27177
       27635
       27639
       27668
       27669
       27670
       27674
       28146
       28147
       28151
       28152
       28153
       28156
       28618
       28619
       28620
       28621
       28635
       28636
       28652
       29116
       29117
       29135
       29140
       29620
       30082
       30112
       30574
       31071
       31554
       31555
       31560
       31561
       33515
       33516
