          54
      219637
      219644
      221105
      222590
      225997
      226487
      226488
      226978
      226985
      226990
      226992
      227467
      227474
      227475
      227476
      227477
      227482
      227485
      227954
      227955
      227956
      227960
      227964
      227965
      227970
      227972
      227973
      227974
      227980
      228443
      228452
      228453
      228458
      228460
      228461
      228464
      228943
      228946
      228947
      228953
      228955
      228956
      229433
      229434
      229437
      229438
      229440
      229441
      229922
      229923
      229927
      229930
      229931
      229932
