         152
       65231
       66698
       67187
       67676
       68655
       69144
       69633
       70122
       70611
       71100
       71589
       72078
       72567
       73056
       73545
       74034
       74523
       75012
       75501
       75990
       76967
       77456
       77457
       77945
       77946
       78434
       78435
       78436
       78921
       78922
       78923
       78924
       79409
       79410
       79411
       79412
       79413
       79898
       79899
       79900
       79901
       80387
       80388
       80389
       80390
       80875
       80876
       80878
       80879
       81364
       81365
       81367
       81852
       81853
       81856
       82341
       82342
       82345
       82830
       82831
       82834
       83319
       83320
       83323
       83807
       83808
       84296
       84297
       84784
       84785
       85273
       85274
       85762
       86251
       86739
       87228
       87716
       87717
       88204
       88205
       88206
       88692
       88693
       88694
       89181
       89182
       89183
       89670
       89671
       90159
       90160
       90647
       90648
       91136
       91137
       91625
       91626
       92115
       92116
       92604
       92605
       93093
       93094
       93582
       93583
       94071
       94072
       95051
       95540
       96029
       96030
       96519
       97008
       97009
       97498
       97499
       97987
       97988
       98478
       98967
       98968
       99456
       99457
       99458
       99459
       99946
       99947
       99948
      100436
      100437
      100926
      100927
      101414
      101415
      101416
      101903
      101904
      101905
      102383
      102394
      102395
      102396
      102872
      102883
      102884
      102885
      103374
      103863
      103864
      104353
      104354
      104843
