         189
      101449
      101450
      101937
      101938
      101939
      101940
      102426
      102427
      102428
      102430
      102431
      102914
      102915
      102916
      102917
      102918
      102919
      102920
      102921
      103403
      103405
      103406
      103407
      103409
      103410
      103411
      103412
      103891
      103892
      103893
      103894
      103895
      103899
      103900
      103902
      103903
      104379
      104380
      104381
      104382
      104383
      104384
      104385
      104386
      104387
      104388
      104389
      104390
      104391
      104868
      104869
      104870
      104871
      104872
      104873
      104874
      104875
      104876
      104877
      104878
      104880
      105356
      105357
      105358
      105359
      105360
      105363
      105364
      105365
      105366
      105367
      105368
      105845
      105846
      105847
      105848
      105849
      105850
      105851
      105852
      105853
      105854
      105855
      105856
      106333
      106334
      106335
      106336
      106337
      106338
      106339
      106340
      106341
      106342
      106343
      106344
      106345
      106822
      106823
      106824
      106825
      106826
      106827
      106828
      106829
      106830
      106831
      106832
      106833
      106834
      107310
      107311
      107312
      107313
      107314
      107315
      107316
      107317
      107318
      107319
      107320
      107321
      107322
      107798
      107799
      107800
      107801
      107802
      107803
      107804
      107805
      107806
      107807
      107808
      107809
      107810
      108286
      108287
      108288
      108289
      108290
      108291
      108292
      108293
      108294
      108295
      108296
      108297
      108298
      108299
      108777
      108778
      108779
      108780
      108781
      108782
      108783
      108784
      108785
      108786
      108787
      109267
      109268
      109269
      109270
      109271
      109272
      109273
      109274
      109275
      109276
      109757
      109758
      109759
      109760
      109761
      109762
      109763
      109764
      110248
      110249
      110250
      110251
      110252
      110253
      110739
      110740
      110741
      111230
