          66
       65274
       68705
       69680
       69683
       70168
       70657
       70658
       71145
       71636
       72124
       72609
       73098
       73101
       73586
       73587
       74076
       75056
       76038
       76524
       77014
       79940
       80929
       64805
       65293
       65782
       67244
       67731
       67736
       68709
       69196
       69204
       69694
       70673
       71652
       72631
       73121
       73611
       74100
       74589
       74594
       74598
       74599
       74600
       75080
       75567
       75569
       75579
       76537
       77035
       77522
       77524
       78013
       78025
       79003
       79473
       79492
       81422
       81426
       81448
       81912
       81917
       82417
       82424
       82425
       83886
       85832
