          61
      159876
      159883
      160365
      160372
      160854
      160861
      161350
      161352
      161839
      161841
      162328
      162330
      162817
      162819
      163306
      163308
      163786
      163795
      163797
      163806
      164275
      164284
      164286
      164764
      164773
      164775
      165252
      165262
      165263
      165264
      165265
      165741
      165751
      165752
      165753
      165754
      166230
      166241
      166242
      166243
      166719
      166730
      166731
      166732
      166735
      166736
      167208
      167219
      167220
      167708
      167709
      167715
      168197
      168198
      168204
      168686
      168692
      171608
      172097
      173563
      174052
