          94
       22844
       23821
       24310
       24798
       26277
       26752
       26766
       27254
       27255
       27743
       27744
       28218
       28228
       28229
       28230
       28231
       28232
       28233
       28718
       28719
       28720
       29195
       29206
       29207
       29208
       29209
       29684
       29693
       29694
       29695
       29696
       29697
       29698
       29699
       30177
       30179
       30180
       30181
       30182
       30183
       30184
       30185
       30186
       30187
       30661
       30665
       30669
       30670
       30671
       30672
       30673
       30674
       30675
       31158
       31159
       31160
       31161
       31162
       31163
       31164
       31640
       31642
       31647
       31648
       31653
       31654
       32129
       32136
       32141
       32624
       32630
       33113
       33119
       33602
       33608
       34587
       35564
       36549
       37031
       37032
       37033
       37034
       37040
       37519
       38006
       38007
       38503
       38992
       40455
       40460
       41911
       41925
       42411
       43869
