          53
      161338
      162300
      162791
      163294
      163782
      165248
      165732
      165737
      166221
      166226
      166710
      166715
      167201
      167202
      167688
      167690
      167691
      167692
      168177
      168179
      168180
      168181
      168662
      168664
      168666
      168668
      168669
      168670
      170627
      171111
      171116
      171600
      171605
      172089
      172094
      172578
      172583
      174044
      174046
      174534
      175022
      175026
      175027
      175515
      175516
      175999
      176004
      176005
      176487
      176494
      176967
      176982
      178925
