          62
      107786
      108765
      109745
      110725
      111216
      111217
      111220
      111711
      111712
      111713
      111714
      112204
      112693
      112694
      113184
      113673
      114653
      115143
      118576
      119061
      119555
      119557
      119558
      120039
      120045
      120046
      120047
      120536
      120537
      121029
      119106
      120077
      120559
      120561
      121028
      121035
      121036
      121037
      121038
      121039
      121040
      121041
      121042
      121043
      121044
      113674
      114164
      115144
      115145
      115635
      116614
      118574
      119064
      119065
      119550
      120044
      120535
      121027
      123950
      124930
      126885
      129332
