         123
      216457
      216458
      216945
      216946
      216947
      217434
      217435
      217436
      217437
      217923
      217924
      217925
      217926
      217927
      218411
      218412
      218413
      218414
      218415
      218416
      218417
      218418
      218899
      218900
      218901
      218902
      218903
      218904
      218905
      218907
      218908
      219388
      219389
      219390
      219391
      219392
      219393
      219394
      219396
      219397
      219871
      219874
      219875
      219876
      219877
      219878
      219879
      219880
      219881
      219882
      219883
      219884
      219885
      220347
      220348
      220351
      220352
      220355
      220361
      220363
      220364
      220365
      220366
      220367
      220368
      220369
      220370
      220371
      220372
      220842
      220843
      220846
      220847
      220848
      220851
      220852
      220853
      220854
      220855
      220856
      220857
      220858
      220859
      220860
      221334
      221335
      221336
      221341
      221342
      221343
      221344
      221345
      221346
      221347
      221348
      221828
      221829
      221830
      221831
      221832
      221833
      221834
      221835
      221836
      221837
      222318
      222319
      222320
      222321
      222322
      222323
      222324
      222325
      222808
      222809
      222810
      222811
      222812
      223297
      223298
      223299
      223300
      223301
