          50
      119022
      119512
      120491
      120981
      121470
      121960
      121976
      121977
      121978
      121979
      122449
      122464
      122465
      122466
      122939
      122948
      122949
      122950
      122951
      122952
      122953
      122954
      122955
      123429
      123430
      123431
      123432
      123433
      123434
      123435
      123436
      123437
      123438
      123439
      123440
      123441
      123918
      123919
      123920
      123921
      123922
      123923
      123924
      123925
      123926
      123927
      124411
      124412
      124413
      124414
