          69
      217001
      217490
      218954
      219443
      220422
      220921
      221411
      221892
      221895
      222376
      222377
      222379
      222381
      222386
      222865
      222867
      222868
      222869
      222870
      222873
      223354
      223356
      223357
      223358
      223359
      223360
      223361
      223363
      223843
      223844
      223845
      223846
      223847
      223848
      223849
      223851
      223852
      224332
      224333
      224334
      224335
      224336
      224337
      224338
      224339
      224340
      224821
      224822
      224823
      224824
      224825
      224826
      224827
      224828
      225310
      225311
      225312
      225313
      225314
      225315
      225316
      225317
      225318
      225801
      225804
      225805
      225806
      225807
      226295
