          39
      177009
      182397
      182884
      182885
      182886
      183372
      183373
      183374
      183375
      183861
      183862
      183863
      183864
      184350
      184351
      184352
      184353
      184839
      184841
      184842
      185330
      185331
      185818
      185819
      185820
      186307
      186308
      186309
      186797
      186798
      187286
      187287
      187775
      187776
      188264
      188265
      188754
      189243
      189732
