          67
      119411
      120378
      120863
      121350
      121838
      122326
      122813
      123308
      126229
      126235
      126236
      126237
      126238
      126740
      127718
      128205
      128693
      129181
      129182
      129670
      130158
      130646
      131133
      131618
      131619
      132103
      132104
      132105
      132589
      132590
      135066
      135541
      135542
      135543
      136026
      136027
      136029
      137005
      137985
      137986
      138471
      138472
      138960
      139446
      139447
      139448
      139449
      139937
      141405
      141894
      142382
      142869
      143356
      143845
      144333
      144822
      145310
      146288
      140426
      141406
      141895
      142383
      142870
      143357
      143846
      144334
      145311
