         156
      225104
      225130
      225593
      225616
      226578
      226579
      226589
      227056
      227057
      227058
      227064
      227070
      227071
      227072
      227073
      227074
      227077
      227558
      227559
      227560
      227561
      227562
      228032
      228033
      228034
      228046
      228047
      228048
      228049
      228050
      228051
      228519
      228520
      228521
      228522
      228523
      228535
      228536
      228537
      228538
      228539
      228540
      228541
      229023
      229024
      229025
      229026
      229027
      229028
      229029
      229030
      229031
      229510
      229511
      229512
      229513
      229514
      229515
      229516
      229517
      229518
      229519
      229520
      229997
      229998
      229999
      230000
      230001
      230002
      230003
      230004
      230005
      230006
      230007
      230008
      230009
      230467
      230468
      230469
      230472
      230473
      230474
      230484
      230485
      230486
      230487
      230488
      230489
      230490
      230491
      230492
      230493
      230494
      230495
      230496
      230497
      230498
      230963
      230964
      230971
      230972
      230973
      230974
      230975
      230976
      230977
      230978
      230979
      230980
      230981
      230982
      230983
      230984
      230985
      230986
      230987
      231459
      231460
      231461
      231462
      231463
      231464
      231466
      231467
      231468
      231469
      231470
      231471
      231472
      231473
      231474
      231475
      231476
      231949
      231950
      231951
      231952
      231953
      231954
      231955
      231956
      231957
      231958
      231959
      231960
      231961
      231962
      231964
      232444
      232445
      232446
      232447
      232448
      232449
      232450
      232451
