          49
       70538
       72492
       72968
       74926
       74927
       74928
       76395
       77359
       79340
       79828
       80316
       80804
       81292
       81780
       84708
       70542
       71031
       71520
       72014
       72991
       74457
       74946
       74947
       75924
       76412
       77388
       77876
       78852
       70541
       72010
       72013
       72502
       73968
       74945
       75434
       75922
       75923
       76900
       77875
       71515
       71979
       72470
       72969
       72977
       76377
       77850
       78341
       79809
       81275
