          58
      193502
      193990
      193991
      193992
      193993
      194478
      194479
      194480
      194481
      194482
      194483
      194967
      194968
      194969
      194970
      194971
      194972
      194973
      194974
      195456
      195457
      195458
      195459
      195460
      195461
      195462
      195463
      195464
      195465
      195946
      195947
      195948
      195949
      195950
      195951
      195952
      195953
      195954
      196436
      196437
      196438
      196439
      196440
      196441
      196442
      196443
      196927
      196928
      196929
      196930
      196931
      196932
      196933
      197418
      197419
      197420
      197421
      197422
