         191
      160638
      162101
      162102
      154797
      154800
      155282
      155283
      155284
      155285
      155290
      155768
      155769
      155770
      155775
      155776
      155777
      155778
      155779
      155780
      156258
      156259
      156260
      156261
      156262
      156263
      156264
      156265
      156267
      156744
      156745
      156746
      156747
      156748
      156749
      156750
      156751
      156752
      156753
      156754
      156755
      157231
      157232
      157233
      157234
      157235
      157236
      157237
      157238
      157239
      157240
      157241
      157242
      157243
      157244
      157245
      157719
      157720
      157721
      157722
      157723
      157724
      157725
      157726
      157727
      157728
      157729
      157730
      157731
      157732
      157733
      157734
      157735
      158206
      158207
      158208
      158209
      158210
      158211
      158212
      158213
      158214
      158215
      158216
      158217
      158218
      158219
      158220
      158221
      158222
      158223
      158224
      158694
      158695
      158696
      158697
      158698
      158699
      158700
      158701
      158702
      158703
      158704
      158705
      158706
      158707
      158708
      158709
      159179
      159180
      159181
      159182
      159183
      159184
      159185
      159186
      159187
      159188
      159189
      159190
      159191
      159192
      159193
      159194
      159665
      159666
      159667
      159668
      159669
      159670
      159671
      159672
      159673
      159674
      159675
      159676
      159677
      159678
      159679
      160151
      160153
      160154
      160155
      160156
      160157
      160158
      160159
      160160
      160161
      160162
      160163
      160164
      160165
      160166
      160167
      160639
      160640
      160641
      160642
      160643
      160644
      160645
      160646
      160647
      160648
      160649
      160650
      160651
      161126
      161127
      161128
      161129
      161130
      161131
      161132
      161133
      161134
      161135
      161137
      161615
      161616
      161617
      161618
      161622
      161623
      162104
      162108
      161125
      161614
      162100
      162103
      162589
