         229
       98502
       98984
       98985
       98986
       98987
       98988
       98989
       98990
       98991
       98992
       99473
       99474
       99475
       99477
       99478
       99479
       99480
       99481
       99482
       99483
       99962
       99963
       99964
       99966
       99967
       99968
       99971
       99972
       99973
       99974
      100451
      100452
      100453
      100454
      100455
      100456
      100457
      100458
      100459
      100460
      100461
      100464
      100465
      100466
      100939
      100940
      100941
      100942
      100943
      100944
      100945
      100946
      100947
      100948
      100949
      100950
      100951
      100952
      100953
      100954
      100956
      100957
      100958
      100959
      101428
      101429
      101430
      101431
      101432
      101433
      101434
      101435
      101436
      101437
      101438
      101439
      101441
      101442
      101443
      101444
      101445
      101446
      101447
      101448
      101917
      101918
      101920
      101921
      101922
      101923
      101924
      101925
      101926
      101927
      101928
      101929
      101930
      101933
      101934
      101935
      101936
      102406
      102407
      102408
      102410
      102411
      102412
      102413
      102414
      102415
      102416
      102418
      102419
      102420
      102421
      102422
      102423
      102424
      102425
      102897
      102898
      102899
      102900
      102901
      102902
      102903
      102904
      102905
      102906
      102907
      102908
      102909
      102910
      102911
      102912
      102913
      103387
      103388
      103389
      103390
      103391
      103392
      103393
      103394
      103395
      103396
      103397
      103398
      103399
      103400
      103401
      103402
      103876
      103877
      103878
      103879
      103880
      103881
      103882
      103883
      103884
      103885
      103886
      103887
      103888
      103889
      103890
      104366
      104367
      104368
      104369
      104370
      104371
      104372
      104373
      104374
      104375
      104376
      104377
      104378
      104856
      104857
      104858
      104859
      104860
      104861
      104862
      104863
      104864
      104865
      104866
      104867
      105346
      105347
      105348
      105349
      105350
      105351
      105352
      105353
      105354
      105355
      105835
      105836
      105837
      105838
      105839
      105840
      105841
      105842
      105843
      105844
      106325
      106326
      106327
      106328
      106329
      106330
      106331
      106332
      106817
      106818
      106819
      106820
      106821
      107307
      107308
      107309
      107797
