          53
       12551
       13040
       13529
       14017
       14018
       14505
       14506
       14507
       14513
       14514
       14994
       14996
       15001
       15003
       15485
       15490
       15492
       15974
       15979
       15981
       16467
       16470
       16956
       16959
       17438
       17444
       17448
       17927
       17933
       17937
       18426
       18907
       18915
       18919
       19396
       19885
       20387
       20869
       20875
       21351
       22334
       22831
       23320
       24288
       24291
       24294
       25269
       25275
       26252
       27222
       27713
       29673
       29674
