         116
         110
         598
         599
        1087
        1570
        1575
        1576
        1586
        2058
        2059
        2064
        2065
        2547
        2549
        2552
        2553
        2554
        2555
        2562
        3036
        3039
        3040
        3041
        3042
        3043
        3050
        3051
        3525
        3528
        3529
        3543
        3545
        4014
        4995
        6950
        7437
         122
         611
         627
        1117
        1118
        1119
        1120
        1603
        3067
        4037
        4526
        5013
        5014
        5015
        5016
        5017
         600
        1088
        2074
        2556
        2561
        3044
        3045
        3046
        3049
        3530
        3531
        3541
        3542
        3544
        4017
        4018
        4996
         111
         112
         113
         114
         115
         116
         117
         118
         119
         120
         121
         601
         604
         605
         606
         607
         608
         609
        1089
        1096
        1097
        1098
        1577
        1585
        2066
        2067
        2069
        2073
        2557
        2558
        2559
        2560
        3047
        3048
        3532
        3533
        3534
        3538
        3539
        3540
        4019
        4020
        4032
        4033
        4522
        5973
        6462
