          46
       72408
       74359
       74847
       78263
       78284
       78750
       79244
       79248
       79727
       80215
       80703
       80707
       81682
       81684
       82171
       82659
       83146
       83147
       83156
       83652
       84122
       84140
       84628
       85098
       86083
       86089
       86090
       86092
       86571
       86572
       86580
       87059
       87066
       87067
       87552
       88038
       88526
       88527
       88529
       88534
       89016
       89017
       89504
       90478
       90482
       92437
