         281
      124130
      124617
      124618
      124619
      124620
      125103
      125104
      125105
      125106
      125107
      125108
      125109
      125589
      125590
      125591
      125592
      125593
      125594
      125595
      125596
      125597
      125598
      126074
      126075
      126076
      126077
      126078
      126079
      126080
      126081
      126082
      126083
      126084
      126085
      126086
      126087
      126088
      126562
      126563
      126564
      126565
      126566
      126567
      126568
      126569
      126570
      126571
      126572
      126573
      126574
      126575
      126576
      126577
      127051
      127052
      127053
      127054
      127055
      127056
      127057
      127058
      127059
      127060
      127061
      127062
      127063
      127064
      127065
      127066
      127067
      127540
      127541
      127542
      127543
      127544
      127545
      127546
      127547
      127548
      127549
      127550
      127551
      127552
      127553
      127554
      127555
      127556
      128029
      128030
      128031
      128032
      128033
      128034
      128035
      128036
      128037
      128038
      128039
      128040
      128041
      128042
      128043
      128044
      128045
      128046
      128518
      128519
      128520
      128521
      128522
      128523
      128524
      128525
      128526
      128527
      128528
      128529
      128530
      128531
      128532
      128533
      128534
      128535
      129007
      129008
      129009
      129010
      129011
      129012
      129013
      129014
      129015
      129016
      129017
      129018
      129019
      129020
      129021
      129022
      129023
      129024
      129025
      129496
      129497
      129498
      129499
      129500
      129501
      129502
      129503
      129504
      129505
      129506
      129507
      129508
      129509
      129510
      129511
      129512
      129513
      129514
      129515
      129985
      129986
      129987
      129988
      129989
      129990
      129991
      129992
      129993
      129994
      129995
      129996
      129997
      129998
      129999
      130000
      130001
      130002
      130003
      130004
      130474
      130475
      130476
      130477
      130478
      130479
      130480
      130481
      130482
      130483
      130484
      130485
      130486
      130487
      130488
      130489
      130490
      130491
      130492
      130493
      130494
      130963
      130964
      130965
      130966
      130967
      130968
      130969
      130970
      130971
      130972
      130973
      130974
      130975
      130976
      130977
      130978
      130979
      130980
      130981
      130982
      130983
      131453
      131454
      131455
      131456
      131457
      131458
      131459
      131460
      131461
      131462
      131463
      131464
      131465
      131466
      131467
      131468
      131469
      131470
      131471
      131472
      131473
      131942
      131943
      131944
      131945
      131946
      131947
      131948
      131949
      131950
      131951
      131952
      131953
      131954
      131955
      131956
      131957
      131958
      131959
      131960
      131961
      131962
      132443
      132444
      132445
      132446
      132447
      132448
      132449
      132450
      132935
      132936
      132937
      132938
      132939
      133426
      133427
