          50
      121572
      125496
      126473
      127449
      128912
      129400
      130375
      130863
      130867
      131838
      132326
      132814
      133773
      133791
      133807
      134299
      134784
      134786
      135763
      136251
      136255
      136742
      137228
      137229
      138206
      139668
      141649
      142132
      143605
      144083
      146047
      147012
      147989
      148977
      149448
      149465
      150932
      151407
      151907
      152379
      152886
      153375
      154836
      155324
      156291
      156312
      156801
      157290
      157769
      159249
