         704
      212733
      212734
      212735
      212736
      213221
      213222
      213223
      213224
      213225
      213709
      213710
      213711
      213712
      213713
      213714
      214198
      214199
      214200
      214201
      214202
      214203
      214685
      214686
      214688
      214689
      214690
      214691
      214692
      214701
      214702
      214703
      214704
      214705
      215173
      215176
      215177
      215178
      215179
      215180
      215181
      215190
      215191
      215661
      215662
      215663
      215664
      215665
      215666
      215667
      215668
      215669
      215670
      215679
      215680
      215681
      216149
      216150
      216151
      216152
      216153
      216154
      216155
      216156
      216157
      216158
      216159
      216160
      216167
      216168
      216169
      216635
      216636
      216637
      216638
      216639
      216640
      216641
      216642
      216643
      216644
      216645
      216646
      216647
      216648
      216649
      216650
      216655
      216656
      216657
      217124
      217125
      217126
      217127
      217128
      217129
      217130
      217131
      217132
      217133
      217134
      217135
      217136
      217137
      217138
      217139
      217140
      217141
      217142
      217143
      217144
      217145
      217612
      217613
      217614
      217615
      217616
      217617
      217618
      217619
      217620
      217621
      217622
      217623
      217624
      217625
      217626
      217627
      217628
      217629
      217630
      217631
      217632
      217633
      218099
      218100
      218101
      218102
      218103
      218104
      218105
      218106
      218107
      218108
      218109
      218110
      218111
      218112
      218113
      218114
      218115
      218116
      218117
      218118
      218119
      218120
      218121
      218122
      218584
      218585
      218586
      218587
      218588
      218589
      218590
      218591
      218592
      218593
      218594
      218595
      218596
      218597
      218598
      218599
      218600
      218601
      218602
      218603
      218604
      218605
      218606
      218607
      218608
      218609
      218610
      219073
      219074
      219075
      219076
      219077
      219078
      219079
      219080
      219081
      219082
      219083
      219084
      219085
      219086
      219087
      219088
      219089
      219090
      219091
      219092
      219093
      219094
      219095
      219096
      219098
      219562
      219563
      219564
      219565
      219566
      219567
      219568
      219569
      219570
      219571
      219572
      219573
      219574
      219575
      219576
      219577
      219578
      219579
      219580
      219581
      219583
      219584
      219585
      219586
      220051
      220052
      220053
      220054
      220055
      220056
      220057
      220058
      220059
      220060
      220061
      220062
      220063
      220064
      220065
      220066
      220067
      220068
      220069
      220070
      220071
      220072
      220074
      220075
      220540
      220541
      220542
      220543
      220544
      220545
      220546
      220547
      220548
      220549
      220550
      220551
      220552
      220553
      220554
      220555
      220556
      220557
      220558
      220559
      220560
      220561
      220563
      221029
      221030
      221031
      221032
      221033
      221034
      221035
      221036
      221037
      221038
      221039
      221040
      221041
      221042
      221043
      221044
      221045
      221046
      221047
      221048
      221049
      221050
      221051
      221052
      221518
      221519
      221520
      221521
      221522
      221523
      221524
      221525
      221526
      221527
      221528
      221529
      221530
      221531
      221532
      221533
      221534
      221536
      221537
      221539
      221540
      222007
      222008
      222009
      222010
      222011
      222012
      222013
      222014
      222015
      222016
      222017
      222018
      222019
      222020
      222021
      222022
      222023
      222025
      222026
      222027
      222028
      222496
      222497
      222498
      222499
      222500
      222501
      222502
      222503
      222504
      222505
      222506
      222507
      222508
      222509
      222510
      222511
      222512
      222513
      222515
      222516
      222985
      222986
      222987
      222988
      222989
      222990
      222991
      222992
      222993
      222994
      222995
      222996
      222997
      222998
      222999
      223000
      223002
      223003
      223004
      223005
      223474
      223475
      223476
      223477
      223478
      223479
      223480
      223481
      223482
      223483
      223484
      223485
      223486
      223487
      223488
      223489
      223490
      223492
      223493
      223963
      223964
      223965
      223966
      223967
      223968
      223969
      223970
      223971
      223972
      223973
      223974
      223975
      223976
      223977
      223978
      223979
      223980
      223981
      224452
      224453
      224454
      224455
      224456
      224457
      224458
      224459
      224460
      224461
      224462
      224463
      224464
      224465
      224466
      224467
      224468
      224469
      224470
      224941
      224942
      224943
      224944
      224945
      224946
      224947
      224948
      224949
      224950
      224951
      224952
      224953
      224954
      224955
      224956
      224957
      224958
      224959
      225430
      225431
      225432
      225433
      225434
      225435
      225436
      225437
      225438
      225439
      225440
      225441
      225442
      225443
      225444
      225445
      225446
      225447
      225448
      225919
      225920
      225921
      225922
      225923
      225924
      225925
      225926
      225927
      225928
      225929
      225930
      225931
      225932
      225933
      225934
      225936
      226408
      226409
      226410
      226411
      226412
      226413
      226414
      226415
      226416
      226417
      226418
      226419
      226420
      226421
      226422
      226423
      226424
      226425
      226897
      226898
      226899
      226900
      226901
      226902
      226903
      226904
      226905
      226906
      226907
      226908
      226909
      226910
      226911
      226912
      226913
      226914
      227386
      227387
      227388
      227389
      227390
      227391
      227392
      227393
      227394
      227395
      227396
      227397
      227398
      227399
      227400
      227401
      227402
      227875
      227876
      227877
      227878
      227879
      227880
      227881
      227882
      227883
      227884
      227885
      227886
      227887
      227888
      227889
      227890
      227891
      228364
      228365
      228366
      228367
      228368
      228369
      228370
      228371
      228372
      228373
      228374
      228375
      228376
      228377
      228378
      228379
      228380
      228853
      228854
      228855
      228856
      228857
      228858
      228859
      228860
      228861
      228862
      228863
      228864
      228865
      228866
      228867
      228868
      228869
      229342
      229343
      229344
      229345
      229346
      229347
      229348
      229349
      229350
      229351
      229352
      229353
      229354
      229355
      229356
      229357
      229358
      229831
      229832
      229833
      229834
      229835
      229836
      229837
      229838
      229839
      229840
      229841
      229842
      229843
      229844
      229845
      229847
      230320
      230321
      230322
      230323
      230324
      230325
      230326
      230327
      230328
      230329
      230330
      230331
      230332
      230333
      230336
      230809
      230810
      230811
      230812
      230813
      230814
      230815
      230816
      230817
      230818
      230819
      230820
      230821
      230822
      230825
      231298
      231299
      231300
      231301
      231302
      231303
      231304
      231305
      231306
      231307
      231308
      231309
      231310
      231311
      231787
      231788
      231789
      231790
      231791
      231792
      231793
      231794
      231795
      231796
      231797
      231798
      231799
      232276
      232277
      232278
      232279
      232280
      232281
      232282
      232283
      232284
      232285
      232286
      232287
