         465
       12902
       12903
       12904
       12905
       12906
       12907
       12908
       13391
       13392
       13393
       13394
       13395
       13396
       13397
       13398
       13399
       13400
       13880
       13881
       13882
       13883
       13884
       13885
       13886
       13889
       13890
       13891
       14369
       14370
       14371
       14372
       14373
       14374
       14375
       14376
       14377
       14378
       14379
       14380
       14381
       14860
       14861
       14862
       14863
       14864
       14865
       14866
       14867
       14868
       14869
       14871
       14872
       15350
       15351
       15352
       15353
       15354
       15355
       15356
       15357
       15358
       15359
       15360
       15361
       15362
       15363
       15838
       15839
       15840
       15841
       15842
       15843
       15844
       15845
       15846
       15847
       15848
       15849
       15850
       15851
       15852
       15853
       16326
       16327
       16328
       16329
       16330
       16331
       16332
       16333
       16334
       16335
       16336
       16337
       16338
       16339
       16340
       16342
       16343
       16815
       16816
       16817
       16818
       16819
       16820
       16821
       16822
       16823
       16824
       16825
       16826
       16827
       16828
       16829
       16830
       16831
       16832
       17304
       17305
       17306
       17307
       17308
       17309
       17310
       17311
       17312
       17313
       17314
       17315
       17316
       17317
       17318
       17319
       17320
       17321
       17793
       17794
       17795
       17796
       17797
       17798
       17799
       17800
       17801
       17802
       17803
       17804
       17805
       17806
       17807
       17808
       17809
       17810
       18282
       18283
       18284
       18285
       18286
       18287
       18288
       18289
       18290
       18291
       18292
       18293
       18294
       18295
       18296
       18297
       18298
       18299
       18771
       18772
       18773
       18774
       18775
       18776
       18777
       18778
       18779
       18780
       18781
       18782
       18783
       18784
       18785
       18786
       18787
       18788
       18789
       19261
       19262
       19263
       19264
       19265
       19266
       19267
       19268
       19269
       19270
       19271
       19272
       19273
       19274
       19275
       19276
       19277
       19278
       19750
       19751
       19752
       19753
       19754
       19755
       19756
       19757
       19758
       19759
       19760
       19761
       19762
       19763
       19764
       19765
       19766
       19767
       20238
       20239
       20240
       20241
       20242
       20243
       20244
       20245
       20246
       20247
       20248
       20249
       20250
       20251
       20252
       20253
       20254
       20255
       20256
       20728
       20729
       20730
       20731
       20732
       20733
       20734
       20735
       20736
       20737
       20738
       20739
       20740
       20741
       20742
       20743
       20744
       20745
       21218
       21219
       21220
       21221
       21222
       21223
       21224
       21225
       21226
       21227
       21228
       21229
       21230
       21231
       21232
       21233
       21234
       21705
       21706
       21707
       21708
       21709
       21710
       21711
       21712
       21713
       21714
       21715
       21716
       21717
       21718
       21719
       21720
       21721
       21722
       21723
       22194
       22195
       22196
       22197
       22198
       22199
       22200
       22201
       22202
       22203
       22204
       22205
       22206
       22207
       22208
       22209
       22210
       22211
       22212
       22685
       22686
       22687
       22688
       22689
       22690
       22691
       22692
       22693
       22694
       22695
       22696
       22697
       22698
       22699
       22700
       22701
       23176
       23177
       23178
       23179
       23180
       23181
       23182
       23183
       23184
       23185
       23186
       23187
       23188
       23189
       23190
       23665
       23666
       23667
       23668
       23669
       23670
       23671
       23672
       23673
       23674
       23675
       23676
       23677
       23678
       24142
       24143
       24144
       24145
       24146
       24147
       24148
       24158
       24159
       24160
       24161
       24162
       24163
       24164
       24165
       24166
       24632
       24633
       24634
       24635
       24636
       24637
       24638
       24639
       24640
       24650
       24651
       24652
       24653
       24654
       25121
       25122
       25123
       25124
       25125
       25126
       25127
       25128
       25129
       25130
       25131
       25141
       25610
       25611
       25612
       25613
       25614
       25615
       25616
       25617
       26099
       26100
       26101
       26102
       26103
       26104
       26105
       26106
       26107
       26108
       26109
       26110
       26113
       26114
       26125
       26126
       26589
       26590
       26591
       26592
       26593
       26594
       26595
       26596
       26597
       26598
       26599
       26600
       26601
       26602
       26603
       26604
       27078
       27079
       27080
       27081
       27082
       27083
       27084
       27085
       27086
       27087
       27088
       27089
       27090
       27091
       27567
       27568
       27574
       27575
       27576
