          82
      140679
      141659
      141660
      142148
      142149
      142637
      142638
      143126
      143127
      143616
      144105
      144106
      144584
      144589
      144595
      145074
      145084
      145085
      145105
      145547
      145567
      145573
      145585
      145588
      145594
      146035
      146050
      146074
      146077
      146082
      146552
      146563
      146566
      147029
      147041
      147051
      147052
      147055
      147518
      147530
      147534
      147535
      147536
      147538
      147539
      147548
      148007
      148019
      148022
      148025
      148026
      148027
      148496
      148510
      148511
      148514
      148515
      148516
      148985
      148998
      148999
      149003
      149004
      149005
      149006
      149489
      149498
      149504
      149978
      149987
      149993
      150467
      150482
      150956
      150971
      151460
      151949
      152433
      152438
      152922
      152927
      154879
