          63
      192258
      192740
      192742
      193715
      194690
      194691
      196154
      197616
      197619
      197620
      198104
      198105
      198108
      198594
      198595
      198596
      198597
      199083
      199084
      199087
      199569
      199572
      199576
      200058
      200059
      200060
      200061
      200062
      200063
      200547
      200548
      200549
      200550
      200551
      200552
      201035
      201036
      201037
      201038
      201039
      201040
      201523
      201525
      201526
      201527
      201528
      202012
      202013
      202014
      202015
      202501
      202502
      202503
      202989
      202991
      202992
      202993
      203474
      203480
      203481
      203482
      204455
      205432
