          45
      116609
      117098
      117101
      117587
      117590
      117591
      118077
      118078
      118566
      118567
      119055
      119056
      119544
      119545
      119552
      120033
      120034
      120041
      120522
      120523
      120530
      120532
      121012
      121018
      121019
      121020
      121022
      121501
      121507
      121508
      121509
      121512
      121513
      121514
      121515
      121990
      121993
      121997
      122000
      122479
      122482
      122486
      126887
      128353
      128355
