          40
      127321
      127810
      128299
      128788
      129277
      130254
      130255
      130742
      130743
      130744
      131231
      131232
      131233
      131719
      131720
      131721
      131722
      132208
      132209
      132210
      132211
      132697
      132698
      132699
      132700
      133186
      133187
      133188
      133189
      133676
      133677
      133678
      134165
      134166
      134167
      134654
      136120
      137097
      137587
      138076
