          72
      116678
      118150
      119618
      120103
      121575
      122059
      122064
      122065
      122075
      122547
      123035
      123040
      123528
      123534
      123535
      124014
      124038
      124505
      124985
      124987
      125016
      125473
      125961
      126449
      126943
      126969
      127429
      127457
      127927
      128413
      128429
      128434
      128901
      128922
      129875
      129883
      129885
      130354
      131330
      131337
      131824
      131836
      131844
      131852
      132822
      133299
      133795
      133803
      134294
      135250
      135738
      135739
      136228
      136713
      136721
      137688
      138200
      138666
      138686
      139149
      139662
      140136
      141126
      141613
      143073
      143560
      144067
      144553
      145048
      145049
      145524
      146012
