          50
      118928
      118929
      119413
      119415
      119894
      119895
      119898
      119899
      120379
      120380
      120382
      120864
      120866
      121351
      121839
      121840
      122327
      122328
      122814
      122815
      122817
      122832
      122833
      122834
      122835
      122837
      122839
      122840
      122841
      122844
      123315
      123316
      123322
      123324
      126230
      126231
      126232
      126233
      126234
      126736
      126739
      127229
      127230
      129180
      129669
      130154
      130157
      130645
      132588
      133074
