          84
      173827
      173832
      177739
      177747
      177748
      177749
      177750
      178234
      178235
      178236
      178237
      178709
      178711
      178712
      178713
      178714
      178715
      178716
      178717
      178718
      178719
      178720
      178721
      179197
      179198
      179199
      179200
      179201
      179202
      179203
      179204
      179205
      179206
      179207
      179208
      179686
      179687
      179688
      179689
      179690
      179691
      179692
      179693
      179694
      180173
      180174
      180175
      180176
      180660
      180661
      181145
      181146
      181628
      181629
      181630
      181631
      183114
      183115
      183116
      183603
      183604
      183605
      184091
      184092
      184093
      185067
      185068
      185069
      185074
      185556
      185557
      185560
      185561
      185562
      185563
      186048
      186051
      186536
      186539
      187024
      187512
      187513
      188000
      188001
