         281
      223669
      224157
      225622
      225623
      225624
      225625
      225626
      226103
      226110
      226111
      226112
      226113
      226114
      226117
      226118
      226119
      226594
      226595
      226596
      226601
      226602
      226603
      226607
      226608
      226609
      227083
      227084
      227085
      227087
      227088
      227090
      227091
      227092
      227093
      227096
      227097
      227098
      227099
      227563
      227575
      227576
      227577
      227578
      227579
      227580
      227581
      227582
      227583
      227584
      227585
      228052
      228053
      228064
      228065
      228066
      228067
      228068
      228069
      228070
      228071
      228072
      228073
      228074
      228542
      228553
      228554
      228555
      228556
      228557
      228558
      228559
      228560
      228561
      228562
      228563
      228564
      228565
      228566
      228567
      229032
      229041
      229042
      229043
      229044
      229045
      229046
      229047
      229048
      229049
      229050
      229051
      229052
      229053
      229054
      229055
      229056
      229057
      229521
      229529
      229530
      229531
      229532
      229533
      229534
      229535
      229536
      229537
      229538
      229539
      229540
      229541
      229542
      229543
      229544
      229545
      229546
      229547
      229548
      230010
      230018
      230019
      230020
      230021
      230022
      230023
      230024
      230025
      230026
      230027
      230028
      230029
      230030
      230031
      230032
      230033
      230034
      230035
      230036
      230037
      230038
      230499
      230506
      230507
      230508
      230509
      230510
      230511
      230512
      230513
      230514
      230515
      230516
      230517
      230518
      230519
      230520
      230521
      230522
      230523
      230524
      230525
      230526
      230527
      230988
      230995
      230996
      230997
      230998
      230999
      231000
      231001
      231002
      231003
      231004
      231005
      231006
      231007
      231008
      231009
      231010
      231011
      231012
      231013
      231014
      231015
      231016
      231477
      231478
      231481
      231482
      231483
      231484
      231485
      231486
      231487
      231488
      231489
      231490
      231491
      231492
      231493
      231494
      231495
      231496
      231497
      231498
      231499
      231500
      231501
      231502
      231503
      231504
      231505
      231506
      231507
      231508
      231963
      231965
      231966
      231967
      231970
      231971
      231972
      231973
      231974
      231975
      231976
      231977
      231978
      231979
      231980
      231981
      231982
      231983
      231984
      231985
      231986
      231987
      231988
      231989
      231990
      231991
      231992
      231993
      231994
      231995
      231996
      231997
      231998
      232453
      232454
      232456
      232459
      232460
      232461
      232462
      232463
      232464
      232465
      232466
      232467
      232468
      232469
      232470
      232471
      232472
      232473
      232474
      232475
      232476
      232477
      232478
      232479
      232480
      232481
      232482
      232483
      232484
      232485
      232486
      232487
