          52
      192351
      192832
      192837
      193315
      193316
      193796
      193797
      193816
      194284
      194293
      194302
      194770
      194788
      194797
      195278
      195761
      196246
      196247
      196730
      196733
      196734
      196738
      197226
      197232
      197709
      197720
      197721
      197724
      198211
      198709
      198710
      199196
      199197
      199198
      199683
      199685
      199686
      199688
      200175
      200662
      201151
      202128
      202616
      202618
      203100
      203101
      203102
      203107
      203588
      203589
      203593
      203599
