          55
      112292
      112780
      112784
      115221
      117682
      118151
      118170
      118639
      119130
      119637
      120109
      120125
      120613
      121080
      121083
      121568
      122550
      122566
      123042
      123043
      123550
      124497
      125989
      125993
      126453
      126941
      127453
      127934
      127941
      128890
      129378
      129899
      130373
      131356
      131364
      132829
      135258
      135758
      136734
      136736
      137224
      137710
      137712
      137713
      138199
      138688
      139174
      140151
      142120
      142607
      143597
      144071
      144084
      144552
      146011
