         152
      165355
      165356
      165357
      166334
      167311
      167797
      167798
      167800
      168285
      168772
      168773
      169261
      169748
      169749
      169755
      170243
      170244
      170723
      170724
      170725
      170731
      170732
      170733
      171210
      171211
      171217
      171218
      171219
      171220
      171698
      171699
      171706
      171709
      171712
      171713
      172186
      172187
      172194
      172198
      172199
      172201
      172202
      172672
      172674
      172675
      172682
      172683
      172684
      172685
      172686
      172687
      172688
      172691
      173162
      173163
      173164
      173170
      173171
      173172
      173175
      173176
      173177
      173178
      173180
      173649
      173652
      173653
      173654
      173659
      173660
      173664
      173665
      174136
      174137
      174138
      174139
      174143
      174148
      174149
      174152
      174153
      174156
      174624
      174626
      174627
      174632
      174639
      174640
      174641
      174644
      175113
      175114
      175115
      175121
      175127
      175128
      175132
      175599
      175602
      175609
      175616
      175619
      175632
      176087
      176088
      176091
      176097
      176098
      176103
      176104
      176108
      176113
      176114
      176119
      176575
      176588
      176597
      176606
      177063
      177067
      177074
      177077
      177086
      177093
      177096
      177565
      177566
      177572
      177578
      178039
      178043
      178044
      178051
      178053
      178054
      178059
      178060
      178062
      178539
      178542
      178547
      179028
      179030
      179035
      179517
      179518
      179523
      180016
      180500
      180505
      181477
      184405
