          85
       50162
       50650
       51138
       51152
       51166
       51167
       51659
       52121
       52139
       52153
       52154
       52608
       52620
       52646
       52647
       52648
       52649
       53095
       53100
       53110
       53120
       53124
       53140
       53141
       53608
       53611
       53631
       54087
       54102
       54121
       54579
       54587
       55066
       55068
       55078
       56050
       56064
       56074
       56535
       56536
       56553
       56555
       56556
       56559
       56560
       57028
       57052
       57518
       57536
       57539
       58003
       58004
       58986
       58991
       59503
       59974
       59985
       60460
       60462
       60474
       60934
       60941
       60942
       60950
       61421
       61422
       61433
       61438
       61440
       61907
       61924
       62416
       62420
       62423
       62425
       63884
       63889
       63892
       63897
       64376
       64874
       65353
       66335
       66337
       66822
