         174
       82362
       82841
       83330
       83337
       83338
       83339
       83824
       83825
       83826
       83827
       84311
       84312
       84313
       84796
       84800
       84801
       85299
       88218
       88707
       89196
       89204
       89208
       89685
       89697
       90174
       90663
       90664
       90673
       90674
       90675
       91153
       91161
       91162
       91163
       91164
       91642
       91646
       91647
       91648
       91649
       91650
       91651
       91652
       91653
       92131
       92132
       92134
       92135
       92136
       92137
       92138
       92139
       92140
       92141
       92142
       92143
       92621
       92623
       92624
       92625
       92626
       92627
       92630
       92632
       93110
       93111
       93112
       93113
       93114
       93115
       93119
       93120
       93121
       93122
       93127
       93599
       93600
       93601
       93602
       93603
       93604
       93605
       93606
       93607
       93608
       93609
       93610
       93616
       93617
       94089
       94090
       94091
       94092
       94093
       94094
       94095
       94096
       94097
       94098
       94578
       94581
       94582
       94584
       94586
       95067
       95074
       95075
       95556
       95565
       96045
       96055
       96534
       97035
       98489
       98977
       94579
       94580
       94583
       95068
       95069
       95070
       95071
       95073
       95557
       95564
       96545
       97023
       97525
       95581
       95582
       96069
       96073
       96546
       96558
       96559
       96560
       96561
       96562
       96563
       96564
       96565
       97046
       97048
       97526
       97528
       97533
       97534
       97536
       97537
       98018
       98021
       98022
       98511
       98513
       98516
       98998
       94088
       94099
       94585
       95076
       97022
       97511
       98000
       98488
       99465
       99954
      100443
      101422
      101911
      102401
      102890
      103869
      104359
      105338
