          63
      200415
      200904
      201393
      201882
      202859
      202871
      203348
      203837
      204325
      204326
      204338
      204814
      204815
      204827
      205303
      205304
      205792
      206280
      206281
      206769
      206770
      207257
      207258
      207746
      207747
      208234
      208242
      208243
      208244
      208245
      208723
      208733
      208734
      208738
      209214
      209216
      209222
      209223
      209225
      209703
      209705
      209712
      209713
      209717
      210192
      210194
      210195
      210208
      210681
      210683
      210684
      211167
      211172
      211173
      211656
      211661
      211662
      212152
      212641
      212643
      213130
      213132
      213619
