          38
       96908
      100324
      100812
      101302
      101787
      102275
      103740
      104228
      104243
      104244
      104245
      104716
      104727
      104728
      104729
      104733
      104734
      105202
      105203
      105207
      105214
      105215
      105221
      105689
      105691
      105699
      105709
      106177
      106178
      106184
      106185
      106196
      106667
      106683
      107159
      107170
      107646
      107657
