         123
      118930
      118931
      118932
      118933
      118934
      118935
      118936
      118937
      118941
      118942
      118943
      118946
      118947
      119414
      119435
      120411
      122358
      122838
      122842
      122843
      138500
      138986
      138987
      138988
      138989
      138990
      138991
      139475
      139476
      139477
      139478
      139479
      139480
      139964
      139965
      139966
      139967
      139968
      139969
      140453
      140454
      140455
      140458
      140936
      140941
      140942
      140943
      140944
      141429
      141435
      141919
      141922
      142406
      142409
      142892
      142893
      142900
      142904
      143875
      144368
      144856
      144857
      144858
      145341
      145342
      145344
      146319
      146321
      140945
      140947
      141433
      141436
      141918
      142403
      142407
      142408
      142894
      142895
      142896
      142897
      142898
      142899
      142903
      143382
      143385
      143386
      143389
      143872
      143874
      144363
      144364
      144367
      144851
      144852
      144853
      145343
      145347
      145830
      145832
      145833
      145834
      146320
      146322
      146810
      140456
      140457
      140946
      143383
      143384
      143387
      143388
      143873
      143876
      143877
      143878
      144362
      144365
      144366
      144854
      144855
      145346
      145831
      146323
