         198
      104980
      104981
      104988
      104990
      105469
      105470
      105476
      105477
      105958
      105959
      105964
      105965
      105966
      105967
      105968
      105969
      106446
      106447
      106448
      106453
      106454
      106455
      106456
      106457
      106458
      106459
      106460
      106461
      106462
      106464
      106465
      106935
      106936
      106942
      106943
      106944
      106945
      106946
      106947
      106948
      106949
      106950
      106951
      106952
      106953
      106954
      106955
      107424
      107425
      107430
      107431
      107432
      107433
      107434
      107435
      107436
      107437
      107438
      107439
      107440
      107441
      107442
      107443
      107444
      107913
      107919
      107920
      107921
      107922
      107923
      107924
      107925
      107926
      107927
      107928
      107929
      107930
      107931
      107932
      107933
      108402
      108407
      108408
      108409
      108410
      108411
      108412
      108413
      108414
      108415
      108416
      108417
      108418
      108419
      108420
      108421
      108422
      108890
      108891
      108896
      108897
      108898
      108899
      108900
      108901
      108902
      108903
      108904
      108905
      108906
      108907
      108908
      108909
      108910
      108911
      109379
      109385
      109386
      109387
      109388
      109389
      109390
      109391
      109392
      109393
      109396
      109397
      109398
      109399
      109400
      109867
      109868
      109873
      109874
      109875
      109876
      109877
      109878
      109879
      109880
      109881
      109885
      109886
      109887
      109888
      109889
      110361
      110362
      110363
      110364
      110365
      110366
      110367
      110368
      110369
      110370
      110371
      110373
      110374
      110375
      110376
      110377
      110852
      110853
      110854
      110855
      110856
      110857
      110858
      110859
      110861
      110862
      110863
      110864
      110865
      110866
      111344
      111345
      111346
      111347
      111348
      111350
      111351
      111352
      111353
      111836
      111837
      111839
      111840
      111841
      111842
      112326
      112328
      112329
      112330
      112331
      112332
      112820
