          60
      216380
      216868
      218319
      218808
      218819
      220281
      220769
      221257
      221745
      222231
      222720
      223700
      224189
      224678
      225167
      225656
      225666
      226145
      226146
      226634
      226635
      227123
      227124
      227613
      227614
      228101
      228102
      228103
      228104
      228105
      228106
      228107
      228590
      228591
      229078
      229079
      229080
      229566
      229567
      229568
      229569
      230056
      230057
      230058
      230545
      230546
      230547
      231033
      231034
      231035
      231520
      231521
      231522
      231523
      232009
      232010
      232011
      232012
      232498
      232499
