        2253
       86536
       86537
       86538
       87024
       87026
       87027
       87028
       87029
       87513
       87515
       87516
       87517
       87518
       87519
       88001
       88002
       88004
       88005
       88006
       88007
       88008
       88009
       88010
       88489
       88490
       88491
       88493
       88494
       88495
       88496
       88497
       88498
       88499
       88500
       88501
       88977
       88978
       88979
       88980
       88982
       88983
       88984
       88985
       88986
       88987
       88988
       88989
       88990
       88991
       88992
       89466
       89467
       89468
       89469
       89471
       89472
       89473
       89474
       89475
       89476
       89477
       89478
       89479
       89480
       89482
       89483
       89955
       89956
       89957
       89958
       89960
       89961
       89962
       89963
       89964
       89965
       89966
       89967
       89969
       89970
       89971
       89972
       89974
       89975
       90444
       90445
       90446
       90447
       90449
       90450
       90451
       90452
       90453
       90454
       90455
       90457
       90458
       90459
       90461
       90462
       90463
       90464
       90465
       90932
       90933
       90934
       90935
       90936
       90937
       90938
       90939
       90940
       90941
       90942
       90943
       90944
       90945
       90946
       90947
       90948
       90949
       90950
       90951
       90952
       90953
       90954
       91420
       91421
       91422
       91423
       91424
       91425
       91426
       91427
       91428
       91429
       91430
       91431
       91432
       91433
       91434
       91435
       91436
       91437
       91438
       91439
       91440
       91441
       91442
       91443
       91909
       91910
       91911
       91912
       91913
       91914
       91915
       91916
       91917
       91918
       91919
       91920
       91921
       91922
       91923
       91924
       91925
       91926
       91927
       91928
       91929
       91930
       91931
       91932
       92398
       92399
       92400
       92401
       92402
       92403
       92404
       92405
       92406
       92407
       92408
       92409
       92410
       92411
       92412
       92413
       92414
       92415
       92416
       92417
       92418
       92419
       92420
       92421
       92887
       92888
       92889
       92890
       92891
       92892
       92893
       92894
       92895
       92896
       92897
       92898
       92899
       92900
       92901
       92902
       92903
       92904
       92905
       92906
       92907
       92908
       92909
       92910
       93376
       93377
       93378
       93379
       93380
       93381
       93382
       93383
       93384
       93385
       93386
       93387
       93388
       93389
       93390
       93391
       93392
       93393
       93394
       93395
       93396
       93397
       93398
       93399
       93865
       93866
       93867
       93868
       93869
       93870
       93871
       93872
       93873
       93874
       93875
       93876
       93877
       93878
       93879
       93880
       93881
       93882
       93883
       93884
       93885
       93886
       93887
       93888
       93370
       93371
       93372
       93373
       93374
       93375
       93859
       93860
       93861
       93862
       93863
       93864
       94348
       94349
       94350
       94351
       94352
       94353
       94354
       94355
       94356
       94357
       94358
       94359
       94837
       94838
       94839
       94840
       94841
       94842
       94843
       94844
       94845
       94846
       94847
       95326
       95327
       95328
       95329
       95330
       95331
       95332
       95333
       95334
       95335
       95336
       95338
       95815
       95816
       95817
       95818
       95819
       95820
       95821
       95822
       95823
       95824
       95825
       96304
       96305
       96306
       96307
       96308
       96309
       96310
       96311
       96312
       96313
       96314
       96793
       96794
       96795
       96796
       96797
       96798
       96799
       96800
       96801
       96802
       96803
       97282
       97283
       97284
       97285
       97286
       97287
       97288
       97289
       97290
       97291
       97292
       97771
       97772
       97773
       97774
       97775
       97776
       97777
       97778
       97779
       97780
       97781
       98259
       98260
       98261
       98262
       98263
       98264
       98265
       98266
       98267
       98268
       98269
       98748
       98749
       98750
       98751
       98752
       98753
       98754
       98755
       98756
       98758
       99237
       99238
       99239
       99240
       99241
       99242
       99243
       99244
       99245
       99246
       99247
       99726
       99727
       99728
       99729
       99730
       99731
       99732
       99733
       99734
       99735
       99736
      100216
      100217
      100218
      100219
      100220
      100221
      100222
      100223
      100224
      100225
      100709
      100710
      100711
      100712
      100713
      100714
      101201
      101202
      101203
      101692
      102181
       94360
       94361
       94362
       94363
       94364
       94365
       94366
       94367
       94368
       94369
       94370
       94371
       94372
       94373
       94374
       94375
       94376
       94377
       94849
       94850
       94851
       94852
       94853
       94854
       94855
       94856
       94857
       94858
       94859
       94860
       94861
       94862
       94863
       94864
       94865
       94866
       95339
       95340
       95341
       95342
       95343
       95344
       95345
       95346
       95347
       95348
       95349
       95350
       95351
       95352
       95353
       95354
       95355
       95828
       95829
       95830
       95831
       95832
       95833
       95834
       95835
       95836
       95837
       95838
       95839
       95840
       95841
       95842
       95843
       95844
       96317
       96318
       96319
       96320
       96321
       96322
       96323
       96324
       96325
       96326
       96327
       96328
       96329
       96330
       96331
       96332
       96333
       96806
       96807
       96808
       96809
       96810
       96811
       96812
       96813
       96814
       96815
       96816
       96817
       96818
       96819
       96820
       96821
       96822
       97295
       97296
       97297
       97298
       97299
       97300
       97301
       97302
       97303
       97304
       97305
       97306
       97307
       97308
       97309
       97310
       97311
       97784
       97785
       97786
       97787
       97788
       97789
       97790
       97791
       97792
       97793
       97794
       97795
       97796
       97797
       97798
       97799
       97800
       98273
       98274
       98275
       98276
       98277
       98278
       98279
       98280
       98281
       98282
       98283
       98284
       98285
       98286
       98287
       98288
       98289
       98762
       98763
       98764
       98765
       98766
       98767
       98768
       98769
       98770
       98771
       98772
       98773
       98774
       98775
       98776
       98777
       98778
       99251
       99252
       99253
       99254
       99255
       99256
       99257
       99258
       99259
       99260
       99261
       99262
       99263
       99264
       99265
       99266
       99267
       99740
       99741
       99742
       99743
       99744
       99745
       99746
       99747
       99748
       99749
       99750
       99751
       99752
       99753
       99754
       99755
       99756
      100229
      100230
      100231
      100232
      100233
      100234
      100235
      100236
      100237
      100238
      100239
      100240
      100241
      100242
      100243
      100244
      100245
      100719
      100720
      100721
      100722
      100723
      100724
      100725
      100726
      100727
      100728
      100729
      100730
      100731
      100732
      100733
      100734
       80148
       80637
       81125
       81128
       81129
       81131
       81612
       81613
       81615
       81616
       81617
       81620
       81621
       82101
       82102
       82104
       82105
       82109
       82110
       82111
       82589
       82592
       82594
       82595
       82597
       82598
       82602
       82603
       82606
       83076
       83077
       83079
       83080
       83081
       83082
       83083
       83084
       83085
       83086
       83087
       83088
       83089
       83090
       83091
       83092
       83093
       83094
       83095
       83096
       83097
       83098
       83565
       83566
       83567
       83568
       83569
       83570
       83571
       83572
       83573
       83574
       83575
       83576
       83577
       83578
       83579
       83580
       83581
       83582
       83583
       83584
       83585
       83586
       83587
       83588
       84054
       84055
       84056
       84057
       84058
       84059
       84060
       84061
       84062
       84063
       84064
       84065
       84066
       84067
       84068
       84069
       84070
       84071
       84072
       84073
       84074
       84075
       84076
       84077
       84078
       84079
       84080
       84081
       84541
       84542
       84544
       84545
       84546
       84547
       84548
       84549
       84550
       84551
       84552
       84553
       84554
       84555
       84556
       84557
       84558
       84559
       84560
       84561
       84562
       84563
       84564
       84565
       84566
       84567
       84568
       84569
       84570
       84571
       84573
       84575
       85029
       85030
       85033
       85034
       85035
       85036
       85037
       85038
       85039
       85040
       85041
       85042
       85043
       85044
       85045
       85046
       85047
       85048
       85049
       85050
       85051
       85052
       85053
       85054
       85055
       85056
       85057
       85058
       85059
       85060
       85061
       85062
       85064
       85065
       85066
       85517
       85519
       85520
       85521
       85522
       85523
       85524
       85525
       85526
       85527
       85528
       85529
       85530
       85531
       85532
       85533
       85534
       85535
       85536
       85537
       85538
       85539
       85540
       85541
       85542
       85543
       85544
       85545
       85546
       85547
       85548
       85549
       85550
       85551
       85552
       85553
       85554
       85555
       85556
       85557
       86006
       86007
       86008
       86009
       86010
       86011
       86012
       86013
       86014
       86015
       86016
       86017
       86018
       86019
       86020
       86021
       86022
       86023
       86024
       86025
       86026
       86027
       86028
       86029
       86030
       86031
       86032
       86033
       86034
       86035
       86036
       86037
       86038
       86039
       86040
       86041
       86042
       86043
       86044
       86045
       86046
       86493
       86494
       86495
       86496
       86497
       86498
       86499
       86500
       86501
       86502
       86503
       86504
       86505
       86506
       86507
       86508
       86509
       86510
       86511
       86512
       86513
       86514
       86515
       86516
       86517
       86518
       86519
       86520
       86521
       86522
       86523
       86524
       86525
       86526
       86527
       86528
       86529
       86530
       86531
       86532
       86533
       86534
       86535
       86981
       86982
       86983
       86984
       86985
       86986
       86987
       86988
       86989
       86990
       86991
       86992
       86993
       86994
       86995
       86996
       86997
       86998
       86999
       87000
       87001
       87002
       87003
       87004
       87005
       87006
       87007
       87008
       87009
       87010
       87011
       87012
       87013
       87014
       87015
       87016
       87017
       87018
       87019
       87020
       87021
       87022
       87023
       87469
       87470
       87471
       87472
       87473
       87474
       87475
       87476
       87477
       87478
       87479
       87480
       87481
       87482
       87483
       87484
       87485
       87486
       87487
       87488
       87489
       87490
       87491
       87492
       87493
       87494
       87495
       87496
       87497
       87498
       87499
       87500
       87501
       87502
       87503
       87504
       87505
       87506
       87507
       87508
       87509
       87510
       87511
       87512
       87957
       87958
       87959
       87960
       87961
       87962
       87963
       87964
       87965
       87966
       87967
       87968
       87969
       87970
       87971
       87972
       87973
       87974
       87975
       87976
       87977
       87978
       87979
       87980
       87981
       87982
       87983
       87984
       87985
       87986
       87987
       87988
       87989
       87990
       87991
       87992
       87993
       87994
       87995
       87996
       87997
       87998
       87999
       88000
       88445
       88446
       88447
       88448
       88449
       88450
       88451
       88452
       88453
       88454
       88455
       88456
       88457
       88458
       88459
       88460
       88461
       88462
       88463
       88464
       88465
       88466
       88467
       88468
       88469
       88470
       88471
       88472
       88473
       88474
       88475
       88476
       88477
       88478
       88479
       88480
       88481
       88482
       88483
       88484
       88485
       88486
       88487
       88488
       88933
       88934
       88935
       88936
       88937
       88938
       88939
       88940
       88941
       88942
       88943
       88944
       88945
       88946
       88947
       88948
       88949
       88950
       88951
       88952
       88953
       88954
       88955
       88956
       88957
       88958
       88959
       88960
       88961
       88962
       88963
       88964
       88965
       88966
       88967
       88968
       88969
       88970
       88971
       88972
       88973
       88974
       88975
       88976
       89421
       89422
       89423
       89424
       89425
       89426
       89427
       89428
       89429
       89430
       89431
       89432
       89433
       89434
       89435
       89436
       89437
       89438
       89439
       89440
       89441
       89442
       89443
       89444
       89445
       89446
       89447
       89448
       89449
       89450
       89451
       89452
       89453
       89454
       89455
       89456
       89457
       89458
       89459
       89460
       89461
       89462
       89463
       89464
       89465
       89909
       89910
       89912
       89913
       89914
       89915
       89916
       89917
       89918
       89919
       89920
       89921
       89922
       89923
       89924
       89925
       89926
       89927
       89928
       89929
       89930
       89931
       89932
       89933
       89934
       89935
       89936
       89937
       89938
       89939
       89940
       89941
       89942
       89943
       89944
       89945
       89946
       89947
       89948
       89949
       89950
       89951
       89952
       89953
       89954
       90397
       90398
       90399
       90400
       90401
       90402
       90403
       90404
       90405
       90406
       90407
       90408
       90409
       90410
       90411
       90412
       90413
       90414
       90415
       90416
       90417
       90418
       90419
       90420
       90421
       90422
       90423
       90424
       90425
       90426
       90427
       90428
       90429
       90430
       90431
       90432
       90433
       90434
       90435
       90436
       90437
       90438
       90439
       90440
       90441
       90442
       90443
       90885
       90886
       90887
       90888
       90889
       90890
       90891
       90892
       90893
       90894
       90895
       90896
       90897
       90898
       90899
       90900
       90901
       90902
       90903
       90904
       90905
       90906
       90907
       90908
       90909
       90910
       90911
       90912
       90913
       90914
       90915
       90916
       90917
       90918
       90919
       90920
       90921
       90922
       90923
       90924
       90925
       90926
       90927
       90928
       90929
       90930
       90931
       91374
       91375
       91376
       91377
       91378
       91379
       91380
       91381
       91382
       91383
       91384
       91385
       91386
       91387
       91388
       91389
       91390
       91391
       91392
       91393
       91394
       91395
       91396
       91397
       91398
       91399
       91400
       91401
       91402
       91403
       91404
       91405
       91406
       91407
       91408
       91409
       91410
       91411
       91412
       91413
       91414
       91415
       91416
       91417
       91418
       91419
       91863
       91864
       91865
       91866
       91867
       91868
       91869
       91870
       91871
       91872
       91873
       91874
       91875
       91876
       91877
       91878
       91879
       91880
       91881
       91882
       91883
       91884
       91885
       91886
       91887
       91888
       91889
       91890
       91891
       91892
       91893
       91894
       91895
       91896
       91897
       91898
       91899
       91900
       91901
       91902
       91903
       91904
       91905
       91906
       91907
       91908
       92352
       92353
       92354
       92355
       92356
       92357
       92358
       92359
       92360
       92361
       92362
       92363
       92364
       92365
       92366
       92367
       92368
       92369
       92370
       92371
       92372
       92373
       92374
       92375
       92376
       92377
       92378
       92379
       92380
       92381
       92382
       92383
       92384
       92385
       92386
       92387
       92388
       92389
       92390
       92391
       92392
       92393
       92394
       92395
       92396
       92397
       92841
       92842
       92843
       92844
       92845
       92846
       92847
       92848
       92849
       92850
       92851
       92852
       92853
       92854
       92855
       92856
       92857
       92858
       92859
       92860
       92861
       92862
       92863
       92864
       92865
       92866
       92867
       92868
       92869
       92870
       92871
       92872
       92873
       92874
       92875
       92876
       92877
       92878
       92879
       92880
       92881
       92882
       92883
       92884
       92885
       92886
       93326
       93330
       93331
       93332
       93333
       93334
       93335
       93336
       93337
       93338
       93339
       93340
       93341
       93342
       93343
       93344
       93345
       93346
       93347
       93348
       93349
       93350
       93351
       93352
       93353
       93354
       93355
       93356
       93357
       93358
       93359
       93360
       93361
       93362
       93363
       93364
       93365
       93366
       93367
       93368
       93369
       93815
       93819
       93820
       93821
       93822
       93823
       93824
       93825
       93826
       93827
       93828
       93829
       93830
       93831
       93832
       93833
       93834
       93835
       93836
       93837
       93838
       93839
       93840
       93841
       93842
       93843
       93844
       93845
       93846
       93847
       93848
       93849
       93850
       93851
       93852
       93853
       93854
       93855
       93856
       93857
       93858
       94308
       94792
       95279
       95769
       95771
       96255
       96743
       96745
       96748
       96753
       97231
       97233
       97234
       97242
       97721
       97722
       97724
       98210
       98215
       98696
       98699
       98705
      100165
      100170
      100661
      100665
      101147
      101638
      102126
       94303
       94309
       94310
       94311
       94312
       94313
       94314
       94315
       94316
       94317
       94791
       94793
       94797
       94798
       94799
       94800
       94801
       94802
       94803
       94804
       94805
       94806
       95280
       95281
       95282
       95286
       95287
       95288
       95289
       95290
       95291
       95292
       95293
       95294
       95295
       95770
       95775
       95776
       95777
       95778
       95779
       95780
       95781
       95782
       95783
       95784
       96259
       96264
       96265
       96266
       96267
       96268
       96269
       96270
       96271
       96272
       96273
       96749
       96754
       96755
       96756
       96757
       96758
       96759
       96760
       96761
       96762
       97238
       97243
       97244
       97245
       97246
       97247
       97248
       97249
       97250
       97251
       97727
       97732
       97733
       97734
       97735
       97736
       97737
       97738
       97739
       97740
       98221
       98222
       98223
       98224
       98225
       98226
       98227
       98228
       98229
       98709
       98710
       98711
       98712
       98713
       98714
       98715
       98716
       98717
       98718
       99198
       99199
       99200
       99201
       99202
       99203
       99204
       99205
       99206
       99207
       99687
       99688
       99689
       99690
       99691
       99692
       99693
       99694
       99695
       99696
      100176
      100177
      100178
      100179
      100180
      100181
      100182
      100183
      100184
      100185
      100666
      100667
      100668
      100669
      100670
      100671
      100672
      100673
      100674
      101155
      101156
      101157
      101158
      101159
      101160
      101161
      101162
      101643
      101644
      101645
      101646
      101647
      101648
      101649
      102132
      102133
      102134
      102135
       94318
       94319
       94320
       94321
       94322
       94323
       94324
       94325
       94326
       94327
       94807
       94808
       94809
       94810
       94811
       94812
       94813
       94814
       94815
       94816
       95296
       95297
       95298
       95299
       95300
       95301
       95302
       95303
       95304
       95305
       95785
       95786
       95787
       95788
       95789
       95790
       95791
       95792
       95793
       95794
       96274
       96275
       96276
       96277
       96278
       96279
       96280
       96281
       96282
       96283
       96763
       96764
       96765
       96766
       96767
       96768
       96769
       96770
       96771
       96772
       97252
       97253
       97254
       97255
       97256
       97257
       97258
       97259
       97260
       97741
       97742
       97743
       97744
       97745
       97746
       97747
       97748
       97749
       98230
       98231
       98232
       98233
       98234
       98235
       98236
       98237
       98238
       98719
       98720
       98721
       98722
       98723
       98724
       98725
       98726
       98727
       99208
       99209
       99210
       99211
       99212
       99213
       99214
       99215
       99216
       99697
       99698
       99699
       99700
       99701
       99702
       99703
       99704
      100186
      100187
      100188
      100189
      100190
      100191
      100192
      100193
      100675
      100676
      100677
      100678
      100679
      100680
      100681
       94328
       94329
       94330
       94331
       94332
       94333
       94334
       94335
       94336
       94817
       94818
       94819
       94820
       94821
       94822
       94823
       94824
       94825
       95306
       95307
       95308
       95309
       95310
       95311
       95312
       95313
       95314
       95795
       95796
       95797
       95798
       95799
       95800
       95801
       95802
       95803
       96284
       96285
       96286
       96287
       96288
       96289
       96290
       96291
       96292
       96773
       96774
       96775
       96776
       96777
       96778
       96779
       96780
       96781
       97261
       97262
       97263
       97264
       97265
       97266
       97267
       97268
       97269
       97270
       97750
       97751
       97752
       97753
       97754
       97755
       97756
       97757
       97758
       97759
       98239
       98240
       98241
       98242
       98243
       98244
       98245
       98246
       98247
       98248
       98728
       98729
       98730
       98731
       98732
       98733
       98734
       98735
       98736
       98737
       99217
       99218
       99219
       99220
       99221
       99222
       99223
       99224
       99225
       99226
       99705
       99706
       99707
       99708
       99709
       99710
       99711
       99712
       99713
       99714
       99715
      100194
      100195
      100196
      100197
      100198
      100199
      100200
      100201
      100202
      100203
      100204
      100683
      100684
      100685
      100686
      100687
      100688
      100689
      100690
      100691
      100692
      100693
      101173
      101174
      101175
      101176
      101177
      101178
      101179
      101180
      101663
      101664
      101665
      101666
       94337
       94338
       94339
       94340
       94341
       94342
       94343
       94344
       94345
       94346
       94347
       94826
       94827
       94828
       94829
       94830
       94831
       94832
       94833
       94834
       94835
       94836
       95315
       95316
       95317
       95318
       95319
       95320
       95321
       95322
       95323
       95324
       95325
       95804
       95805
       95806
       95807
       95808
       95809
       95810
       95811
       95812
       95813
       95814
       96293
       96294
       96295
       96296
       96297
       96298
       96299
       96300
       96301
       96302
       96303
       96782
       96783
       96784
       96785
       96786
       96787
       96788
       96789
       96790
       96791
       96792
       97271
       97272
       97273
       97274
       97275
       97276
       97277
       97278
       97279
       97280
       97281
       97760
       97761
       97762
       97763
       97764
       97765
       97766
       97767
       97768
       97769
       97770
       98249
       98250
       98251
       98252
       98253
       98254
       98255
       98256
       98257
       98258
       98738
       98739
       98740
       98741
       98742
       98743
       98744
       98745
       98746
       98747
       99227
       99228
       99229
       99230
       99231
       99232
       99233
       99234
       99235
       99236
       99716
       99717
       99718
       99719
       99720
       99721
       99722
       99723
       99724
       99725
      100205
      100206
      100207
      100208
      100209
      100210
      100211
      100212
      100213
      100694
      100695
      100696
      100697
      100698
      100699
      101185
      101186
