         522
      194204
      194692
      195178
      195179
      195180
      195183
      195667
      195668
      195672
      196155
      196156
      196157
      196643
      196644
      196645
      196646
      197132
      197133
      197134
      197621
      197622
      198109
      198110
      198111
      198598
      198599
      198600
      198601
      199085
      199086
      199088
      199089
      199090
      199091
      199092
      199093
      199094
      199095
      199098
      199099
      199100
      199573
      199574
      199575
      199577
      199578
      199579
      199580
      199581
      199582
      199583
      199584
      199586
      199587
      199588
      199589
      199600
      200064
      200065
      200066
      200067
      200068
      200069
      200070
      200071
      200072
      200073
      200074
      200075
      200076
      200077
      200078
      200079
      200080
      200553
      200554
      200555
      200556
      200557
      200558
      200559
      200560
      200561
      200562
      200563
      200564
      200565
      200566
      200567
      200568
      200569
      200570
      201041
      201042
      201043
      201044
      201045
      201046
      201047
      201048
      201049
      201050
      201051
      201052
      201053
      201054
      201055
      201056
      201057
      201058
      201059
      201524
      201529
      201530
      201531
      201532
      201533
      201534
      201535
      201536
      201537
      201538
      201539
      201540
      201541
      201542
      201543
      201544
      201545
      201546
      201547
      201548
      202016
      202017
      202018
      202019
      202020
      202021
      202022
      202023
      202024
      202025
      202026
      202027
      202028
      202029
      202030
      202031
      202032
      202033
      202034
      202035
      202036
      202037
      202504
      202505
      202506
      202507
      202508
      202509
      202510
      202511
      202512
      202513
      202514
      202515
      202516
      202517
      202518
      202519
      202520
      202521
      202522
      202523
      202524
      202525
      202526
      202990
      202994
      202995
      202996
      202997
      202998
      202999
      203000
      203001
      203002
      203003
      203004
      203005
      203006
      203007
      203008
      203009
      203010
      203011
      203012
      203013
      203014
      203015
      203021
      203022
      203478
      203479
      203483
      203484
      203485
      203486
      203487
      203488
      203489
      203490
      203491
      203492
      203493
      203494
      203495
      203496
      203497
      203498
      203499
      203500
      203501
      203502
      203503
      203504
      203505
      203512
      203967
      203968
      203969
      203970
      203971
      203972
      203973
      203974
      203975
      203976
      203977
      203978
      203979
      203980
      203981
      203982
      203983
      203984
      203985
      203989
      203990
      204456
      204457
      204458
      204459
      204460
      204461
      204462
      204463
      204464
      204465
      204466
      204467
      204468
      204469
      204470
      204471
      204472
      204473
      204474
      204475
      204479
      204480
      204481
      204482
      204493
      204944
      204945
      204946
      204947
      204948
      204949
      204950
      204951
      204952
      204953
      204954
      204955
      204956
      204957
      204958
      204959
      204960
      204961
      204962
      204963
      204964
      204965
      204967
      204968
      204983
      205433
      205434
      205435
      205436
      205437
      205438
      205439
      205440
      205441
      205442
      205443
      205444
      205445
      205446
      205447
      205448
      205449
      205450
      205451
      205452
      205453
      205454
      205455
      205456
      205921
      205922
      205923
      205924
      205925
      205926
      205927
      205928
      205929
      205930
      205931
      205932
      205933
      205934
      205935
      205936
      205937
      205938
      205939
      205940
      205941
      205942
      205945
      205946
      205947
      206409
      206410
      206411
      206412
      206413
      206414
      206415
      206416
      206417
      206418
      206419
      206420
      206421
      206422
      206423
      206424
      206425
      206426
      206427
      206428
      206429
      206430
      206431
      206434
      206435
      206898
      206899
      206902
      206903
      206904
      206905
      206906
      206907
      206908
      206909
      206910
      206911
      206912
      206913
      206914
      206915
      206916
      206917
      206918
      206919
      206920
      206921
      206922
      206923
      207388
      207391
      207392
      207393
      207394
      207395
      207396
      207397
      207398
      207399
      207400
      207401
      207402
      207403
      207404
      207405
      207406
      207407
      207408
      207409
      207410
      207878
      207879
      207880
      207881
      207882
      207883
      207884
      207885
      207886
      207887
      207888
      207889
      207890
      207891
      207892
      207893
      207894
      207895
      207896
      207897
      207899
      208368
      208369
      208370
      208371
      208372
      208373
      208374
      208375
      208376
      208377
      208378
      208379
      208380
      208381
      208382
      208383
      208384
      208385
      208387
      208859
      208860
      208861
      208862
      208863
      208864
      208865
      208866
      208867
      208868
      208869
      208870
      208871
      208872
      208873
      209349
      209350
      209351
      209352
      209353
      209354
      209355
      209356
      209357
      209358
      209359
      209360
      209361
      209362
      209840
      209841
      209842
      209843
      209844
      209845
      209847
      209849
      209850
      210330
      210331
      210332
      210333
      210334
      210335
      210336
      210337
      210339
      210820
      210821
      210822
      210823
      210824
      210825
      210826
      210827
      211310
      211311
      211312
      211313
      211314
      211315
      211802
      211803
      211819
