          59
       18999
       21441
       23392
       23882
       24369
       24858
       24859
       25347
       25835
       25836
       26322
       26323
       26324
       26811
       26812
       27299
       27300
       27787
       27789
       28276
       28277
       28764
       28765
       29252
       29253
       29740
       29742
       29743
       30229
       30231
       30717
       30719
       31205
       31206
       31694
       31697
       32183
       32185
       32671
       32672
       32674
       33159
       33160
       33162
       33648
       33649
       34136
       34138
       34627
       35113
       35116
       36090
       36581
       37067
       37555
       37558
       38046
       39022
       39509
