          63
      176958
      178916
      179407
      179408
      179895
      179897
      180386
      180868
      180871
      180872
      180874
      180875
      181357
      181360
      181361
      181363
      181364
      181846
      181848
      181849
      181850
      181851
      181852
      181853
      182335
      182336
      182337
      182338
      182339
      182340
      182341
      182824
      182825
      182826
      182827
      182828
      182829
      183313
      183314
      183315
      183316
      183317
      183318
      183802
      183803
      183804
      183805
      183806
      184291
      184292
      184293
      184294
      184295
      185744
      185760
      185761
      185762
      185763
      186228
      186233
      186249
      186250
      186251
