          60
      146536
      147499
      148002
      150443
      150930
      151419
      151420
      151893
      151894
      151908
      151909
      152397
      153857
      153859
      154843
      154844
      155332
      155333
      155813
      155822
      155823
      156790
      156802
      157272
      157279
      157293
      158256
      158270
      158745
      158759
      159237
      159726
      159740
      160209
      160215
      160704
      161193
      161677
      161681
      162168
      162169
      162656
      162658
      162680
      163142
      163146
      163147
      163635
      164120
      164607
      165096
      165097
      165098
      165102
      165585
      165586
      165587
      166075
      166076
      166566
