         118
      161854
      162832
      164301
      164302
      164788
      166252
      166253
      166743
      167232
      167233
      167716
      167722
      168207
      168211
      168700
      168701
      169186
      169187
      169188
      169189
      169674
      169675
      169676
      169677
      169678
      170163
      170164
      170165
      170166
      170167
      170652
      170653
      170654
      170655
      170656
      171141
      171142
      171143
      171144
      171145
      171629
      171630
      171631
      171632
      171633
      171634
      172118
      172119
      172120
      172121
      172122
      172123
      172607
      172608
      172609
      172610
      172611
      172612
      173096
      173097
      173098
      173099
      173100
      173101
      173585
      173586
      173587
      173588
      173590
      173591
      173592
      173595
      174074
      174075
      174076
      174077
      174080
      174081
      174563
      174564
      174565
      174566
      174567
      174568
      174569
      174570
      174573
      175052
      175053
      175054
      175055
      175056
      175057
      175058
      175059
      175060
      175061
      175541
      175542
      175543
      175544
      175545
      175546
      175547
      175548
      175549
      176030
      176031
      176032
      176033
      176034
      176035
      176519
      176521
      176522
      176523
      177008
      177010
