          66
      150978
      154892
      155381
      155382
      155870
      155871
      156360
      156849
      157339
      157828
      158317
      158806
      159295
      159784
      160273
      160762
      161251
      161740
      168585
      151468
      156359
      157338
      157827
      158316
      158805
      159294
      159783
      160272
      160761
      161250
      165651
      168566
      168568
      169062
      169073
      169554
      169559
      169560
      169562
      161739
      162229
      167119
      167608
      154403
      156848
      157337
      157826
      158315
      162228
      162717
      163206
      163695
      165162
      166140
      169561
      164184
      164673
      165135
      167587
      168077
      168567
      168569
      169070
      169555
      170046
      170047
