         103
       12911
       12920
       13402
       13411
       13412
       13413
       13414
       13415
       13416
       13417
       13418
       13419
       13420
       13421
       13893
       13900
       13901
       13902
       13903
       13904
       13905
       13906
       13907
       13909
       13910
       13911
       13912
       13913
       14384
       14392
       14393
       14394
       14395
       14400
       14401
       14403
       14882
       14895
       15365
       15373
       15863
       16345
       16347
       16354
       16836
       16860
       17325
       17334
       17815
       17817
       17824
       18306
       18307
       18315
       18795
       18796
       19282
       19283
       19284
       19296
       19771
       19772
       19773
       19785
       19786
       20259
       20260
       20263
       20264
       20265
       20269
       20272
       20273
       20275
       20752
       20753
       20755
       20760
       20763
       20764
       20765
       21245
       21246
       21247
       21249
       21743
       22227
       22706
       22708
       22712
       23195
       23684
       24181
       24663
       24670
       25147
       25152
       25159
       25170
       25641
       26141
       27106
       27612
