          47
        1185
        1187
        1674
        1677
        1678
        2167
        2168
        2657
        2658
        2659
        2660
        2661
        3140
        3151
        3630
        3631
        3632
        4119
        4120
        4121
        4122
        4123
        4124
        4609
        4610
        4611
        4612
        4613
        4614
        4615
        4616
        4617
        5101
        5102
        5103
        5104
        5105
        5106
        5107
        5592
        5593
        5594
        5595
        5596
        6083
        6084
        6085
