         275
      101181
      101182
      101183
      101184
      101667
      101668
      101669
      101670
      101671
      101672
      101673
      101674
      102153
      102154
      102155
      102156
      102157
      102158
      102159
      102160
      102161
      102162
      102163
      102642
      102643
      102644
      102645
      102646
      102647
      102648
      102649
      102650
      102651
      103131
      103132
      103133
      103134
      103135
      103136
      103137
      103138
      103139
      103140
      103619
      103620
      103621
      103622
      103623
      103624
      103625
      103626
      103627
      103628
      103629
      104108
      104109
      104110
      104111
      104112
      104113
      104114
      104115
      104116
      104117
      104118
      104596
      104597
      104598
      104599
      104600
      104601
      104602
      104603
      104604
      104605
      104606
      104607
      105085
      105086
      105087
      105088
      105089
      105090
      105091
      105092
      105093
      105094
      105095
      105096
      105573
      105574
      105575
      105576
      105577
      105578
      105579
      105580
      105581
      105582
      105583
      105584
      105585
      106062
      106063
      106064
      106065
      106066
      106067
      106068
      106069
      106070
      106071
      106072
      106073
      106074
      106550
      106551
      106552
      106553
      106554
      106555
      106556
      106557
      106558
      106559
      106560
      106561
      106562
      106563
      107039
      107040
      107041
      107042
      107043
      107044
      107045
      107046
      107047
      107048
      107049
      107050
      107051
      107052
      107527
      107528
      107529
      107530
      107531
      107532
      107533
      107534
      107535
      107536
      107537
      107538
      107539
      107540
      107541
      108016
      108017
      108018
      108019
      108020
      108021
      108022
      108023
      108024
      108025
      108026
      108027
      108028
      108029
      108030
      108504
      108505
      108506
      108507
      108508
      108509
      108510
      108511
      108512
      108513
      108514
      108515
      108516
      108517
      108518
      108519
      108993
      108994
      108995
      108996
      108997
      108998
      108999
      109000
      109001
      109002
      109003
      109004
      109005
      109006
      109007
      109008
      109482
      109483
      109484
      109485
      109486
      109487
      109488
      109489
      109490
      109491
      109492
      109493
      109494
      109495
      109496
      109497
      109973
      109974
      109975
      109976
      109977
      109978
      109979
      109980
      109981
      109982
      109983
      109984
      109985
      109986
      110463
      110464
      110465
      110466
      110467
      110468
      110469
      110470
      110471
      110472
      110473
      110474
      110954
      110955
      110956
      110957
      110958
      110959
      110960
      110961
      110962
      111444
      111445
      111446
      111447
      111448
      111449
      111450
      111451
      111934
      111935
      111936
      111937
      111938
      111939
      112424
      112425
      112426
      112427
      112915
