         113
      218438
      218926
      219414
      219415
      219901
      219902
      220390
      220391
      220392
      220393
      220394
      220878
      220879
      220880
      220881
      220882
      220883
      221365
      221366
      221367
      221368
      221369
      221370
      221371
      221372
      221853
      221854
      221855
      221856
      221857
      221858
      221859
      221860
      221861
      222342
      222343
      222344
      222345
      222346
      222349
      222350
      222830
      222831
      222832
      222833
      222834
      222835
      223318
      223319
      223320
      223321
      223322
      223323
      223324
      223329
      223806
      223807
      223808
      223809
      223810
      223811
      223816
      223817
      224279
      224296
      224297
      224298
      224299
      224300
      224305
      224306
      224769
      224770
      224784
      224785
      224786
      224787
      224788
      224789
      225261
      225264
      225268
      225273
      225274
      225275
      225276
      225279
      225280
      225281
      225758
      225759
      225760
      225761
      225762
      225763
      225764
      225768
      225769
      225770
      226249
      226250
      226251
      226252
      226257
      226258
      226259
      226739
      226740
      227233
      227722
      227723
      228211
      232120
