         468
      209966
      209967
      210453
      210454
      210455
      210456
      210457
      210940
      210941
      210942
      210943
      210944
      210945
      210946
      211427
      211428
      211429
      211430
      211431
      211432
      211433
      211434
      211435
      211915
      211916
      211917
      211918
      211919
      211920
      211921
      211922
      211923
      211924
      212404
      212405
      212406
      212407
      212408
      212409
      212410
      212411
      212412
      212413
      212414
      212892
      212893
      212894
      212895
      212896
      212897
      212898
      212899
      212900
      212901
      212902
      212903
      213381
      213382
      213383
      213384
      213385
      213386
      213387
      213388
      213389
      213390
      213391
      213392
      213869
      213870
      213871
      213872
      213873
      213874
      213875
      213876
      213877
      213878
      213879
      213880
      213881
      214358
      214359
      214360
      214361
      214362
      214363
      214364
      214365
      214366
      214367
      214368
      214369
      214370
      214846
      214847
      214848
      214849
      214850
      214851
      214852
      214853
      214854
      214855
      214856
      214857
      214858
      214859
      214860
      215335
      215336
      215337
      215338
      215339
      215340
      215341
      215342
      215343
      215344
      215345
      215346
      215347
      215348
      215349
      215823
      215824
      215825
      215826
      215827
      215828
      215829
      215830
      215831
      215832
      215833
      215834
      215835
      215836
      215837
      215838
      216312
      216313
      216314
      216315
      216316
      216317
      216318
      216319
      216320
      216321
      216322
      216323
      216324
      216325
      216326
      216327
      216328
      216801
      216802
      216803
      216804
      216805
      216806
      216807
      216808
      216809
      216810
      216811
      216812
      216813
      216814
      216815
      216816
      216817
      217289
      217290
      217291
      217292
      217293
      217294
      217295
      217296
      217297
      217298
      217299
      217300
      217301
      217302
      217303
      217304
      217305
      217306
      217778
      217779
      217780
      217781
      217782
      217783
      217784
      217785
      217786
      217787
      217788
      217789
      217790
      217791
      217792
      217793
      217794
      217795
      217796
      218266
      218267
      218268
      218269
      218270
      218271
      218272
      218273
      218274
      218275
      218276
      218277
      218278
      218279
      218280
      218281
      218282
      218283
      218284
      218285
      218755
      218756
      218757
      218758
      218759
      218760
      218761
      218762
      218763
      218764
      218765
      218766
      218767
      218768
      218769
      218770
      218771
      218772
      218773
      218774
      218775
      219244
      219245
      219246
      219247
      219248
      219249
      219250
      219251
      219252
      219253
      219254
      219255
      219256
      219257
      219258
      219259
      219260
      219261
      219262
      219263
      219264
      219732
      219733
      219734
      219735
      219736
      219737
      219738
      219739
      219740
      219741
      219742
      219743
      219744
      219745
      219746
      219747
      219748
      219749
      219750
      219751
      219752
      219753
      219754
      220221
      220222
      220223
      220224
      220225
      220226
      220227
      220228
      220229
      220230
      220231
      220232
      220233
      220234
      220235
      220236
      220237
      220238
      220239
      220240
      220241
      220242
      220243
      220709
      220710
      220711
      220712
      220713
      220714
      220715
      220716
      220717
      220718
      220719
      220720
      220721
      220722
      220723
      220724
      220725
      220726
      220727
      220728
      220729
      220730
      220731
      220732
      220733
      221197
      221198
      221199
      221200
      221201
      221202
      221203
      221204
      221205
      221206
      221207
      221208
      221209
      221210
      221211
      221212
      221213
      221214
      221215
      221216
      221217
      221218
      221219
      221220
      221221
      221222
      221689
      221690
      221691
      221692
      221693
      221694
      221695
      221696
      221697
      221698
      221699
      221700
      221701
      221702
      221703
      221704
      221705
      221706
      221707
      221708
      221709
      221710
      222181
      222182
      222183
      222184
      222185
      222186
      222187
      222188
      222189
      222190
      222191
      222192
      222193
      222194
      222195
      222196
      222197
      222198
      222199
      222200
      222201
      222674
      222675
      222676
      222677
      222678
      222679
      222680
      222681
      222682
      222683
      222684
      222685
      222686
      222687
      222688
      222689
      222690
      223164
      223165
      223166
      223167
      223168
      223169
      223170
      223171
      223172
      223173
      223174
      223175
      223176
      223177
      223655
      223656
      223657
      223658
      223659
      223660
      223663
      223664
      223665
      223666
      224145
      224146
      224149
      224150
      224151
      224152
      224634
      224635
      224636
      224637
      224638
      225123
      225124
      225125
