          69
       70811
       71298
       71299
       71787
       72275
       72762
       72763
       72764
       73250
       73251
       73252
       73253
       73738
       73739
       73740
       74227
       74228
       74229
       74715
       74716
       74717
       75202
       75203
       75204
       75205
       75691
       75692
       75693
       75694
       76180
       76181
       76182
       76668
       76669
       76670
       76671
       77157
       77158
       77159
       77646
       77647
       78134
       78135
       78142
       78143
       78622
       78623
       78624
       78630
       78631
       78632
       79110
       79111
       79112
       79113
       79599
       79600
       79601
       79602
       80087
       80088
       80089
       80575
       80576
       80577
       81064
       81066
       81552
       83019
