         255
       74179
       75157
       76136
       76624
       77111
       77113
       77600
       78089
       78580
       79068
       79069
       79555
       79557
       80046
       80535
       81024
       81510
       81511
       82490
       82976
       82977
       82979
       83465
       83467
       83468
       83956
       84444
       84933
       85420
       85909
       86398
       86399
       86400
       86889
       89331
       89820
       90308
       90797
       91286
       91775
       92752
       93247
       93728
       93729
       93736
       93239
       93240
       94217
       94705
       95194
       95202
       95691
       96180
       96669
       97157
       97158
       97646
       98135
       98624
       99109
       99113
       99590
       99597
       99601
      100079
      100086
      100090
      100574
      100575
      100579
      101056
      101063
      101068
      101544
      101551
      101552
      101557
      102033
      102039
      102041
      102046
      102522
      102528
      102529
      102535
      103010
      103018
      103498
      103505
      103506
      103512
      103993
      103994
      103995
      104001
      104475
      104481
      104963
      104970
      104971
      104974
      105451
      105458
      105460
      105940
      105947
      105948
      105951
      106429
      106436
      106437
      106440
      106924
      106926
      106928
      107412
      107414
      107417
      107905
      108395
       94224
       94706
       98620
       99598
       99602
      100567
      101062
      101545
      102040
      102527
      102534
      103016
      103017
      103023
      103024
      103504
      103986
      103987
      104490
      104964
      104972
      105459
      105467
      105939
      105941
      105949
      105952
      105956
      106427
      106438
      106916
      106925
      106930
      107413
      107895
      107907
      108380
      108382
      108384
      108390
      108870
      108872
      108873
      108874
      108884
      109361
      109368
      109370
      109845
      109849
      109854
      110335
      110344
      110347
      110831
      110835
      111315
      111329
      111802
      112302
      112775
      112779
      112793
      113276
      114261
      114748
       74668
       75156
       75645
       75646
       76134
       76135
       76623
       77112
       77601
       77602
       78090
       78091
       78578
       78579
       79067
       79556
       80044
       80045
       80533
       80534
       81022
       81023
       81512
       81999
       82000
       82001
       82488
       82489
       82978
       83466
       83954
       83955
       84443
       84445
       84932
       84934
       85421
       85422
       85910
       85911
       86887
       86888
       87375
       87376
       87377
       87864
       87865
       87866
       88353
       88354
       88355
       88842
       88843
       89330
       89332
       89819
       90309
       90315
       90796
       90798
       91285
       91774
       91781
       92262
       92263
       92269
       92270
       92751
       92758
