          42
      216111
      216600
      217087
      217089
      217575
      217576
      217577
      217578
      218064
      218066
      218567
      218568
      219041
      219046
      219057
      219530
      219535
      220013
      220021
      220022
      220023
      220024
      220510
      220511
      220512
      220513
      221000
      221001
      221002
      221003
      221489
      221490
      221491
      221492
      221979
      221980
      222468
      222469
      222957
      222958
      223446
      223447
