         115
      199318
      199319
      199806
      199807
      199808
      199809
      200295
      200296
      200297
      200298
      200299
      200300
      200784
      200785
      200786
      200787
      200788
      200789
      200790
      200791
      201273
      201274
      201275
      201276
      201277
      201278
      201279
      201280
      201762
      201763
      201764
      201765
      201766
      201767
      201768
      201769
      202251
      202252
      202253
      202254
      202255
      202256
      202257
      202258
      202740
      202741
      202742
      202743
      202744
      202745
      202746
      202747
      203229
      203230
      203231
      203232
      203233
      203234
      203235
      203236
      203718
      203719
      203720
      203721
      203722
      203723
      203724
      203725
      204207
      204208
      204209
      204210
      204211
      204212
      204213
      204214
      204696
      204697
      204698
      204699
      204700
      204701
      204702
      204703
      205185
      205186
      205187
      205188
      205189
      205190
      205191
      205192
      205674
      205675
      205676
      205677
      205678
      205679
      205680
      205681
      206163
      206164
      206165
      206166
      206167
      206168
      206169
      206170
      206652
      206653
      206654
      206655
      206656
      206657
      206658
