         437
       77847
       77848
       78340
       78830
       80786
       82252
       82741
       83229
       83246
       83716
       83718
       84207
       84222
       84695
       85184
       85674
       85685
       86161
       86173
       86176
       87140
       87642
       88131
       88606
       89107
       89582
       89583
       89590
       89592
       89596
       90071
       90072
       90555
       90558
       90560
       91046
       91048
       91054
       91533
       91535
       91542
       92021
       92023
       92030
       92036
       92511
       92513
       93000
       93488
       93494
       93495
       93496
       92973
       92976
       93462
       93463
       93465
       93951
       93954
       93982
       93984
       94442
       94443
       94444
       94454
       94455
       94462
       94470
       94931
       94932
       94933
       94941
       94948
       94958
       95420
       95421
       95422
       95433
       95434
       95435
       95439
       95446
       95909
       95910
       95911
       95917
       95920
       95925
       95926
       95934
       95937
       95938
       96399
       96409
       96413
       96415
       96421
       96888
       96896
       96900
       96910
       97377
       97385
       97388
       97396
       97399
       97400
       97401
       97402
       97855
       97866
       97874
       97884
       97887
       98355
       98357
       98361
       98362
       98364
       98846
       98852
       98853
       98860
       99337
       99821
       99826
       99835
       99839
      100315
      100788
      100789
      100800
      101303
      101793
      101800
      102276
      102277
      103256
      103741
      103755
      103757
      104246
       76352
       77330
       78307
       79283
       79284
       79771
       80749
       81237
       81727
       82216
       82704
       82705
       83192
       83193
       83682
       84169
       84658
       85148
       85149
       85637
       85640
       86124
       86125
       86126
       86128
       86129
       86130
       86614
       86617
       86618
       87106
       87107
       87592
       87593
       87595
       87596
       88080
       88081
       88082
       88083
       88084
       88085
       88568
       88569
       88570
       88571
       88572
       88573
       88574
       89056
       89058
       89059
       89060
       89545
       89548
       89549
       90033
       90035
       90038
       90522
       90523
       90525
       90526
       90529
       91011
       91012
       91014
       91018
       91500
       91506
       91988
       91993
       91995
       91997
       91998
       92482
       92484
       92486
       92487
       92970
       92971
       92975
       93454
       93459
       93460
       93464
       92967
       92972
       93456
       93458
       93943
       93944
       93945
       93946
       93947
       93949
       94434
       94437
       94923
       94926
       95410
       95411
       95415
       95904
       95906
       95907
       96387
       96389
       96393
       96395
       96396
       96882
       96883
       96885
       97366
       97371
       97372
       97860
       98341
       98344
       98352
       98353
       98841
       98843
       99330
       99331
       99332
       99808
       99810
       99819
       99820
      100297
      100300
      100302
      100307
      100791
      100792
      100796
      100797
      100798
       93948
       94432
       94433
       94435
       94920
       95412
       95900
       96878
       96884
       97373
       97374
       97853
       97861
       97863
       98342
       98345
       98348
       98349
       98350
       98833
       98836
       98837
       98838
       98839
       98840
       99321
       99324
       99329
       99813
       99818
       99825
      100301
      100303
      100306
      100312
      100313
      100793
      100795
      100799
      100801
      100802
      101280
      101290
       92968
       92969
       93457
       93461
       93950
       93952
       93953
       94438
       94439
       94440
       94441
       94921
       94922
       94927
       94928
       94929
       94930
       95409
       95416
       95417
       95418
       95419
       95898
       95905
       95908
       96386
       96394
       96397
       96398
       96886
       96887
       97364
       97375
       97376
       97852
       97864
       97865
       98354
       98830
       98831
       98842
       98850
       98851
       99319
       99320
       99822
      100299
      100308
      100309
      100310
      100314
      100786
      100790
      101278
      101279
       75373
       76841
       78795
       79772
       80260
       81238
       81726
       82215
       83681
       84170
       84171
       84659
       84660
       85147
       85635
       85636
       86613
       87101
       87102
       87103
       87590
       87591
       88079
       89057
       89061
       89062
       89546
       89547
       89550
       89551
       90036
       90037
       90039
       90040
       90524
       90527
       90528
       91013
       91015
       91016
       91017
       91501
       91502
       91503
       91504
       91505
       91989
       91990
       91991
       91992
       91994
       92477
       92478
       92479
       92480
       92481
       92483
