         150
      112698
      113188
      113678
      114658
      115639
      116126
      116127
      116130
      116615
      116622
      117104
      117110
      117113
      117593
      117603
      118082
      118092
      118571
      118582
      119060
      119072
      119549
      119562
      122483
      113242
      113730
      114701
      114704
      114705
      114706
      114709
      115190
      115197
      115677
      115679
      115680
      115681
      115682
      115683
      115684
      116164
      116165
      116169
      116650
      116653
      116654
      117138
      117139
      117140
      117143
      117161
      117626
      117627
      117628
      118114
      118115
      118116
      118118
      118119
      118603
      118604
      118605
      118606
      118607
      118608
      118617
      119087
      119088
      119089
      119090
      119091
      119092
      119093
      119094
      119095
      119103
      119563
      119564
      119571
      119573
      119574
      119575
      119576
      119577
      119578
      119579
      119580
      119582
      119584
      119588
      119589
      120054
      120055
      120056
      120062
      120063
      120064
      120065
      120066
      120067
      120068
      112272
      112757
      112758
      112759
      112760
      112762
      113243
      113244
      113245
      113249
      113259
      113731
      113734
      113735
      113736
      114216
      114219
      114223
      114702
      114703
      114707
      114708
      114723
      115191
      115192
      115193
      115194
      115195
      115196
      115678
      115699
      116166
      116167
      116168
      117648
      118134
      118618
      118619
      119572
      119581
      120052
      120053
      120057
      120069
      120071
      120072
      120075
      120543
      120544
