         260
      192394
      192395
      192883
      192884
      193370
      193371
      193372
      193373
      193374
      193858
      193859
      193860
      193861
      193862
      193863
      193864
      194344
      194345
      194346
      194347
      194348
      194349
      194350
      194351
      194352
      194353
      194833
      194834
      194835
      194836
      194837
      194839
      194840
      194841
      194842
      194843
      195320
      195321
      195322
      195323
      195324
      195325
      195326
      195328
      195329
      195330
      195331
      195332
      195333
      195811
      195812
      195813
      195814
      195815
      195816
      195817
      195818
      195819
      195820
      195821
      195822
      196297
      196298
      196299
      196300
      196301
      196302
      196303
      196304
      196305
      196306
      196307
      196308
      196309
      196310
      196311
      196312
      196786
      196787
      196788
      196789
      196790
      196791
      196792
      196793
      196794
      196795
      196796
      196797
      196798
      196799
      196800
      196801
      197274
      197276
      197277
      197278
      197279
      197280
      197281
      197282
      197283
      197284
      197285
      197286
      197287
      197288
      197289
      197290
      197291
      197762
      197764
      197765
      197766
      197767
      197768
      197769
      197770
      197771
      197772
      197773
      197774
      197775
      197776
      197777
      197778
      197779
      197780
      198253
      198255
      198256
      198257
      198258
      198259
      198260
      198261
      198262
      198263
      198264
      198265
      198266
      198267
      198268
      198269
      198270
      198745
      198746
      198747
      198748
      198749
      198750
      198751
      198752
      198753
      198754
      198755
      198756
      198757
      198758
      198759
      199235
      199236
      199237
      199238
      199239
      199240
      199241
      199242
      199243
      199244
      199245
      199246
      199247
      199248
      199725
      199726
      199727
      199728
      199729
      199730
      199731
      199732
      199733
      199734
      199735
      199736
      199737
      199738
      200215
      200216
      200217
      200218
      200219
      200220
      200221
      200222
      200223
      200224
      200225
      200226
      200227
      200705
      200706
      200707
      200708
      200709
      200710
      200711
      200712
      200713
      200714
      200715
      200716
      200717
      200718
      201195
      201196
      201197
      201198
      201199
      201200
      201201
      201202
      201203
      201204
      201205
      201206
      201685
      201686
      201687
      201688
      201689
      201690
      201691
      201692
      201693
      201694
      201695
      202176
      202177
      202178
      202179
      202180
      202181
      202183
      202184
      202185
      202665
      202666
      202667
      202668
      202669
      202670
      202671
      202672
      202673
      202674
      203163
      203653
      204636
