          49
       27597
       28084
       28085
       28566
       28569
       28570
       28571
       28572
       28573
       28574
       28575
       29056
       29057
       29058
       29059
       29060
       29061
       29062
       29063
       29064
       29545
       29546
       29547
       29548
       29549
       29550
       29551
       29552
       29553
       29554
       30034
       30035
       30036
       30037
       30038
       30039
       30040
       30041
       30042
       30523
       30524
       30525
       30526
       30527
       30528
       30529
       30530
       30531
       30532
