          56
      101137
      102121
      102602
      102606
      102615
      103585
      103587
      104075
      104084
      104555
      104556
      104558
      104560
      104564
      104567
      104580
      105047
      105049
      105053
      105055
      105058
      105060
      105061
      105062
      105536
      105538
      105541
      106027
      106028
      106036
      106038
      106039
      106523
      106529
      106535
      106536
      107011
      107015
      107505
      107506
      107515
      107991
      107992
      107993
      108485
      108488
      108491
      108973
      108974
      108976
      108979
      108980
      109459
      109460
      109468
      109469
