          62
      204490
      204974
      205959
      208390
      208395
      208884
      208888
      209366
      209863
      210354
      210842
      211320
      212294
      212305
      212792
      212793
      213278
      213758
      213762
      213768
      213771
      214254
      214256
      214735
      214744
      215711
      215715
      215719
      215722
      216196
      216197
      216198
      216202
      216207
      216210
      216684
      216685
      216686
      216687
      216694
      217178
      217181
      217183
      217186
      217660
      217661
      217662
      217663
      218149
      218153
      218154
      218163
      218639
      218640
      218647
      218650
      218651
      219138
      219624
      219627
      219629
      220116
