         262
      197332
      197333
      197334
      197335
      197336
      197820
      197821
      197822
      197823
      197824
      197825
      197826
      197827
      197828
      198308
      198309
      198310
      198311
      198312
      198313
      198314
      198315
      198316
      198317
      198318
      198319
      198797
      198799
      198800
      198801
      198802
      198803
      198804
      198805
      198806
      198807
      198808
      198809
      199286
      199288
      199289
      199290
      199291
      199292
      199293
      199294
      199295
      199296
      199297
      199298
      199776
      199777
      199778
      199779
      199780
      199781
      199782
      199783
      199784
      199785
      199786
      199787
      199788
      200265
      200266
      200267
      200268
      200269
      200270
      200271
      200272
      200273
      200274
      200275
      200276
      200277
      200754
      200755
      200756
      200757
      200758
      200759
      200760
      200761
      200762
      200763
      200764
      200765
      200766
      201244
      201245
      201246
      201247
      201248
      201249
      201250
      201251
      201252
      201253
      201254
      201255
      201256
      201733
      201734
      201735
      201736
      201737
      201738
      201739
      201740
      201741
      201742
      201743
      201744
      201745
      202223
      202224
      202225
      202226
      202227
      202228
      202229
      202230
      202231
      202232
      202233
      202234
      202712
      202713
      202714
      202715
      202716
      202717
      202718
      202719
      202720
      202721
      202722
      202723
      203202
      203203
      203204
      203205
      203206
      203207
      203208
      203209
      203210
      203211
      203212
      203213
      203691
      203692
      203693
      203694
      203695
      203696
      203697
      203698
      203699
      203700
      203701
      203702
      204181
      204182
      204183
      204184
      204185
      204186
      204187
      204188
      204189
      204190
      204191
      204670
      204671
      204672
      204673
      204674
      204675
      204676
      204677
      204678
      204679
      204680
      204681
      205160
      205161
      205162
      205163
      205164
      205165
      205166
      205167
      205168
      205169
      205170
      205649
      205650
      205651
      205652
      205653
      205654
      205655
      205656
      205657
      205658
      205659
      206139
      206140
      206141
      206142
      206143
      206144
      206145
      206146
      206147
      206148
      206628
      206629
      206630
      206631
      206632
      206633
      206634
      206635
      206636
      206637
      206638
      207117
      207118
      207119
      207120
      207121
      207122
      207123
      207124
      207125
      207126
      207127
      207607
      207608
      207609
      207610
      207611
      207612
      207613
      207614
      207615
      207616
      208097
      208098
      208099
      208102
      208103
      208104
      208586
      208588
      208589
      208590
      209075
      209076
