         147
      200955
      200956
      202912
      202913
      203402
      203889
      204372
      204373
      204376
      204377
      204860
      204861
      204862
      204863
      204865
      204866
      204867
      204868
      204870
      205349
      205350
      205351
      205352
      205353
      205354
      205355
      205356
      205357
      205358
      205359
      205838
      205839
      205840
      205841
      205842
      205843
      205844
      205845
      205846
      205847
      206327
      206328
      206329
      206330
      206331
      206332
      206333
      206336
      206338
      206810
      206816
      206817
      206818
      206819
      206820
      206821
      206822
      206824
      206825
      207299
      207305
      207306
      207307
      207308
      207309
      207310
      207311
      207313
      207314
      207788
      207794
      207795
      207796
      207797
      207798
      207799
      207800
      207802
      207803
      207806
      208282
      208283
      208284
      208285
      208286
      208287
      208288
      208291
      208292
      208293
      208294
      208295
      208772
      208773
      208774
      208775
      208776
      208780
      208781
      208782
      208783
      208784
      209262
      209263
      209264
      209265
      209269
      209270
      209271
      209272
      209273
      209752
      209753
      209757
      209758
      209761
      209762
      210242
      210246
      210247
      210250
      210251
      210731
      210735
      210736
      210740
      210741
      211225
      211226
      211229
      211230
      211231
      211714
      211715
      211718
      211719
      211720
      212210
      212699
      213188
      213677
      214166
      214167
      214655
      214656
      215144
      215145
