          44
       47134
       47138
       48114
       49061
       49089
       49569
       50526
       50539
       50540
       50552
       51024
       51025
       51033
       51511
       51512
       51513
       51528
       51998
       52000
       52015
       52016
       52017
       52484
       52487
       52971
       52974
       53460
       53461
       53479
       53947
       53967
       54430
       54431
       54433
       54454
       54919
       54937
       54938
       54939
       55404
       55405
       55428
       55429
       55891
