         100
        8258
        8743
        8745
        9720
       10216
       10697
       10705
       11194
       11674
       11683
       12163
       12172
       13138
       14602
       18023
       19000
       19977
       20483
       23883
       36128
       39549
       40042
       40531
       42969
       45413
       46878
       47366
       47857
       48346
       48835
       49319
       49323
       49808
       50784
       50785
       50792
       51281
       51762
       51763
       52251
       52252
       52738
       52740
       52741
       53226
       53228
       53229
       53230
       53715
       53717
       53718
       53719
       54205
       54206
       54207
       54208
       54694
       54695
       54696
       54697
       55182
       55183
       55185
       55186
       55671
       55672
       55673
       55674
       56160
       56161
       56162
       56163
       56165
       56650
       56651
       56654
       56668
       57139
       57140
       57153
       57640
       58120
       58122
       58125
       58127
       58609
       58614
       58615
       59103
       59104
       59587
       59588
       59591
       59592
       60076
       60077
       60562
       60566
       61049
       61056
