          39
       23884
       24861
       27791
       28305
       28768
       30233
       30261
       31210
       31232
       31721
       32187
       33194
       34141
       34629
       35150
       35606
       35639
       36583
       36616
       37071
       38082
       38083
       38536
       38570
       39546
       40035
       40489
       40977
       41954
       44396
       45411
       46349
       47326
       48303
       49768
       50745
       52699
       54165
       54653
