          45
      114462
      114464
      117401
      117887
      118374
      118858
      118859
      119341
      119825
      120310
      120311
      120800
      120801
      121793
      122770
      124236
      124726
      124727
      124728
      124729
      124735
      124741
      125216
      125217
      125218
      125219
      125220
      125221
      125229
      125230
      125717
      125718
      126205
      127178
      127666
      128154
      128644
      129134
      129610
      130095
      130103
      130594
      130606
      131084
      133041
