          44
      188673
      189161
      189162
      189650
      189652
      190139
      190141
      190629
      190630
      191119
      191122
      191607
      191611
      192096
      192098
      192100
      192589
      193077
      193078
      193551
      193566
      194040
      194053
      194532
      194541
      194542
      195016
      195021
      195030
      195031
      195519
      195520
      196001
      196491
      196494
      196498
      196978
      196981
      196987
      197470
      197473
      197954
      197958
      197962
