         393
      170591
      172056
      172059
      172060
      172545
      172546
      172547
      172549
      172550
      173032
      173033
      173034
      173035
      173036
      173037
      173038
      173039
      173518
      173519
      173520
      173521
      173522
      173523
      173524
      173525
      173526
      173527
      173528
      174003
      174004
      174005
      174006
      174007
      174008
      174009
      174010
      174011
      174012
      174013
      174014
      174015
      174016
      174017
      174018
      174488
      174489
      174490
      174491
      174492
      174493
      174494
      174495
      174496
      174497
      174498
      174499
      174500
      174501
      174502
      174503
      174504
      174505
      174506
      174507
      174508
      174975
      174976
      174977
      174978
      174979
      174980
      174981
      174982
      174983
      174984
      174985
      174986
      174987
      174988
      174989
      174990
      174991
      174992
      174993
      174994
      174995
      174996
      174997
      175464
      175465
      175466
      175467
      175468
      175469
      175470
      175471
      175472
      175473
      175474
      175475
      175476
      175477
      175478
      175479
      175480
      175481
      175482
      175483
      175484
      175485
      175486
      175952
      175953
      175954
      175955
      175956
      175957
      175958
      175959
      175960
      175961
      175962
      175963
      175964
      175965
      175966
      175967
      175968
      175969
      175970
      175971
      175972
      175973
      175974
      175975
      175976
      176442
      176443
      176444
      176445
      176446
      176447
      176448
      176449
      176450
      176451
      176452
      176453
      176454
      176455
      176456
      176457
      176458
      176459
      176460
      176461
      176462
      176463
      176464
      176465
      176931
      176932
      176933
      176934
      176935
      176936
      176937
      176938
      176939
      176940
      176941
      176942
      176943
      176944
      176945
      176946
      176947
      176948
      176949
      176950
      176951
      176952
      176953
      176954
      177421
      177422
      177423
      177424
      177425
      177426
      177427
      177428
      177429
      177430
      177431
      177432
      177433
      177434
      177435
      177436
      177437
      177438
      177439
      177440
      177441
      177442
      177443
      177911
      177912
      177913
      177914
      177915
      177916
      177917
      177918
      177919
      177920
      177921
      177922
      177923
      177924
      177925
      177926
      177927
      177928
      177929
      177930
      177931
      178400
      178401
      178402
      178403
      178404
      178405
      178406
      178407
      178408
      178409
      178410
      178411
      178412
      178413
      178414
      178415
      178416
      178417
      178418
      178419
      178420
      178890
      178891
      178892
      178893
      178894
      178895
      178896
      178897
      178898
      178899
      178900
      178901
      178902
      178903
      178904
      178905
      178906
      178907
      179379
      179380
      179381
      179382
      179383
      179384
      179385
      179386
      179387
      179388
      179389
      179390
      179391
      179392
      179393
      179394
      179395
      179396
      179869
      179870
      179871
      179873
      179874
      179875
      179876
      179877
      179878
      179879
      179880
      179881
      179882
      179883
      179884
      180359
      180360
      180363
      180364
      180365
      180366
      180367
      180368
      180369
      180370
      180371
      180372
      180373
      180848
      180849
      180852
      180853
      180855
      180856
      180857
      180858
      180859
      180860
      180861
      180862
      181338
      181342
      181343
      181344
      181345
      181346
      181347
      181348
      181349
      181350
      181351
      181827
      181831
      181832
      181833
      181834
      181835
      181836
      181837
      181838
      181839
      181840
      182317
      182321
      182322
      182323
      182324
      182325
      182326
      182327
      182328
      182329
      182811
      182812
      182813
      182814
      182815
      182816
      182817
      182818
      183300
      183301
      183302
      183303
      183304
      183305
      183306
      183307
      183789
      183790
      183791
      183792
      183793
      183794
      183795
      184279
      184280
      184281
      184282
      184283
      184761
      184769
      184770
      184771
      184772
      185259
      185260
      185261
