          67
       54182
       55663
       56139
       56140
       56149
       56628
       56629
       56630
       56631
       56633
       56634
       56635
       57119
       57120
       57121
       57122
       57123
       57124
       57125
       57128
       57609
       57610
       57611
       57612
       57613
       57614
       58098
       58099
       58100
       58101
       58102
       58103
       58104
       58588
       58589
       58590
       58591
       58592
       58593
       59077
       59078
       59079
       59080
       59081
       59082
       59567
       59568
       59569
       59570
       60055
       60056
       60057
       60059
       60543
       60544
       60545
       61032
       61033
       61034
       61521
       61522
       61523
       62010
       62011
       62499
       62500
       62988
