         368
       14223
       14224
       14225
       14709
       14710
       14711
       14712
       14713
       14714
       15194
       15195
       15196
       15197
       15198
       15199
       15200
       15201
       15202
       15203
       15204
       15679
       15680
       15681
       15682
       15683
       15684
       15685
       15686
       15687
       15688
       15689
       15690
       15691
       15692
       15693
       16165
       16167
       16168
       16169
       16170
       16171
       16172
       16173
       16174
       16175
       16176
       16177
       16178
       16179
       16180
       16181
       16182
       16654
       16655
       16656
       16657
       16658
       16659
       16660
       16661
       16662
       16663
       16664
       16665
       16666
       16667
       16668
       16669
       16670
       16671
       16672
       17142
       17143
       17144
       17145
       17146
       17147
       17148
       17149
       17150
       17151
       17152
       17153
       17154
       17155
       17156
       17157
       17158
       17159
       17160
       17161
       17631
       17633
       17634
       17635
       17637
       17638
       17639
       17640
       17641
       17642
       17643
       17644
       17645
       17646
       17647
       17648
       17649
       17650
       18120
       18122
       18123
       18124
       18125
       18126
       18127
       18128
       18129
       18130
       18131
       18132
       18133
       18134
       18135
       18136
       18137
       18138
       18139
       18609
       18611
       18612
       18614
       18615
       18616
       18617
       18618
       18619
       18620
       18621
       18622
       18623
       18624
       18625
       18626
       18627
       18628
       18629
       19098
       19100
       19101
       19103
       19104
       19105
       19106
       19107
       19108
       19109
       19110
       19111
       19112
       19113
       19114
       19115
       19116
       19117
       19118
       19587
       19589
       19590
       19592
       19593
       19594
       19595
       19596
       19597
       19598
       19599
       19600
       19601
       19602
       19603
       19604
       19605
       19606
       19607
       20076
       20077
       20078
       20079
       20080
       20081
       20082
       20083
       20084
       20085
       20086
       20087
       20088
       20089
       20090
       20091
       20092
       20093
       20094
       20095
       20096
       20565
       20567
       20568
       20569
       20570
       20571
       20572
       20573
       20574
       20575
       20576
       20577
       20578
       20579
       20580
       20581
       20582
       20583
       20584
       20585
       21054
       21056
       21058
       21059
       21060
       21061
       21062
       21063
       21064
       21065
       21066
       21067
       21068
       21069
       21070
       21071
       21072
       21073
       21545
       21547
       21548
       21549
       21550
       21551
       21552
       21553
       21554
       21555
       21556
       21557
       21558
       21559
       21560
       21561
       21562
       22031
       22034
       22036
       22037
       22038
       22039
       22040
       22041
       22042
       22043
       22044
       22045
       22046
       22047
       22048
       22049
       22050
       22051
       22522
       22523
       22525
       22526
       22527
       22528
       22529
       22530
       22531
       22532
       22533
       22534
       22535
       22536
       22537
       22538
       22539
       23012
       23014
       23015
       23016
       23017
       23018
       23019
       23020
       23021
       23022
       23023
       23024
       23025
       23026
       23027
       23028
       23503
       23504
       23505
       23506
       23507
       23508
       23509
       23510
       23511
       23512
       23513
       23514
       23515
       23516
       23517
       23994
       23995
       23996
       23997
       23998
       23999
       24000
       24001
       24002
       24003
       24004
       24005
       24484
       24485
       24486
       24487
       24488
       24489
       24490
       24491
       24492
       24493
       24494
       24974
       24975
       24976
       24977
       24978
       24979
       24980
       24981
       24982
       24983
       25465
       25466
       25467
       25468
       25469
       25470
       25471
       25472
