          41
       31085
       31086
       31087
       31090
       31572
       31573
       31579
       32058
       32059
       32060
       32061
       32062
       32063
       32560
       32561
       32562
       33041
       33524
       33541
       34013
       34014
       34015
       34016
       34017
       34018
       34029
       34033
       34505
       34506
       34507
       34508
       34509
       34510
       34511
       34995
       34996
       36461
       36465
       36955
       37443
       38419
