         606
       60415
       60904
       60907
       61393
       61394
       61396
       61397
       61398
       61883
       61884
       61885
       61886
       61887
       61888
       62372
       62373
       62375
       62376
       62377
       62378
       62379
       62858
       62859
       62861
       62862
       62864
       62865
       62866
       62867
       62868
       62869
       62870
       63345
       63346
       63347
       63348
       63349
       63350
       63351
       63352
       63353
       63354
       63355
       63356
       63357
       63358
       63359
       63360
       63832
       63833
       63834
       63835
       63836
       63837
       63838
       63839
       63840
       63841
       63842
       63843
       63844
       63845
       63846
       63847
       63848
       63849
       63850
       63851
       64320
       64321
       64322
       64323
       64324
       64325
       64326
       64327
       64328
       64329
       64330
       64331
       64332
       64333
       64334
       64335
       64336
       64337
       64338
       64339
       64340
       64341
       64342
       64808
       64809
       64810
       64811
       64812
       64813
       64814
       64815
       64816
       64817
       64818
       64819
       64820
       64821
       64822
       64823
       64824
       64825
       64826
       64827
       64828
       64829
       64830
       64831
       64832
       64833
       64838
       65296
       65297
       65298
       65299
       65300
       65301
       65302
       65303
       65304
       65305
       65306
       65307
       65308
       65309
       65310
       65311
       65312
       65313
       65314
       65315
       65316
       65317
       65318
       65319
       65320
       65321
       65322
       65323
       65324
       65784
       65785
       65786
       65787
       65788
       65789
       65790
       65791
       65792
       65793
       65794
       65795
       65796
       65797
       65798
       65799
       65800
       65801
       65802
       65803
       65804
       65805
       65806
       65807
       65808
       65809
       65810
       65811
       65812
       66272
       66273
       66274
       66275
       66276
       66277
       66278
       66279
       66280
       66281
       66282
       66283
       66284
       66285
       66286
       66287
       66288
       66289
       66290
       66291
       66292
       66293
       66294
       66295
       66296
       66297
       66298
       66299
       66300
       66761
       66762
       66763
       66764
       66765
       66766
       66767
       66768
       66769
       66770
       66771
       66772
       66773
       66774
       66775
       66776
       66777
       66778
       66779
       66780
       66781
       66782
       66783
       66784
       66785
       66786
       66787
       66788
       66789
       67250
       67251
       67252
       67253
       67254
       67255
       67256
       67257
       67258
       67259
       67260
       67261
       67262
       67263
       67264
       67265
       67266
       67267
       67268
       67269
       67270
       67271
       67272
       67273
       67274
       67275
       67276
       67277
       67278
       67282
       67739
       67740
       67741
       67742
       67743
       67744
       67745
       67746
       67747
       67748
       67749
       67750
       67751
       67752
       67753
       67754
       67755
       67756
       67757
       67758
       67759
       67760
       67761
       67762
       67763
       67764
       67765
       67766
       68228
       68229
       68230
       68231
       68232
       68233
       68234
       68235
       68236
       68237
       68238
       68239
       68240
       68241
       68242
       68243
       68244
       68245
       68246
       68247
       68248
       68249
       68250
       68251
       68252
       68253
       68254
       68255
       68718
       68719
       68720
       68721
       68722
       68723
       68724
       68725
       68726
       68727
       68728
       68729
       68730
       68731
       68732
       68733
       68734
       68735
       68736
       68737
       68738
       68739
       68740
       68741
       68742
       68743
       68744
       69207
       69208
       69209
       69210
       69211
       69212
       69213
       69214
       69215
       69216
       69217
       69218
       69219
       69220
       69221
       69222
       69223
       69224
       69225
       69226
       69227
       69228
       69229
       69230
       69231
       69233
       69234
       69235
       69236
       69697
       69698
       69699
       69700
       69701
       69702
       69703
       69704
       69705
       69706
       69707
       69708
       69709
       69710
       69711
       69712
       69713
       69714
       69715
       69716
       69717
       69718
       69719
       69720
       69721
       69722
       69723
       70186
       70187
       70188
       70189
       70190
       70191
       70192
       70193
       70194
       70195
       70196
       70197
       70198
       70199
       70200
       70201
       70202
       70203
       70204
       70205
       70206
       70207
       70209
       70210
       70211
       70212
       70675
       70676
       70677
       70678
       70679
       70680
       70681
       70682
       70683
       70684
       70685
       70686
       70687
       70688
       70689
       70690
       70691
       70692
       70693
       70694
       70695
       70696
       70697
       70698
       70699
       70700
       70701
       71165
       71166
       71167
       71168
       71169
       71170
       71171
       71172
       71173
       71174
       71175
       71176
       71177
       71178
       71179
       71180
       71181
       71182
       71183
       71184
       71185
       71186
       71187
       71188
       71189
       71190
       71191
       71192
       71193
       71658
       71659
       71660
       71661
       71662
       71663
       71664
       71665
       71666
       71667
       71668
       71669
       71670
       71671
       71672
       71673
       71674
       71675
       71676
       71677
       71678
       71679
       71680
       71681
       71682
       72149
       72150
       72151
       72152
       72153
       72154
       72155
       72156
       72157
       72158
       72159
       72160
       72161
       72162
       72163
       72164
       72165
       72166
       72167
       72168
       72169
       72637
       72638
       72639
       72640
       72641
       72642
       72643
       72644
       72645
       72646
       72647
       72648
       72649
       72650
       72651
       72652
       72653
       72654
       72655
       72656
       73127
       73128
       73129
       73130
       73131
       73132
       73133
       73134
       73135
       73136
       73137
       73138
       73139
       73140
       73141
       73142
       73143
       73144
       73616
       73617
       73618
       73619
       73620
       73621
       73622
       73623
       73624
       73625
       73626
       73627
       73628
       73629
       73630
       73631
       74104
       74105
       74106
       74107
       74108
       74109
       74110
       74111
       74112
       74113
       74114
       74115
       74116
       74117
       74118
       74601
       74602
       74603
       74604
       74605
       75091
