         372
       22520
       23006
       23009
       23011
       23492
       23493
       23496
       23498
       23500
       23980
       23981
       23982
       23992
       23993
       24480
       24481
       24482
       24483
       24968
       24969
       24970
       24971
       24972
       24973
       25449
       25450
       25451
       25452
       25453
       25456
       25457
       25458
       25459
       25460
       25461
       25462
       25463
       25464
       25936
       25937
       25938
       25939
       25942
       25943
       25944
       25945
       25946
       25947
       25948
       25949
       25950
       25951
       25952
       25953
       26419
       26424
       26425
       26426
       26427
       26428
       26429
       26430
       26431
       26432
       26433
       26434
       26435
       26436
       26437
       26438
       26439
       26440
       26441
       26442
       26911
       26912
       26913
       26914
       26915
       26916
       26917
       26918
       26919
       26920
       26921
       26922
       26923
       26924
       26925
       26926
       26927
       26928
       26929
       26930
       26931
       27396
       27397
       27401
       27402
       27403
       27404
       27405
       27406
       27407
       27408
       27409
       27410
       27411
       27412
       27413
       27414
       27415
       27416
       27417
       27418
       27419
       27420
       27887
       27889
       27890
       27891
       27892
       27893
       27894
       27895
       27896
       27897
       27898
       27899
       27900
       27901
       27902
       27903
       27904
       27905
       27906
       27907
       27908
       27909
       28376
       28377
       28378
       28379
       28380
       28381
       28382
       28383
       28384
       28385
       28386
       28387
       28388
       28389
       28390
       28391
       28392
       28393
       28394
       28395
       28396
       28397
       28398
       28866
       28867
       28868
       28869
       28870
       28871
       28872
       28873
       28874
       28875
       28876
       28877
       28878
       28879
       28880
       28881
       28882
       28883
       28884
       28885
       28886
       28887
       29356
       29357
       29358
       29359
       29360
       29361
       29362
       29363
       29364
       29365
       29366
       29367
       29368
       29369
       29370
       29371
       29372
       29373
       29374
       29375
       29376
       29845
       29846
       29847
       29848
       29849
       29850
       29851
       29852
       29853
       29854
       29855
       29856
       29857
       29858
       29859
       29860
       29861
       29862
       29863
       29864
       29865
       30335
       30336
       30337
       30338
       30339
       30340
       30341
       30342
       30343
       30344
       30345
       30346
       30347
       30348
       30349
       30350
       30351
       30352
       30353
       30354
       30824
       30825
       30826
       30827
       30828
       30829
       30830
       30831
       30832
       30833
       30834
       30835
       30836
       30837
       30838
       30839
       30840
       30841
       30842
       31309
       31311
       31313
       31314
       31315
       31316
       31317
       31318
       31319
       31320
       31321
       31322
       31323
       31324
       31325
       31326
       31327
       31328
       31329
       31330
       31331
       31798
       31799
       31800
       31801
       31802
       31803
       31804
       31805
       31806
       31808
       31809
       31810
       31811
       31812
       31813
       31814
       31815
       31816
       31818
       31819
       31820
       32290
       32294
       32295
       32296
       32297
       32299
       32300
       32301
       32302
       32303
       32304
       32305
       32306
       32307
       32308
       32783
       32784
       32786
       32787
       32788
       32789
       32790
       32791
       32792
       32793
       32794
       32795
       32796
       32797
       33276
       33277
       33278
       33279
       33280
       33281
       33282
       33284
       33285
       33766
       33767
       33768
       33770
       33771
       33773
       34256
       34259
       34260
       34262
       34746
       34748
       34749
       35235
       35237
       35238
       35724
       35726
       35727
       36212
       36213
       36214
       36216
       36217
       36701
       36702
       36704
