         123
      198367
      198368
      198369
      198855
      198856
      198857
      198858
      198859
      199343
      199344
      199345
      199346
      199347
      199348
      199832
      199833
      199834
      199835
      199836
      199837
      199838
      200321
      200322
      200323
      200324
      200325
      200326
      200327
      200810
      200811
      200812
      200813
      200814
      200815
      200816
      200817
      201299
      201300
      201301
      201302
      201303
      201304
      201305
      201306
      201788
      201789
      201790
      201791
      201792
      201793
      201794
      201795
      201796
      202277
      202278
      202279
      202280
      202281
      202282
      202283
      202284
      202285
      202766
      202767
      202768
      202769
      202770
      202771
      202772
      202773
      202774
      203255
      203256
      203257
      203258
      203259
      203260
      203261
      203262
      203263
      203264
      203744
      203745
      203746
      203747
      203748
      203749
      203750
      203751
      203752
      203753
      204234
      204235
      204236
      204237
      204238
      204239
      204240
      204241
      204242
      204723
      204724
      204725
      204726
      204727
      204728
      204729
      204730
      205212
      205213
      205214
      205215
      205216
      205217
      205218
      205220
      205701
      205702
      205703
      205704
      205705
      205706
      205707
