          39
      206942
      207443
      207944
      211336
      212818
      212819
      212820
      213316
      213318
      213792
      214279
      214290
      214301
      214793
      216244
      216245
      216733
      217208
      218197
      218199
      218685
      219165
      219660
      220155
      220645
      221133
      221621
      224076
      208450
      209905
      209912
      210400
      215774
      215776
      216267
      216269
      216753
      217242
      217245
