          86
      192624
      192625
      193113
      193601
      193607
      194089
      194090
      194096
      194577
      194578
      194585
      195066
      195067
      195073
      195074
      195555
      195556
      195560
      195561
      195562
      195563
      195569
      196044
      196045
      196049
      196050
      196051
      196052
      196058
      196533
      196534
      196535
      196540
      196541
      197022
      197023
      197029
      197030
      197510
      197511
      197512
      197518
      197519
      197999
      198000
      198007
      198008
      198488
      198489
      198496
      198497
      198977
      198978
      198979
      198985
      198986
      199467
      199468
      199474
      199475
      199476
      199956
      199957
      199958
      199964
      199965
      200445
      200453
      200454
      200931
      200934
      200942
      200943
      201421
      201422
      201423
      201431
      201432
      201908
      201911
      202396
      202397
      202885
      203373
      203862
      204840
