          93
       12159
       13598
       14112
       14575
       15088
       16553
       17506
       17530
       18019
       18972
       18995
       18996
       19483
       19960
       20438
       20458
       20460
       20927
       20946
       21434
       21435
       21904
       21922
       21923
       21924
       22401
       22410
       22411
       22412
       22413
       22881
       22889
       22890
       22898
       22899
       22900
       22901
       23376
       23377
       23378
       23379
       23380
       23386
       23387
       23388
       23389
       23867
       23868
       23869
       23874
       23875
       23876
       23877
       23878
       24348
       24352
       24355
       24356
       24357
       24358
       24359
       24363
       24364
       24366
       24836
       24837
       24841
       24845
       24846
       24847
       24848
       24849
       25324
       25325
       25326
       25329
       25330
       25335
       25336
       25337
       25338
       25339
       25812
       25817
       25818
       25825
       25826
       26306
       26789
       26794
       27283
       27772
       28261
