         118
      187745
      188234
      188722
      188723
      189211
      189212
      189213
      189700
      189701
      189702
      190185
      190186
      190187
      190188
      190189
      190190
      190191
      190674
      190675
      190676
      190677
      190678
      190679
      190680
      191162
      191163
      191164
      191165
      191166
      191167
      191168
      191169
      191170
      191651
      191652
      191653
      191654
      191655
      191656
      191657
      191658
      191659
      192140
      192141
      192142
      192143
      192144
      192145
      192146
      192147
      192149
      192629
      192630
      192631
      192632
      192633
      192634
      192636
      192637
      193114
      193118
      193119
      193120
      193121
      193122
      193123
      193125
      193126
      193603
      193608
      193609
      193610
      193611
      193612
      193614
      193615
      194091
      194092
      194097
      194098
      194099
      194100
      194101
      194102
      194103
      194106
      194580
      194581
      194586
      194587
      194588
      194589
      194590
      194591
      194592
      194595
      195069
      195070
      195075
      195076
      195077
      195079
      195080
      195081
      195085
      195559
      195565
      195568
      195572
      196054
      196057
      196061
      196538
      196542
      196543
      197032
      197521
      198999
