         234
      167649
      167650
      167651
      167652
      167653
      167654
      167655
      167656
      168130
      168131
      168132
      168133
      168134
      168135
      168136
      168137
      168138
      168139
      168140
      168141
      168142
      168143
      168145
      168618
      168619
      168620
      168621
      168622
      168623
      168624
      168625
      168626
      168627
      168628
      168629
      168630
      168631
      168632
      168633
      168634
      168635
      168636
      169107
      169108
      169109
      169110
      169111
      169112
      169113
      169114
      169115
      169116
      169117
      169118
      169119
      169120
      169121
      169123
      169124
      169595
      169596
      169597
      169598
      169599
      169600
      169601
      169602
      169603
      169604
      169605
      169606
      169607
      169608
      169609
      169610
      169611
      169612
      169613
      170083
      170084
      170085
      170086
      170087
      170088
      170089
      170090
      170091
      170092
      170093
      170094
      170095
      170096
      170097
      170098
      170099
      170100
      170101
      170102
      170103
      170571
      170572
      170573
      170574
      170575
      170576
      170577
      170578
      170579
      170580
      170581
      170582
      170583
      170584
      170585
      170586
      170587
      170588
      170589
      170590
      170592
      171060
      171061
      171062
      171063
      171064
      171065
      171066
      171067
      171068
      171069
      171070
      171071
      171072
      171073
      171074
      171075
      171076
      171077
      171078
      171079
      171080
      171081
      171082
      171550
      171551
      171552
      171553
      171554
      171555
      171556
      171557
      171558
      171559
      171560
      171561
      171562
      171563
      171564
      171565
      171566
      171567
      171568
      171569
      171570
      171571
      172039
      172040
      172041
      172042
      172043
      172044
      172045
      172046
      172047
      172048
      172049
      172050
      172051
      172052
      172053
      172054
      172055
      172057
      172058
      172528
      172529
      172530
      172531
      172532
      172533
      172534
      172535
      172536
      172537
      172538
      172539
      172540
      172541
      172542
      172543
      172544
      173018
      173019
      173020
      173021
      173022
      173023
      173024
      173025
      173026
      173027
      173028
      173029
      173030
      173031
      173507
      173508
      173509
      173510
      173511
      173512
      173513
      173514
      173515
      173516
      173517
      173997
      173998
      173999
      174000
      174001
      174002
      174486
      174487
