         192
       51047
       52023
       52026
       52027
       52510
       52511
       52512
       52515
       52516
       52998
       52999
       53000
       53001
       53002
       53003
       53005
       53006
       53485
       53486
       53487
       53488
       53491
       53492
       53493
       53494
       53495
       53972
       53973
       53974
       53976
       53977
       53978
       53979
       53980
       53981
       53982
       53983
       53984
       53985
       54460
       54461
       54463
       54465
       54466
       54467
       54468
       54469
       54470
       54471
       54472
       54473
       54474
       54947
       54948
       54949
       54950
       54951
       54952
       54953
       54954
       54955
       54956
       54957
       54958
       54959
       54960
       54961
       54962
       54963
       54964
       55438
       55439
       55440
       55441
       55442
       55443
       55444
       55445
       55446
       55447
       55448
       55449
       55450
       55451
       55452
       55453
       55928
       55929
       55930
       55931
       55932
       55933
       55934
       55935
       55936
       55937
       55938
       55939
       55940
       55941
       55942
       55943
       56418
       56419
       56420
       56421
       56422
       56423
       56424
       56425
       56426
       56427
       56428
       56429
       56430
       56432
       56908
       56909
       56910
       56911
       56912
       56913
       56914
       56915
       56916
       56917
       56918
       56919
       57398
       57399
       57400
       57401
       57402
       57403
       57404
       57405
       57406
       57407
       57408
       57409
       57888
       57889
       57890
       57891
       57892
       57893
       57894
       57895
       57896
       57897
       57898
       58378
       58379
       58380
       58381
       58382
       58383
       58384
       58385
       58386
       58387
       58868
       58869
       58870
       58871
       58872
       58873
       58874
       58875
       58876
       59358
       59359
       59360
       59361
       59362
       59363
       59364
       59848
       59849
       59850
       59851
       59852
       59853
       60338
       60339
       60340
       60828
       60829
       61317
       61318
       61806
       62295
