         214
      148004
      151918
      151922
      151943
      152407
      152410
      152411
      152412
      152418
      152419
      152431
      152432
      152896
      152899
      152900
      152901
      152906
      152907
      152908
      152920
      152921
      153388
      153389
      153390
      153391
      153392
      153393
      153394
      153395
      153396
      153398
      153399
      153400
      153401
      153404
      153405
      153406
      153407
      153408
      153409
      153877
      153878
      153879
      153880
      153881
      153882
      153883
      153884
      153885
      153886
      153887
      153888
      153889
      153892
      153893
      153894
      153895
      153897
      153898
      154367
      154368
      154369
      154370
      154371
      154372
      154373
      154374
      154375
      154376
      154377
      154378
      154380
      154381
      154382
      154383
      154384
      154387
      154395
      154857
      154858
      154859
      154860
      154861
      154862
      154863
      154865
      154866
      154867
      154868
      154869
      154870
      154871
      154872
      154873
      154875
      154876
      154878
      154884
      155347
      155348
      155349
      155350
      155351
      155355
      155356
      155357
      155358
      155359
      155360
      155361
      155362
      155363
      155364
      155365
      155367
      155837
      155838
      155839
      155845
      155846
      155847
      155848
      155849
      155850
      155851
      155852
      155853
      155854
      155855
      155856
      155857
      156335
      156336
      156337
      156338
      156339
      156340
      156341
      156342
      156343
      156344
      156345
      156346
      156828
      156829
      156831
      156832
      156833
      156835
      157313
      157314
      157315
      157316
      157317
      157318
      157319
      157320
      157321
      157322
      157323
      157324
      157330
      157332
      157802
      157803
      157804
      157805
      157806
      157807
      157808
      157809
      157810
      157811
      157812
      157813
      157819
      157821
      157822
      158281
      158292
      158293
      158294
      158295
      158296
      158297
      158298
      158299
      158300
      158301
      158302
      158781
      158782
      158786
      158787
      158788
      158789
      158790
      158791
      158798
      159270
      159276
      159277
      159278
      159279
      159280
      159765
      159766
      159769
      160232
      160237
      160258
      160727
      160728
      162690
