         529
      151747
      151748
      151749
      151750
      151751
      151752
      151753
      151754
      151755
      151756
      151757
      151758
      151759
      151760
      152231
      152232
      152233
      152234
      152235
      152236
      152237
      152238
      152239
      152240
      152241
      152242
      152243
      152244
      152245
      152246
      152247
      152248
      152249
      152716
      152717
      152718
      152719
      152720
      152721
      152722
      152723
      152724
      152725
      152726
      152727
      152728
      152729
      152730
      152731
      152732
      152733
      152734
      152735
      152736
      152737
      152738
      153204
      153205
      153206
      153207
      153208
      153209
      153210
      153211
      153212
      153213
      153214
      153215
      153216
      153217
      153218
      153219
      153220
      153221
      153222
      153223
      153224
      153225
      153226
      153693
      153694
      153695
      153696
      153697
      153698
      153699
      153700
      153701
      153702
      153703
      153704
      153705
      153706
      153707
      153708
      153709
      153710
      153711
      153712
      153713
      153714
      153715
      154181
      154182
      154183
      154184
      154185
      154186
      154187
      154188
      154189
      154190
      154191
      154192
      154193
      154194
      154195
      154196
      154197
      154198
      154199
      154200
      154201
      154202
      154203
      154204
      154670
      154671
      154672
      154673
      154674
      154675
      154676
      154677
      154678
      154679
      154680
      154681
      154682
      154683
      154684
      154685
      154686
      154687
      154688
      154689
      154690
      154691
      154692
      155159
      155160
      155161
      155162
      155163
      155164
      155165
      155166
      155167
      155168
      155169
      155170
      155171
      155172
      155173
      155174
      155175
      155176
      155177
      155178
      155179
      155180
      155181
      155648
      155649
      155650
      155651
      155652
      155653
      155654
      155655
      155656
      155657
      155658
      155659
      155660
      155661
      155662
      155663
      155664
      155665
      155666
      155667
      155668
      155669
      155670
      156137
      156138
      156139
      156140
      156141
      156142
      156143
      156144
      156145
      156146
      156147
      156148
      156149
      156150
      156151
      156152
      156153
      156154
      156155
      156156
      156157
      156158
      156626
      156627
      156628
      156629
      156630
      156631
      156632
      156633
      156634
      156635
      156636
      156637
      156638
      156639
      156640
      156641
      156642
      156643
      156644
      156645
      156646
      157115
      157116
      157117
      157118
      157119
      157120
      157121
      157122
      157123
      157124
      157125
      157126
      157127
      157128
      157129
      157131
      157132
      157133
      157134
      157135
      157136
      157137
      157147
      157148
      157604
      157605
      157606
      157607
      157608
      157609
      157610
      157611
      157612
      157613
      157614
      157615
      157616
      157617
      157618
      157619
      157620
      157621
      157622
      157623
      157624
      157634
      157635
      157636
      157637
      158093
      158094
      158095
      158096
      158097
      158098
      158099
      158100
      158101
      158102
      158103
      158104
      158105
      158106
      158107
      158108
      158109
      158110
      158111
      158112
      158113
      158121
      158122
      158123
      158125
      158126
      158582
      158583
      158584
      158585
      158586
      158587
      158588
      158589
      158590
      158591
      158592
      158593
      158594
      158595
      158596
      158597
      158598
      158599
      158600
      158601
      158602
      158608
      158609
      158610
      158611
      158612
      158613
      158614
      159071
      159072
      159073
      159074
      159075
      159076
      159077
      159078
      159079
      159080
      159081
      159082
      159083
      159084
      159085
      159086
      159087
      159088
      159089
      159090
      159091
      159097
      159098
      159099
      159100
      159101
      159560
      159561
      159562
      159563
      159564
      159565
      159566
      159567
      159568
      159569
      159570
      159571
      159572
      159573
      159574
      159575
      159576
      159577
      159578
      159579
      159580
      159581
      159582
      159586
      159587
      159588
      160049
      160050
      160051
      160052
      160053
      160054
      160055
      160056
      160057
      160058
      160059
      160060
      160061
      160062
      160063
      160064
      160065
      160066
      160067
      160068
      160069
      160070
      160071
      160072
      160073
      160074
      160539
      160540
      160541
      160542
      160543
      160544
      160545
      160546
      160547
      160548
      160549
      160550
      160551
      160552
      160553
      160554
      160555
      160557
      160558
      160559
      160562
      161030
      161031
      161033
      161035
      161036
      161037
      161038
      161039
      161040
      161042
      161043
      161044
      161045
      161046
      161047
      161048
      161049
      161050
      161518
      161520
      161521
      161522
      161523
      161524
      161530
      161531
      161532
      161533
      161538
      161541
      161542
      162007
      162008
      162011
      162013
      162014
      162015
      162016
      162017
      162018
      162019
      162020
      162021
      162022
      162023
      162024
      162025
      162028
      162497
      162498
      162500
      162501
      162502
      162503
      162509
      162510
      162514
      162515
      162516
      162517
      162987
      162988
      162990
      162993
      162994
      162995
      162997
      162998
      162999
      163005
      163006
      163480
      163481
      163485
      163486
      163488
      163497
      163973
      163977
      163978
      163979
      163980
      163987
      164467
      164470
      164471
      164473
      164958
      164959
