          83
      112655
      113634
      115102
      116082
      116570
      116571
      116572
      117060
      117549
      118037
      118038
      118527
      119016
      119995
      120484
      120972
      120973
      121460
      121461
      121462
      121949
      121950
      121951
      122438
      122439
      122440
      122927
      122928
      122929
      122930
      122931
      123416
      123417
      123418
      123419
      123420
      123905
      123906
      123907
      123908
      123909
      124394
      124395
      124396
      124397
      124398
      124883
      124884
      124885
      124886
      124887
      125372
      125373
      125374
      125375
      125376
      125377
      125864
      125865
      125866
      125867
      125868
      126349
      126353
      126355
      126356
      126838
      126839
      126840
      126841
      126842
      127327
      127328
      127329
      127330
      127816
      127817
      127818
      128305
      128794
      129283
      130259
      130749
