          44
       47199
       47209
       47210
       48184
       48674
       49165
       51115
       51122
       51603
       51608
       52085
       52097
       52098
       52575
       52580
       52586
       53059
       53065
       53068
       53557
       53566
       54037
       54042
       54043
       54531
       54534
       54535
       54538
       55021
       55026
       55027
       55515
       56003
       56487
       56976
       57468
       57959
       58935
       58938
       59916
       60895
       61872
       64307
       64798
