          74
      193482
      193483
      193484
      193485
      193486
      193487
      193488
      193489
      193490
      193491
      193492
      193969
      193970
      193971
      193972
      193973
      193974
      193975
      193976
      193977
      193978
      193979
      193980
      193981
      194458
      194459
      194460
      194461
      194462
      194463
      194464
      194465
      194466
      194467
      194468
      194469
      194470
      194947
      194948
      194949
      194950
      194951
      194952
      194953
      194954
      194955
      194956
      194957
      194958
      194959
      195436
      195437
      195438
      195439
      195440
      195441
      195442
      195443
      195444
      195445
      195446
      195447
      195448
      195925
      195926
      195927
      195928
      195929
      195930
      195931
      195932
      195933
      195934
      195935
