         267
      124112
      124597
      124598
      124599
      124600
      124601
      124602
      125084
      125085
      125086
      125087
      125088
      125089
      125090
      125091
      125092
      125572
      125573
      125574
      125575
      125576
      125577
      125578
      125579
      125580
      125581
      125582
      126060
      126061
      126062
      126063
      126064
      126065
      126066
      126067
      126068
      126069
      126070
      126071
      126072
      126549
      126550
      126551
      126552
      126553
      126554
      126555
      126556
      126557
      126558
      126559
      126560
      126561
      127037
      127038
      127039
      127040
      127041
      127042
      127043
      127044
      127045
      127046
      127047
      127048
      127049
      127050
      127525
      127526
      127527
      127528
      127529
      127530
      127531
      127532
      127533
      127534
      127535
      127536
      127537
      127538
      127539
      128014
      128015
      128016
      128017
      128018
      128019
      128020
      128021
      128022
      128023
      128024
      128025
      128026
      128027
      128028
      128502
      128503
      128504
      128505
      128506
      128507
      128508
      128509
      128510
      128511
      128512
      128513
      128514
      128515
      128516
      128517
      128990
      128991
      128992
      128993
      128994
      128995
      128996
      128997
      128998
      128999
      129000
      129001
      129002
      129003
      129004
      129005
      129006
      129479
      129480
      129481
      129482
      129483
      129484
      129485
      129486
      129487
      129488
      129489
      129490
      129491
      129492
      129493
      129494
      129495
      129967
      129968
      129969
      129970
      129971
      129972
      129973
      129974
      129975
      129976
      129977
      129978
      129979
      129980
      129981
      129982
      129983
      129984
      130456
      130457
      130458
      130459
      130460
      130461
      130462
      130463
      130464
      130465
      130466
      130467
      130468
      130469
      130470
      130471
      130472
      130473
      130944
      130945
      130946
      130947
      130948
      130949
      130950
      130951
      130952
      130953
      130954
      130955
      130956
      130957
      130958
      130959
      130960
      130961
      130962
      131433
      131434
      131435
      131436
      131437
      131438
      131439
      131440
      131441
      131442
      131443
      131444
      131445
      131446
      131447
      131448
      131449
      131450
      131921
      131922
      131923
      131924
      131925
      131926
      131927
      131928
      131929
      131930
      131931
      131932
      131933
      131934
      131935
      132410
      132411
      132412
      132413
      132414
      132415
      132416
      132417
      132418
      132419
      132420
      132421
      132900
      132901
      132902
      132903
      132904
      132905
      132906
      132907
      132908
      133390
      133391
      133392
      133393
      133394
      133395
      133879
      133880
      133881
      133882
      134369
