         106
      105332
      105821
      106310
      106311
      106799
      106800
      107289
      107290
      107779
      107780
      108268
      108269
      108759
      109249
      109739
      109740
      110214
      110215
      110228
      110229
      110704
      110717
      110718
      111193
      111194
      111206
      111207
      111208
      111682
      111683
      111696
      111697
      111698
      111699
      111700
      112171
      112172
      112173
      112185
      112186
      112187
      112188
      112189
      112661
      112669
      112670
      112672
      112673
      112674
      112675
      112676
      112677
      112678
      113148
      113150
      113152
      113153
      113154
      113155
      113156
      113157
      113158
      113159
      113160
      113161
      113162
      113163
      113164
      113165
      113166
      113167
      113637
      113639
      113643
      113644
      113645
      113646
      113647
      113648
      113649
      113650
      113651
      113652
      113653
      113654
      114129
      114140
      114141
      114142
      114143
      114617
      114630
      114631
      115108
      115597
      115598
      116086
      116087
      116575
      116576
      117065
      117066
      117555
      118044
      119023
      120002
