          52
      147375
      147864
      148353
      148842
      149330
      149331
      149332
      149819
      149820
      149821
      150308
      150309
      150310
      150797
      150798
      150799
      151286
      151287
      151288
      151772
      151773
      151775
      151776
      151777
      152261
      152262
      152264
      152265
      152266
      152750
      152751
      152753
      152754
      152755
      153238
      153243
      153246
      153247
      153251
      153729
      154219
      154220
      154221
      154223
      154224
      154225
      154230
      154705
      154710
      154714
      155195
      155196
