         120
      197818
      198306
      198794
      199283
      199285
      199771
      199772
      199773
      199774
      200258
      200259
      200260
      200261
      200262
      200263
      200264
      200748
      200749
      200750
      200751
      200752
      200753
      201237
      201238
      201239
      201240
      201241
      201242
      201243
      201727
      201728
      201729
      201730
      201731
      201732
      202216
      202217
      202218
      202219
      202220
      202221
      202222
      202706
      202707
      202708
      202709
      202710
      202711
      203196
      203197
      203198
      203199
      203200
      203201
      203685
      203686
      203687
      203688
      203689
      203690
      204175
      204176
      204177
      204178
      204179
      204180
      204664
      204665
      204666
      204667
      204668
      204669
      205154
      205155
      205156
      205157
      205158
      205159
      205643
      205644
      205645
      205646
      205647
      205648
      206133
      206134
      206135
      206136
      206137
      206138
      206622
      206623
      206624
      206625
      206626
      206627
      207112
      207113
      207114
      207115
      207116
      207601
      207602
      207603
      207604
      207605
      207606
      208092
      208093
      208094
      208580
      208581
      208582
      209070
      209071
      209072
      209073
      209074
      209564
      210049
