         204
      102358
      102839
      102840
      102841
      102842
      102843
      102844
      102845
      102846
      102847
      102848
      103328
      103329
      103330
      103331
      103332
      103333
      103334
      103335
      103336
      103337
      103338
      103817
      103818
      103819
      103820
      103821
      103822
      103823
      103824
      103825
      103826
      103827
      103828
      104305
      104306
      104307
      104308
      104309
      104310
      104311
      104312
      104313
      104314
      104315
      104316
      104317
      104318
      104794
      104795
      104796
      104797
      104798
      104799
      104800
      104801
      104802
      104803
      104804
      104805
      104806
      104807
      105283
      105284
      105285
      105286
      105287
      105288
      105289
      105290
      105291
      105292
      105293
      105294
      105295
      105296
      105297
      105772
      105773
      105774
      105775
      105776
      105777
      105778
      105779
      105780
      105781
      105782
      105783
      105784
      105785
      105786
      105787
      106261
      106262
      106263
      106264
      106265
      106266
      106267
      106268
      106269
      106270
      106271
      106272
      106273
      106274
      106275
      106276
      106750
      106751
      106752
      106753
      106754
      106755
      106756
      106757
      106758
      106759
      106760
      106761
      106762
      106763
      106764
      106765
      107239
      107240
      107241
      107242
      107243
      107244
      107245
      107246
      107247
      107248
      107249
      107250
      107251
      107252
      107253
      107728
      107729
      107730
      107731
      107732
      107733
      107734
      107735
      107736
      107737
      107738
      107739
      107740
      107741
      108217
      108218
      108219
      108220
      108221
      108222
      108223
      108224
      108225
      108226
      108227
      108228
      108229
      108230
      108706
      108707
      108708
      108709
      108710
      108711
      108712
      108713
      108714
      108715
      108716
      108717
      108718
      109195
      109196
      109197
      109198
      109199
      109200
      109201
      109202
      109203
      109204
      109205
      109206
      109684
      109685
      109686
      109687
      109688
      109689
      109690
      109691
      109692
      109693
      109694
