          41
       62465
       62954
       65889
       66378
       66867
       70290
       70779
       71268
       71757
       86807
       87300
       89750
       91708
       92687
       93162
       93163
       93176
       93665
       97068
       97558
       98049
       98538
       98539
       99514
      100007
      100496
       94154
       95133
       96104
       99041
       94617
       94618
       95108
       95598
       96087
       97549
       99022
       99501
       99988
      100478
      100972
