          45
      204391
      204879
      205368
      205857
      205860
      205861
      205863
      205868
      206346
      206349
      206357
      206838
      206839
      207325
      207336
      207820
      208310
      208314
      208789
      208793
      208794
      208799
      209276
      209279
      209283
      209288
      209770
      210255
      210257
      210259
      210743
      210750
      211236
      212215
      212701
      212704
      213686
      214169
      214182
      214658
      215148
      215158
      215637
      216126
      216136
