          78
       62016
       62017
       62505
       62506
       62993
       62994
       62995
       62996
       63480
       63483
       63484
       63485
       63969
       63971
       63972
       63973
       63974
       64458
       64460
       64461
       64946
       64947
       64948
       64949
       65434
       65435
       65436
       65437
       65438
       65439
       65922
       65923
       65924
       65925
       65926
       65927
       65928
       66410
       66411
       66413
       66414
       66415
       66416
       66417
       66899
       66902
       66903
       66904
       66905
       66906
       67385
       67386
       67387
       67388
       67389
       67390
       67391
       67392
       67873
       67874
       67875
       67876
       67877
       67878
       67879
       67880
       68362
       68364
       68365
       68366
       68367
       68368
       68369
       68854
       68855
       68856
       68857
       69339
