         493
        1953
        1954
        2442
        2443
        2444
        2445
        2932
        2933
        2934
        3419
        3420
        3421
        3422
        3423
        3910
        3912
        4399
        4400
        4401
        4877
        4888
        4889
        4890
        5365
        5366
        5367
        5368
        5379
        5857
        5858
        5859
        5860
        5861
        6342
        6343
        6344
        6348
        6349
        6350
        6351
        6352
        6830
        6831
        6832
        6833
        6834
        6835
        6836
        6837
        6839
        6840
        6841
        6842
        6843
        7319
        7323
        7324
        7325
        7326
        7327
        7328
        7329
        7332
        7333
        7334
        7335
        7807
        7808
        7809
        7810
        7811
        7812
        7813
        7814
        7815
        7816
        7817
        7818
        7819
        7820
        7822
        7823
        7824
        8296
        8297
        8298
        8299
        8300
        8301
        8302
        8303
        8304
        8305
        8308
        8309
        8310
        8311
        8312
        8313
        8784
        8785
        8786
        8787
        8788
        8789
        8790
        8791
        8792
        8793
        8794
        8795
        8796
        8797
        8798
        8799
        8800
        8801
        8802
        9272
        9273
        9274
        9275
        9276
        9277
        9278
        9279
        9280
        9281
        9282
        9283
        9284
        9285
        9286
        9287
        9288
        9289
        9290
        9291
        9761
        9762
        9763
        9764
        9765
        9766
        9767
        9768
        9769
        9770
        9771
        9772
        9773
        9774
        9775
        9776
        9777
        9778
        9779
        9780
       10249
       10250
       10251
       10252
       10253
       10254
       10255
       10256
       10257
       10258
       10259
       10260
       10261
       10262
       10263
       10264
       10265
       10266
       10267
       10268
       10269
       10737
       10738
       10739
       10740
       10741
       10742
       10743
       10744
       10745
       10746
       10747
       10748
       10749
       10750
       10751
       10752
       10753
       10754
       10755
       10756
       10757
       10758
       11225
       11226
       11227
       11228
       11229
       11230
       11231
       11232
       11233
       11234
       11235
       11236
       11237
       11238
       11239
       11240
       11241
       11242
       11243
       11244
       11245
       11246
       11247
       11714
       11715
       11716
       11717
       11718
       11719
       11720
       11721
       11722
       11723
       11724
       11725
       11726
       11727
       11728
       11729
       11730
       11731
       11732
       11733
       11734
       11735
       11736
       12202
       12203
       12204
       12205
       12206
       12207
       12208
       12209
       12210
       12211
       12212
       12213
       12214
       12215
       12216
       12217
       12218
       12219
       12220
       12221
       12222
       12223
       12224
       12225
       12690
       12691
       12692
       12693
       12694
       12695
       12696
       12697
       12698
       12699
       12700
       12701
       12702
       12703
       12704
       12705
       12706
       12707
       12708
       12709
       12710
       12711
       12712
       12713
       12714
       13178
       13179
       13180
       13181
       13182
       13183
       13184
       13185
       13186
       13187
       13188
       13189
       13190
       13191
       13192
       13193
       13194
       13195
       13196
       13197
       13198
       13199
       13200
       13201
       13202
       13203
       13666
       13667
       13668
       13669
       13670
       13671
       13672
       13673
       13674
       13675
       13676
       13677
       13678
       13679
       13680
       13681
       13682
       13683
       13684
       13685
       13686
       13687
       13688
       13689
       13690
       13691
       13692
       14154
       14155
       14156
       14157
       14158
       14159
       14160
       14161
       14162
       14163
       14164
       14165
       14166
       14167
       14168
       14169
       14170
       14171
       14172
       14173
       14174
       14175
       14176
       14177
       14178
       14179
       14180
       14181
       14643
       14644
       14645
       14646
       14647
       14648
       14649
       14650
       14651
       14652
       14653
       14654
       14655
       14656
       14657
       14658
       14659
       14660
       14661
       14662
       14663
       14664
       14665
       14666
       14667
       14668
       14669
       14670
       15132
       15133
       15134
       15135
       15136
       15137
       15138
       15139
       15140
       15141
       15142
       15143
       15144
       15145
       15146
       15147
       15148
       15149
       15150
       15151
       15152
       15153
       15154
       15155
       15156
       15157
       15158
       15159
       15621
       15622
       15623
       15624
       15625
       15626
       15627
       15628
       15629
       15630
       15631
       15632
       15633
       15634
       15635
       15636
       15637
       15638
       15639
       16111
       16112
       16113
       16114
       16115
       16116
       16117
       16118
       16119
       16120
       16121
       16122
       16123
       16600
       16601
       16602
       16603
       16604
       16605
       16606
       16607
       16608
       16609
       17089
       17090
       17091
       17092
       17093
       17094
       17095
       17096
       17578
       17579
       17580
       17581
       17582
       18067
       18068
       18069
       18070
       18557
