          46
        3144
        3148
        6564
        7058
        9506
        9508
        9509
        9510
        9511
        9534
        9994
        9995
        9997
        9998
        9999
       10000
       10001
       10002
       10003
       10485
       10492
       10493
       10495
       10977
       10981
       10987
       11460
       11468
       11472
       11473
       11474
       11479
       11951
       11963
       11964
       11974
       12451
       12454
       12455
       12934
       12939
       12942
       13430
       13916
       13920
       14407
