         264
      108462
      108950
      108951
      109439
      109440
      109441
      109442
      109443
      109927
      109930
      109931
      110415
      110417
      110418
      110419
      110420
      110421
      110422
      110423
      110905
      110907
      110908
      110909
      110910
      110911
      110912
      110913
      111392
      111394
      111396
      111397
      111398
      111399
      111400
      111401
      111402
      111403
      111880
      111882
      111883
      111884
      111885
      111886
      111887
      111888
      111889
      111890
      111891
      111892
      111893
      112369
      112371
      112373
      112374
      112375
      112376
      112377
      112378
      112379
      112380
      112381
      112382
      112383
      112857
      112858
      112859
      112861
      112862
      112863
      112864
      112865
      112866
      112867
      112868
      112869
      112870
      112871
      112872
      112873
      113345
      113346
      113347
      113348
      113350
      113351
      113352
      113353
      113354
      113355
      113356
      113357
      113358
      113359
      113360
      113361
      113362
      113363
      113833
      113835
      113836
      113838
      113840
      113841
      113842
      113843
      113844
      113845
      113846
      113847
      113848
      113849
      113850
      113851
      113852
      114321
      114322
      114323
      114324
      114325
      114326
      114327
      114328
      114329
      114330
      114331
      114332
      114333
      114334
      114335
      114336
      114337
      114338
      114339
      114340
      114341
      114342
      114811
      114812
      114813
      114814
      114815
      114816
      114817
      114818
      114819
      114820
      114821
      114822
      114823
      114824
      114825
      114826
      114827
      114828
      114829
      114830
      114831
      115300
      115301
      115302
      115303
      115304
      115305
      115306
      115307
      115308
      115309
      115310
      115311
      115312
      115313
      115314
      115315
      115316
      115317
      115318
      115319
      115320
      115790
      115791
      115792
      115793
      115794
      115795
      115796
      115797
      115798
      115799
      115800
      115801
      115802
      115803
      115804
      115805
      115806
      115807
      115808
      115809
      116280
      116281
      116282
      116283
      116284
      116285
      116286
      116287
      116288
      116289
      116290
      116291
      116292
      116293
      116294
      116295
      116296
      116297
      116770
      116771
      116772
      116773
      116774
      116775
      116776
      116777
      116778
      116779
      116780
      116781
      116782
      116783
      116784
      116785
      117261
      117262
      117263
      117264
      117265
      117266
      117267
      117268
      117269
      117270
      117271
      117272
      117751
      117752
      117753
      117754
      117755
      117756
      117757
      117758
      117759
      117760
      118242
      118243
      118244
      118245
      118246
      118247
      118248
      118733
      118734
      118735
