          51
      114950
      118373
      118857
      119824
      120309
      120799
      121302
      121792
      122281
      123258
      123746
      124234
      124235
      124725
      124736
      124737
      124738
      124739
      124740
      125215
      125222
      125223
      125224
      125225
      125226
      125227
      125228
      125703
      125704
      125705
      125706
      125707
      125715
      125716
      126203
      126204
      126690
      126691
      127177
      127665
      128153
      128643
      129133
      129609
      129613
      130104
      131581
      132043
      132063
      132552
      134022
