          66
      207170
      207176
      207177
      207180
      207648
      207651
      207659
      207674
      207675
      207676
      208146
      208147
      208148
      208149
      208150
      208151
      208152
      208153
      208154
      208155
      208156
      208157
      208158
      208163
      208164
      208165
      208169
      208643
      208644
      208645
      208646
      208647
      208655
      208661
      209132
      209133
      209134
      209135
      209136
      209137
      209138
      209145
      209624
      209625
      209626
      209627
      209628
      209637
      210115
      210116
      210117
      210621
      210626
      211585
      211589
      212074
      212075
      212076
      212077
      212078
      212565
      212566
      213054
      213055
      213543
      214032
