         266
        9342
        9343
        9830
        9831
        9832
        9833
        9834
        9835
        9836
        9837
        9838
       10318
       10319
       10320
       10321
       10322
       10323
       10324
       10325
       10326
       10327
       10328
       10807
       10808
       10809
       10810
       10811
       10812
       10813
       10814
       10815
       10816
       10817
       10818
       11295
       11296
       11297
       11298
       11299
       11300
       11301
       11302
       11303
       11304
       11305
       11306
       11307
       11783
       11784
       11785
       11786
       11787
       11788
       11789
       11790
       11791
       11792
       11793
       11794
       11795
       11796
       11797
       12272
       12273
       12274
       12275
       12276
       12277
       12278
       12279
       12280
       12281
       12282
       12283
       12284
       12285
       12286
       12760
       12761
       12762
       12763
       12764
       12765
       12766
       12767
       12768
       12769
       12770
       12771
       12772
       12773
       12774
       12775
       12776
       13248
       13249
       13250
       13251
       13252
       13253
       13254
       13255
       13256
       13257
       13258
       13259
       13260
       13261
       13262
       13263
       13264
       13265
       13736
       13737
       13738
       13739
       13740
       13741
       13742
       13743
       13744
       13745
       13746
       13747
       13748
       13749
       13750
       13751
       13752
       13753
       13754
       13755
       14226
       14227
       14228
       14229
       14230
       14231
       14232
       14233
       14234
       14235
       14236
       14237
       14238
       14239
       14240
       14241
       14242
       14243
       14244
       14245
       14715
       14716
       14717
       14718
       14719
       14720
       14721
       14722
       14723
       14724
       14725
       14726
       14727
       14728
       14729
       14730
       14731
       14732
       14733
       14734
       15205
       15206
       15207
       15208
       15209
       15210
       15211
       15212
       15213
       15214
       15215
       15216
       15217
       15218
       15219
       15220
       15221
       15222
       15223
       15694
       15695
       15696
       15697
       15698
       15699
       15700
       15701
       15702
       15703
       15704
       15705
       15706
       15707
       15708
       15709
       15710
       16183
       16184
       16185
       16186
       16187
       16188
       16189
       16190
       16191
       16192
       16193
       16194
       16195
       16196
       16197
       16673
       16674
       16675
       16676
       16677
       16678
       16679
       16680
       16681
       16682
       16683
       16684
       17162
       17163
       17164
       17165
       17166
       17167
       17168
       17169
       17170
       17171
       17651
       17652
       17653
       17654
       17655
       17656
       17657
       17658
       18140
       18141
       18142
       18143
       18144
       18145
       18630
       18631
       18632
       18633
       19119
       19120
       19608
