         319
      209972
      209973
      209974
      209975
      209976
      209977
      209978
      210458
      210459
      210460
      210461
      210462
      210463
      210464
      210465
      210466
      210467
      210468
      210947
      210948
      210949
      210950
      210951
      210952
      210953
      210954
      210955
      210956
      210957
      210958
      211436
      211437
      211438
      211439
      211440
      211441
      211442
      211443
      211444
      211445
      211446
      211447
      211448
      211925
      211926
      211927
      211928
      211929
      211930
      211931
      211932
      211933
      211934
      211935
      211936
      211937
      212415
      212416
      212417
      212418
      212419
      212420
      212421
      212422
      212423
      212424
      212425
      212426
      212427
      212904
      212905
      212906
      212907
      212908
      212909
      212910
      212911
      212912
      212913
      212914
      212915
      212916
      212917
      213393
      213394
      213395
      213396
      213397
      213398
      213399
      213400
      213401
      213402
      213403
      213404
      213405
      213406
      213882
      213883
      213884
      213885
      213886
      213887
      213888
      213889
      213890
      213891
      213892
      213893
      213894
      213895
      213896
      214371
      214372
      214373
      214374
      214375
      214376
      214377
      214378
      214379
      214380
      214381
      214382
      214383
      214384
      214385
      214386
      214861
      214862
      214863
      214864
      214865
      214866
      214867
      214868
      214869
      214870
      214871
      214872
      214873
      214874
      214875
      215350
      215351
      215352
      215353
      215354
      215355
      215356
      215357
      215358
      215359
      215360
      215361
      215362
      215363
      215364
      215365
      215839
      215840
      215841
      215842
      215843
      215844
      215845
      215846
      215847
      215848
      215849
      215850
      215851
      215852
      215853
      215854
      215855
      216329
      216330
      216331
      216332
      216333
      216334
      216335
      216336
      216337
      216338
      216339
      216340
      216341
      216342
      216343
      216344
      216345
      216818
      216819
      216820
      216821
      216822
      216823
      216824
      216825
      216826
      216827
      216828
      216829
      216830
      216831
      216832
      216833
      216834
      217307
      217308
      217309
      217310
      217311
      217312
      217313
      217314
      217315
      217316
      217317
      217318
      217319
      217320
      217321
      217322
      217323
      217324
      217797
      217798
      217799
      217800
      217801
      217802
      217803
      217804
      217805
      217806
      217807
      217808
      217809
      217810
      217811
      217812
      218286
      218287
      218288
      218289
      218290
      218291
      218292
      218293
      218294
      218295
      218296
      218297
      218298
      218299
      218300
      218776
      218777
      218778
      218779
      218780
      218781
      218782
      218783
      218784
      218785
      218786
      218787
      219265
      219266
      219267
      219268
      219269
      219270
      219271
      219272
      219273
      219274
      219275
      219276
      219755
      219756
      219757
      219758
      219759
      219760
      219761
      219763
      219764
      220244
      220245
      220246
      220247
      220248
      220249
      220250
      220251
      220252
      220734
      220735
      220736
      220737
      220738
      220739
      220740
      221223
      221225
      221226
      221227
      221228
      221711
      221713
      221714
      221715
      222202
      222203
