          77
      162453
      163438
      163911
      164402
      164415
      164890
      165391
      167345
      170763
      181036
      184965
      185452
      182526
      182527
      182528
      182529
      182530
      183013
      183014
      183019
      183020
      183501
      183508
      183509
      183989
      183997
      183998
      184477
      184486
      184487
      184488
      184489
      184490
      184491
      184976
      184977
      184978
      184979
      184980
      184981
      185470
      185471
      185960
      185961
      185962
      186450
      186451
      186940
      186941
      186942
      187430
      187920
      188903
      189394
      187447
      187450
      187932
      188415
      188416
      188417
      188439
      191371
      192834
      187431
      187939
      188413
      188423
      188424
      188426
      188904
      188907
      188908
      188909
      193784
      194276
      194767
      195258
