         197
      104822
      104823
      105307
      105308
      105309
      105310
      105311
      105312
      105313
      105792
      105793
      105794
      105795
      105796
      105797
      105798
      105799
      105800
      105801
      105802
      106277
      106278
      106279
      106280
      106281
      106282
      106283
      106284
      106285
      106286
      106287
      106288
      106289
      106290
      106291
      106766
      106767
      106768
      106769
      106770
      106771
      106772
      106773
      106774
      106775
      106776
      106777
      106778
      106779
      106780
      107254
      107255
      107256
      107257
      107258
      107259
      107260
      107261
      107262
      107263
      107264
      107265
      107266
      107267
      107268
      107269
      107742
      107743
      107744
      107745
      107746
      107747
      107748
      107749
      107750
      107751
      107752
      107753
      107754
      107755
      107756
      107757
      107758
      107759
      108231
      108232
      108233
      108234
      108235
      108236
      108237
      108238
      108239
      108240
      108241
      108242
      108243
      108244
      108245
      108246
      108247
      108248
      108719
      108720
      108721
      108722
      108723
      108724
      108725
      108726
      108727
      108728
      108729
      108730
      108731
      108732
      108733
      108734
      108735
      108736
      108737
      109207
      109208
      109209
      109210
      109211
      109212
      109213
      109214
      109215
      109216
      109217
      109218
      109219
      109220
      109221
      109222
      109223
      109224
      109225
      109226
      109227
      109695
      109696
      109697
      109698
      109699
      109700
      109701
      109702
      109703
      109704
      109705
      109706
      109707
      109708
      109709
      109710
      109711
      109712
      109713
      110184
      110185
      110186
      110187
      110188
      110189
      110190
      110191
      110192
      110193
      110194
      110195
      110196
      110197
      110198
      110199
      110674
      110675
      110676
      110677
      110678
      110679
      110680
      110681
      110682
      110683
      110684
      111164
      111165
      111166
      111167
      111168
      111169
      111170
      111654
      111655
