          62
      105438
      106414
      106910
      107390
      107883
      107885
      108364
      108366
      108371
      108852
      108859
      109338
      109347
      109348
      109834
      109835
      110327
      110800
      111288
      111302
      111304
      111774
      111792
      112262
      112276
      112279
      112749
      112767
      112768
      113235
      113255
      113257
      113742
      114226
      114233
      114712
      114715
      114721
      115200
      115206
      115207
      115209
      115687
      115691
      115692
      115694
      115695
      115696
      115697
      116175
      116183
      116184
      116665
      116666
      116672
      117157
      117158
      117641
      117642
      117643
      117644
      118129
