          40
       67048
       67536
       68024
       68511
       68512
       68513
       69000
       69001
       69488
       69974
       69975
       69976
       69982
       70462
       70469
       70470
       70951
       70958
       71439
       71926
       71927
       71928
       71933
       72415
       72416
       72417
       72420
       72904
       72905
       72908
       72922
       72923
       73392
       73396
       73883
       74369
       74857
       75346
       76322
       76810
