          48
      112753
      113240
      113726
      113727
      113728
      114212
      114213
      114214
      114700
      114710
      115187
      115188
      115198
      115674
      115675
      116161
      116162
      116171
      116648
      116657
      116658
      116659
      117136
      117144
      117149
      117150
      117151
      117624
      117635
      117636
      117637
      118111
      118112
      118121
      118123
      118124
      118133
      118598
      118610
      118611
      118615
      119097
      119098
      119099
      119100
      119101
      119586
      119587
