         195
       95931
       98367
       98829
      100804
      101766
      101779
      102273
      102761
      103231
      103235
      103722
      104209
      104213
      104711
      108138
      108139
      135053
      135054
      135055
      135065
      135545
      136030
      136031
      136032
      136516
      136518
      137007
      137496
      138476
      138961
      139450
      139939
      139940
      139941
      139942
      140427
      141408
      142385
      142873
      143360
      143849
      144338
      144339
      144824
      144829
      145314
      145315
      145316
      145317
      145318
      145319
      145803
      145804
      145805
      147266
      147268
      147755
      148244
      148732
      149226
      149712
      150201
      151191
      151668
      151677
      152647
      153634
      154120
      154121
      139451
      140428
      140429
      140430
      140431
      140916
      140917
      140918
      140919
      140920
      141409
      141897
      142874
      143361
      143362
      143850
      144340
      144830
      145320
      145801
      145806
      145807
      145808
      146289
      146778
      146779
      147267
      147756
      148245
      148249
      148733
      148734
      148735
      148736
      148738
      149713
      149714
      150220
      150704
      151180
      152158
      152650
      135056
      135057
      135063
      135064
      135546
      135558
      136033
      136034
      136519
      137008
      137497
      137987
      138477
      138962
      138963
      138964
      138965
      138966
      138967
      138968
      139452
      139453
      139454
      139455
      139456
      139457
      139943
      139944
      142387
      142875
      143364
      143852
      143853
      143854
      143855
      144344
      145321
      146294
      148250
      149225
      150219
      150693
      150703
      151181
      151675
      152159
      152160
      152161
      152648
      140432
      140921
      141898
      142386
      143363
      143851
      144341
      144342
      144343
      144831
      144832
      145802
      145809
      146290
      146291
      146292
      146293
      147757
      147758
      147759
      147760
      148246
      148247
      148248
      148737
      148739
      149224
      149227
      149715
      150204
      151669
      151676
      152162
      152649
      153146
