          46
      162830
      168689
      170645
      171134
      171135
      171136
      171623
      171624
      171625
      172112
      172113
      172114
      172595
      172600
      172601
      172602
      172603
      173582
      174071
      174072
      174551
      174560
      174561
      175040
      175049
      175050
      175529
      175538
      175539
      176018
      176027
      176028
      176507
      176516
      176517
      177012
      177499
      177983
      178463
      178471
      182393
      187285
      195599
      196088
      197556
      198045
