          83
      127205
      127206
      127207
      127208
      127209
      127210
      127211
      127212
      127213
      127214
      127215
      127216
      127217
      127218
      127219
      127220
      127221
      127222
      127694
      127695
      127696
      127697
      127698
      127699
      127700
      127701
      127706
      127707
      127708
      127709
      127710
      127711
      128180
      128181
      128182
      128183
      128184
      128185
      128195
      128196
      128197
      128198
      128199
      128667
      128668
      128669
      128670
      128671
      128684
      128685
      128686
      129154
      129155
      129156
      129157
      129158
      129159
      129160
      129161
      129162
      129164
      129165
      129166
      129167
      129168
      129169
      129170
      129171
      129172
      129641
      129642
      129643
      129644
      129645
      129646
      129654
      129655
      129656
      129657
      129658
      130142
      130631
      131120
