          39
       58567
       59052
       59056
       59542
       60031
       60521
       61010
       61500
       61990
       61991
       61992
       61993
       61994
       61995
       61996
       61997
       61998
       62480
       62481
       62482
       62483
       62484
       62485
       62486
       62487
       63463
       63952
       63953
       64442
       64448
       64931
       64932
       64938
       65421
       65911
       65917
       65920
       66408
       68359
