         205
       50968
       56339
       56347
       58309
       58782
       58787
       58788
       58798
       59278
       59285
       59288
       59779
       60270
       61729
       62213
       62226
       50491
       51467
       54418
       54906
       55390
       55391
       55397
       55875
       55876
       55877
       55878
       55882
       55883
       56359
       56360
       56361
       56362
       56363
       56364
       56365
       56366
       56367
       56368
       56369
       56846
       56847
       56848
       56849
       56850
       56851
       56852
       56853
       56854
       56855
       56856
       56857
       56858
       57335
       57336
       57337
       57338
       57339
       57340
       57341
       57342
       57343
       57344
       57345
       57346
       57347
       57350
       57351
       57352
       57353
       57354
       57355
       57356
       57357
       57824
       57825
       57826
       57827
       57828
       57829
       57830
       57831
       57832
       57833
       57834
       57835
       57836
       57837
       57838
       57839
       57844
       57848
       58313
       58314
       58315
       58316
       58317
       58318
       58319
       58320
       58321
       58322
       58323
       58324
       58325
       58328
       58329
       58802
       58803
       58804
       58805
       58811
       58812
       58813
       58814
       58815
       59298
       59299
       59313
       59780
       59781
       59795
       59809
       60271
       60272
       60273
       60274
       60275
       60777
       61265
       61266
       61270
       61271
       61272
       61273
       61746
       61753
       61756
       62225
       51466
       51955
       52932
       53420
       53908
       54396
       54878
       55367
       55372
       55850
       55856
       55861
       56346
       56348
       56349
       56845
       57325
       57330
       57331
       57332
       57334
       57813
       57814
       57818
       57819
       57820
       57821
       57822
       57823
       58301
       58302
       58303
       58304
       58305
       58306
       58307
       58308
       58310
       58311
       58312
       58786
       58789
       58790
       58791
       58793
       58794
       58795
       58796
       58797
       58799
       58800
       58801
       59277
       59286
       59287
       59769
       59773
       59774
       59775
       59776
       59777
       59778
       61727
       61728
       62214
       62224
