          39
       55807
       56291
       57277
       58255
       59234
       59724
       61192
       62661
       64140
       64141
       64142
       64143
       64611
       64625
       64632
       65119
       65120
       65607
       66094
       66572
       67059
       67069
       67556
       68551
       69026
       69994
       70490
       70498
       70975
       70976
       70997
       71458
       71488
       71960
       72431
       72435
       72455
       72949
       75372
