         440
      148168
      148169
      148170
      148171
      148172
      148173
      148174
      148175
      148657
      148658
      148659
      148660
      148661
      148662
      148663
      148664
      148666
      149146
      149147
      149148
      149149
      149150
      149151
      149152
      149153
      149155
      149635
      149636
      149637
      149638
      149639
      149640
      149641
      149642
      150124
      150125
      150126
      150127
      150128
      150129
      150130
      150131
      150613
      150614
      150615
      150616
      150617
      150618
      150619
      150620
      150627
      151102
      151103
      151104
      151105
      151106
      151107
      151108
      151109
      151115
      151591
      151592
      151593
      151594
      151595
      151596
      151597
      151604
      152080
      152081
      152082
      152083
      152084
      152085
      152092
      152093
      152095
      152096
      152097
      152569
      152570
      152571
      152572
      152573
      152574
      152578
      152580
      152581
      152583
      152584
      152585
      152586
      153058
      153059
      153060
      153061
      153062
      153063
      153064
      153065
      153066
      153067
      153068
      153069
      153070
      153071
      153072
      153073
      153074
      153080
      153547
      153548
      153549
      153550
      153551
      153552
      153553
      153554
      153555
      153556
      153557
      153558
      153559
      153560
      153561
      153562
      153563
      153569
      154036
      154037
      154038
      154039
      154040
      154041
      154042
      154043
      154044
      154045
      154046
      154047
      154048
      154049
      154050
      154051
      154053
      154057
      154058
      154525
      154526
      154527
      154528
      154529
      154530
      154531
      154532
      154533
      154534
      154535
      154536
      154537
      154538
      154539
      154540
      154541
      154542
      154546
      155014
      155015
      155016
      155017
      155018
      155019
      155020
      155021
      155022
      155023
      155024
      155025
      155026
      155027
      155028
      155029
      155030
      155031
      155503
      155504
      155505
      155506
      155507
      155508
      155509
      155510
      155511
      155512
      155513
      155514
      155515
      155516
      155517
      155518
      155519
      155523
      155992
      155993
      155994
      155995
      155996
      155997
      155998
      155999
      156000
      156001
      156002
      156003
      156004
      156005
      156006
      156007
      156008
      156012
      156481
      156482
      156483
      156484
      156485
      156486
      156487
      156488
      156489
      156490
      156491
      156492
      156493
      156494
      156495
      156496
      156497
      156501
      156970
      156971
      156972
      156973
      156974
      156975
      156976
      156977
      156978
      156979
      156980
      156981
      156982
      156983
      156984
      156985
      156986
      156989
      156990
      156991
      157459
      157460
      157461
      157462
      157463
      157464
      157465
      157466
      157467
      157468
      157469
      157470
      157471
      157472
      157473
      157474
      157475
      157478
      157479
      157948
      157949
      157950
      157951
      157952
      157953
      157954
      157955
      157956
      157957
      157958
      157959
      157960
      157961
      157962
      157963
      157964
      157967
      157968
      158437
      158438
      158439
      158440
      158441
      158442
      158443
      158444
      158445
      158446
      158447
      158448
      158449
      158450
      158451
      158452
      158453
      158456
      158457
      158926
      158927
      158928
      158929
      158930
      158931
      158932
      158933
      158934
      158935
      158936
      158937
      158938
      158939
      158940
      158941
      158942
      158944
      158945
      158946
      159415
      159416
      159417
      159418
      159419
      159420
      159421
      159422
      159423
      159424
      159425
      159426
      159427
      159428
      159429
      159430
      159431
      159433
      159434
      159904
      159905
      159906
      159907
      159908
      159909
      159910
      159911
      159912
      159913
      159914
      159915
      159916
      159917
      159918
      159919
      159920
      159921
      159922
      159923
      160393
      160394
      160395
      160396
      160397
      160398
      160399
      160400
      160401
      160402
      160403
      160404
      160405
      160406
      160407
      160408
      160409
      160410
      160882
      160883
      160884
      160885
      160886
      160887
      160888
      160889
      160890
      160891
      160892
      160893
      160894
      160895
      160896
      160897
      161371
      161372
      161373
      161374
      161375
      161376
      161377
      161378
      161379
      161380
      161381
      161382
      161383
      161384
      161860
      161861
      161862
      161863
      161864
      161865
      161866
      161867
      161868
      161869
      161870
      162349
      162350
      162351
      162352
      162353
      162354
      162355
