          39
      108739
      111186
      114122
      114610
      114611
      115098
      115099
      115100
      115589
      116078
      116079
      116565
      116567
      116568
      117054
      117056
      117057
      117542
      117543
      117545
      118032
      118035
      118521
      118524
      119010
      119012
      119013
      119499
      119501
      119502
      119988
      119990
      120477
      120479
      120968
      121457
      121946
      122435
      122924
