         288
      199213
      199214
      199700
      199701
      199703
      199704
      199705
      199706
      200188
      200189
      200190
      200191
      200192
      200193
      200675
      200676
      200677
      200678
      200679
      200680
      200681
      200682
      201162
      201163
      201164
      201165
      201166
      201167
      201168
      201169
      201170
      201649
      201650
      201651
      201652
      201653
      201654
      201655
      201656
      201657
      201658
      201659
      202136
      202137
      202138
      202139
      202140
      202141
      202142
      202143
      202144
      202145
      202146
      202147
      202620
      202621
      202623
      202624
      202625
      202626
      202627
      202628
      202629
      202630
      202631
      202632
      202633
      202634
      202635
      202636
      203104
      203105
      203106
      203108
      203109
      203111
      203112
      203113
      203114
      203115
      203116
      203117
      203118
      203119
      203120
      203121
      203122
      203123
      203124
      203594
      203595
      203597
      203598
      203600
      203601
      203602
      203603
      203604
      203605
      203606
      203607
      203608
      203609
      203610
      203611
      203612
      203613
      204084
      204085
      204086
      204087
      204088
      204089
      204090
      204091
      204092
      204093
      204094
      204095
      204096
      204097
      204098
      204099
      204100
      204101
      204573
      204574
      204575
      204576
      204577
      204578
      204579
      204580
      204581
      204582
      204583
      204584
      204585
      204586
      204587
      204588
      204589
      204590
      205063
      205064
      205065
      205066
      205067
      205068
      205069
      205070
      205071
      205072
      205073
      205074
      205075
      205076
      205077
      205078
      205079
      205553
      205554
      205555
      205556
      205557
      205558
      205559
      205560
      205561
      205562
      205563
      205564
      205565
      205566
      205567
      206042
      206043
      206044
      206045
      206046
      206047
      206048
      206049
      206050
      206051
      206052
      206053
      206054
      206055
      206056
      206532
      206533
      206534
      206535
      206536
      206537
      206538
      206539
      206540
      206541
      206542
      206543
      206544
      206545
      207021
      207022
      207023
      207024
      207025
      207026
      207027
      207028
      207029
      207030
      207031
      207032
      207033
      207511
      207512
      207513
      207514
      207515
      207516
      207517
      207518
      207519
      207520
      207521
      207522
      208000
      208001
      208002
      208003
      208004
      208005
      208006
      208007
      208008
      208009
      208010
      208011
      208490
      208491
      208492
      208493
      208494
      208495
      208496
      208497
      208498
      208499
      208500
      208979
      208980
      208981
      208982
      208983
      208984
      208985
      208986
      208987
      208988
      209469
      209470
      209471
      209472
      209473
      209474
      209475
      209476
      209477
      209958
      209959
      209960
      209961
      209962
      209963
      209964
      209965
      210448
      210449
      210450
      210451
      210452
      210937
      210938
      210939
      211426
