         252
      203529
      203530
      203531
      203532
      203533
      203534
      203535
      203536
      204016
      204017
      204018
      204019
      204020
      204021
      204022
      204023
      204024
      204025
      204026
      204032
      204033
      204505
      204507
      204508
      204509
      204510
      204511
      204512
      204520
      204521
      204522
      204523
      204524
      204525
      204993
      204994
      204995
      204996
      204997
      204998
      204999
      205008
      205009
      205010
      205011
      205012
      205013
      205014
      205480
      205481
      205482
      205484
      205485
      205495
      205496
      205497
      205498
      205499
      205500
      205501
      205502
      205503
      205969
      205970
      205971
      205983
      205984
      205985
      205986
      205987
      205988
      205989
      205990
      205991
      205992
      206457
      206471
      206472
      206473
      206474
      206475
      206476
      206477
      206478
      206479
      206480
      206481
      206959
      206960
      206961
      206962
      206963
      206964
      206965
      206966
      206967
      206968
      206969
      206970
      207447
      207448
      207449
      207450
      207451
      207452
      207457
      207458
      207459
      207937
      207938
      207939
      207948
      208427
      203565
      204050
      204051
      204052
      204053
      204054
      204055
      204526
      204527
      204528
      204529
      204530
      204531
      204532
      204533
      204534
      204535
      204536
      204537
      204538
      204539
      204540
      204541
      204542
      204543
      204544
      204545
      205015
      205016
      205017
      205018
      205019
      205020
      205021
      205022
      205023
      205024
      205025
      205026
      205027
      205028
      205029
      205030
      205031
      205032
      205033
      205034
      205504
      205505
      205506
      205507
      205508
      205509
      205510
      205511
      205512
      205513
      205514
      205515
      205516
      205517
      205518
      205519
      205520
      205521
      205993
      205994
      205995
      205996
      205997
      205998
      205999
      206000
      206001
      206002
      206003
      206004
      206005
      206006
      206007
      206008
      206482
      206483
      206484
      206485
      206486
      206487
      206488
      206489
      206490
      206491
      206492
      206493
      206494
      206495
      206971
      206972
      206973
      206974
      206975
      206976
      206977
      206978
      206979
      206980
      206981
      206982
      207460
      207461
      207462
      207463
      207464
      207465
      207466
      207467
      207468
      207469
      207470
      207949
      207950
      207951
      207952
      207953
      207954
      207955
      207957
      207958
      208439
      208440
      208441
      208442
      208444
      208445
      208930
      208931
      208932
      208933
      209420
      209421
