         115
      168455
      168457
      168458
      168459
      168460
      168461
      168946
      172357
      172361
      172362
      172850
      173834
      176768
      176769
      161152
      161638
      162614
      163100
      163586
      164081
      164564
      165055
      166029
      167004
      167489
      167490
      167491
      167492
      167493
      167495
      167976
      167980
      167982
      167983
      167984
      168462
      168471
      171414
      171902
      172377
      172385
      172386
      172878
      174338
      174339
      174340
      174827
      174828
      174829
      175317
      175804
      176776
      159164
      161120
      164541
      168456
      168947
      168948
      168949
      168950
      168951
      172363
      172364
      172365
      173817
      173824
      176770
      176775
      177251
      177252
      177253
      177736
      178220
      178704
      163084
      167494
      167977
      167978
      167979
      168463
      168464
      171900
      172378
      172384
      174342
      174831
      174832
      175318
      176289
      176290
      176778
      158689
      161142
      163593
      163594
      164078
      165542
      166030
      166517
      166518
      166519
      166520
      166521
      167005
      167006
      167007
      167496
      167985
      168472
      168473
      168952
      170440
      171903
      172379
      174341
