          40
       11681
       12166
       12167
       12168
       12169
       12655
       12656
       13144
       13632
       14609
       16075
       16082
       16560
       16561
       16563
       16564
       17049
       17050
       17051
       17052
       17053
       17537
       17540
       17541
       18028
       18029
       18030
       18517
       18518
       19002
       19005
       19494
       19979
       19983
       20466
       20472
       20473
       22927
       23396
       28794
