         577
      192298
      192299
      192300
      192787
      192788
      192789
      193273
      193274
      193276
      193277
      193278
      193760
      193761
      193762
      193763
      193764
      193765
      193766
      193767
      194247
      194248
      194249
      194250
      194251
      194252
      194253
      194254
      194255
      194256
      194734
      194735
      194736
      194737
      194738
      194739
      194740
      194741
      194742
      194743
      194744
      194745
      195221
      195222
      195224
      195225
      195226
      195227
      195228
      195229
      195230
      195231
      195232
      195233
      195234
      195708
      195709
      195710
      195711
      195712
      195713
      195714
      195715
      195716
      195717
      195718
      195719
      195720
      195721
      195722
      195723
      196196
      196197
      196198
      196199
      196200
      196201
      196202
      196203
      196204
      196205
      196206
      196207
      196208
      196209
      196210
      196211
      196212
      196682
      196685
      196686
      196687
      196688
      196689
      196690
      196691
      196692
      196693
      196694
      196695
      196696
      196697
      196698
      196699
      196700
      196701
      197168
      197169
      197170
      197172
      197173
      197174
      197175
      197176
      197177
      197178
      197179
      197180
      197181
      197182
      197183
      197184
      197185
      197186
      197187
      197188
      197189
      197190
      197658
      197659
      197660
      197661
      197662
      197663
      197664
      197665
      197666
      197667
      197668
      197669
      197670
      197671
      197672
      197673
      197674
      197675
      197676
      197677
      197678
      197679
      198145
      198146
      198147
      198148
      198149
      198150
      198151
      198152
      198153
      198154
      198155
      198156
      198157
      198158
      198159
      198160
      198161
      198162
      198163
      198164
      198165
      198166
      198167
      198168
      198636
      198637
      198638
      198639
      198640
      198641
      198642
      198643
      198644
      198645
      198646
      198647
      198648
      198649
      198650
      198651
      198652
      198653
      198654
      198655
      198656
      198657
      199123
      199124
      199125
      199128
      199129
      199130
      199131
      199132
      199133
      199134
      199135
      199136
      199137
      199138
      199139
      199140
      199141
      199142
      199143
      199144
      199145
      199146
      199613
      199614
      199615
      199616
      199617
      199618
      199619
      199620
      199621
      199622
      199623
      199624
      199625
      199626
      199627
      199628
      199629
      199630
      199631
      199632
      199633
      199634
      199635
      200102
      200103
      200104
      200106
      200107
      200108
      200109
      200110
      200111
      200112
      200113
      200114
      200115
      200116
      200117
      200118
      200119
      200120
      200121
      200122
      200123
      200124
      200592
      200593
      200594
      200595
      200596
      200597
      200598
      200601
      200602
      200603
      200604
      200605
      200606
      200607
      200608
      200609
      200610
      200611
      200612
      200613
      201080
      201084
      201085
      201086
      201087
      201088
      201089
      201090
      201092
      201093
      201094
      201095
      201096
      201097
      201098
      201099
      201100
      201101
      201102
      201570
      201571
      201572
      201573
      201577
      201578
      201579
      201581
      201582
      201583
      201584
      201585
      201586
      201587
      201588
      201589
      201590
      201591
      202062
      202063
      202064
      202065
      202066
      202067
      202068
      202069
      202070
      202071
      202072
      202073
      202074
      202075
      202076
      202077
      202078
      202079
      202080
      202550
      202551
      202552
      202555
      202556
      202557
      202558
      202559
      202560
      202561
      202562
      202563
      202564
      202565
      202566
      202567
      202568
      202569
      191812
      191813
      191814
      192301
      192302
      192303
      192304
      192305
      192306
      192307
      192308
      192790
      192791
      192792
      192793
      192794
      192795
      192796
      192797
      192798
      193279
      193280
      193281
      193282
      193283
      193284
      193285
      193286
      193287
      193288
      193289
      193768
      193769
      193770
      193771
      193772
      193773
      193774
      193775
      193776
      193777
      193778
      193779
      193780
      194257
      194258
      194259
      194260
      194261
      194262
      194263
      194264
      194265
      194266
      194267
      194268
      194746
      194747
      194748
      194749
      194750
      194751
      194752
      194753
      194754
      194755
      194756
      194757
      194758
      194759
      195235
      195236
      195237
      195238
      195239
      195240
      195241
      195242
      195243
      195244
      195245
      195246
      195724
      195725
      195726
      195727
      195728
      195729
      195730
      195731
      195732
      195733
      195734
      196213
      196214
      196215
      196216
      196217
      196218
      196219
      196220
      196221
      196222
      196223
      196702
      196703
      196704
      196705
      196706
      196707
      196708
      196709
      196710
      196711
      196712
      197191
      197192
      197193
      197194
      197195
      197196
      197197
      197198
      197199
      197200
      197680
      197681
      197682
      197683
      197684
      197685
      197686
      197687
      197688
      197689
      198169
      198170
      198171
      198172
      198173
      198174
      198175
      198176
      198177
      198178
      198658
      198659
      198660
      198661
      198662
      198663
      198664
      198665
      198666
      199147
      199148
      199149
      199150
      199151
      199152
      199153
      199154
      199155
      199636
      199637
      199638
      199639
      199640
      199641
      199642
      199643
      199644
      200125
      200126
      200127
      200128
      200129
      200130
      200131
      200132
      200614
      200615
      200616
      200617
      200618
      200619
      200620
      200621
      201103
      201104
      201105
      201106
      201107
      201592
      201593
      201594
      201595
      201596
      201597
      201598
      201599
      202081
      202082
      202083
      202084
      202085
      202086
      202087
      202570
      202571
      202572
      202573
      202574
      202575
      202576
      203060
      203061
      203062
      203063
      203064
      203065
