          48
       26790
       26791
       26792
       27280
       27281
       27767
       27769
       27770
       28254
       28255
       28256
       28257
       28258
       28259
       28743
       28745
       28746
       28747
       28748
       29231
       29236
       29725
       30208
       30214
       31185
       31189
       31190
       31678
       31679
       32169
       32657
       32658
       33139
       33140
       33141
       33145
       33146
       33628
       33629
       33630
       33631
       33632
       33633
       33634
       34119
       34120
       34121
       34122
