         187
      192350
      192838
      192839
      192840
      192842
      193318
      193319
      193320
      193321
      193325
      193326
      193327
      193328
      193329
      193331
      193798
      193799
      193800
      193801
      193802
      193803
      193804
      193805
      193806
      193807
      193808
      193809
      193810
      193814
      193815
      193817
      193818
      193820
      194285
      194286
      194287
      194288
      194289
      194290
      194291
      194292
      194294
      194295
      194296
      194297
      194298
      194299
      194303
      194304
      194305
      194308
      194771
      194772
      194773
      194774
      194775
      194776
      194777
      194778
      194779
      194780
      194781
      194782
      194783
      194784
      194785
      194786
      194787
      194791
      194792
      194793
      194794
      195261
      195262
      195263
      195264
      195265
      195266
      195267
      195268
      195269
      195270
      195271
      195272
      195273
      195274
      195275
      195276
      195277
      195280
      195281
      195282
      195283
      195284
      195286
      195751
      195752
      195753
      195754
      195755
      195756
      195757
      195758
      195759
      195760
      195762
      195763
      195764
      195765
      195766
      195767
      195768
      195769
      195770
      195771
      195772
      195773
      196241
      196242
      196243
      196244
      196245
      196248
      196249
      196250
      196251
      196252
      196253
      196254
      196255
      196256
      196257
      196258
      196259
      196260
      196261
      196262
      196731
      196732
      196735
      196736
      196737
      196739
      196740
      196741
      196742
      196743
      196744
      196745
      196746
      196747
      196748
      196749
      197221
      197222
      197223
      197224
      197225
      197227
      197228
      197229
      197230
      197231
      197233
      197234
      197235
      197236
      197237
      197238
      197242
      197710
      197719
      197722
      197723
      197725
      197726
      197727
      197728
      198212
      198213
      198214
      198215
      198216
      198217
      198704
      198707
      199687
