          61
      206687
      207181
      208160
      208161
      208162
      208649
      208650
      208662
      209629
      210127
      210135
      210607
      210612
      210619
      210627
      211096
      211099
      211102
      211590
      211591
      211592
      211593
      211594
      211595
      211610
      212081
      212082
      212083
      212084
      212085
      212570
      212571
      212572
      212573
      212574
      213058
      213059
      213061
      213062
      213063
      213064
      213551
      213552
      213554
      214043
      214532
      215020
      215509
      215996
      216484
      216485
      216973
      216974
      217460
      217461
      217462
      217948
      217949
      217950
      218436
      218924
