          64
      115594
      116084
      117063
      118042
      118531
      119020
      119021
      119509
      119510
      119999
      120000
      120489
      120978
      120979
      121467
      121468
      121954
      121957
      122443
      122447
      122448
      122937
      123426
      123915
      123916
      123917
      123931
      124404
      124405
      124406
      124418
      124895
      124896
      124897
      124904
      124905
      125384
      125385
      125386
      125387
      125873
      125874
      125875
      125876
      125878
      125879
      125880
      126362
      126363
      126364
      126365
      126366
      126367
      126368
      126851
      126852
      126853
      126854
      126855
      127341
      127342
      129299
      129300
      129301
