         143
       25267
       25757
       26247
       26249
       26738
       26739
       27708
       27717
       27718
       28197
       28207
       28688
       29178
       30147
       30148
       30634
       30637
       30638
       30639
       31122
       31123
       31124
       31125
       31126
       31129
       31612
       31614
       31615
       31617
       31619
       31620
       31621
       32106
       32107
       32108
       32109
       32110
       32587
       32588
       32589
       32600
       33073
       33074
       33075
       33078
       33079
       33080
       33081
       33088
       33577
       34548
       34549
       34551
       35028
       35029
       35030
       35031
       35032
       35033
       35034
       35035
       35036
       35037
       35038
       35042
       35511
       35512
       35513
       35514
       35515
       35516
       35517
       35518
       35519
       35520
       35521
       35522
       35523
       35524
       35525
       35526
       35530
       36000
       36001
       36002
       36003
       36005
       36006
       36007
       36008
       36009
       36010
       36011
       36012
       36013
       36014
       36490
       36491
       36492
       36493
       36494
       36495
       36496
       36497
       36498
       36499
       36500
       36501
       36502
       36980
       36981
       36982
       36983
       36984
       36985
       36986
       36987
       36988
       36989
       36990
       36991
       36992
       37470
       37479
       37480
       37960
       37961
       37962
       37963
       37964
       37965
       37967
       37968
       38451
       38452
       38459
       38942
       38950
       39432
       39433
       39924
       40413
       43831
