         303
      169894
      169895
      170382
      170383
      170859
      170875
      170876
      170878
      171343
      171348
      171349
      171350
      171839
      171840
      171841
      171842
      171843
      171844
      171845
      171848
      171849
      171850
      171851
      171852
      172330
      172331
      172333
      172334
      172335
      172336
      172337
      172338
      172339
      172340
      172341
      172342
      172343
      172344
      172345
      172809
      172826
      172827
      172828
      172829
      172830
      172831
      172832
      172833
      173298
      173303
      173304
      173787
      173788
      173789
      173790
      173791
      173793
      173794
      173795
      173796
      173798
      173799
      173800
      174276
      174287
      174288
      174290
      174291
      174292
      174294
      174295
      174296
      174297
      174298
      174299
      174300
      174301
      174302
      174303
      174304
      174305
      174776
      174777
      174778
      174779
      174780
      174781
      174782
      174783
      174784
      174785
      174786
      174787
      174788
      174789
      174790
      174791
      174792
      174793
      174794
      174795
      174796
      175262
      175263
      175264
      175265
      175266
      175267
      175270
      175271
      175272
      175273
      175274
      175275
      175276
      175277
      175278
      175279
      175280
      175281
      175282
      175283
      175284
      175752
      175753
      175754
      175755
      175756
      175757
      175758
      175759
      175760
      175761
      175762
      175763
      175764
      175765
      175766
      175767
      175768
      175769
      175770
      175771
      175772
      175773
      175774
      176238
      176239
      176240
      176241
      176242
      176243
      176244
      176245
      176246
      176247
      176248
      176249
      176250
      176251
      176252
      176253
      176254
      176255
      176256
      176257
      176258
      176259
      176260
      176261
      176262
      176263
      176726
      176727
      176728
      176729
      176730
      176731
      176732
      176733
      176734
      176735
      176736
      176737
      176738
      176739
      176740
      176741
      176742
      176743
      176744
      176745
      176746
      176747
      176748
      176749
      176750
      176751
      176752
      177214
      177215
      177216
      177217
      177218
      177219
      177220
      177221
      177222
      177223
      177224
      177225
      177226
      177227
      177228
      177229
      177230
      177231
      177232
      177233
      177234
      177235
      177236
      177237
      177238
      177702
      177703
      177705
      177706
      177707
      177708
      177709
      177710
      177711
      177712
      177713
      177714
      177715
      177716
      177717
      177718
      177719
      177720
      177721
      177722
      177723
      177725
      177726
      177727
      177728
      177729
      177730
      178190
      178191
      178194
      178195
      178196
      178197
      178198
      178200
      178201
      178202
      178203
      178204
      178205
      178206
      178207
      178208
      178209
      178210
      178211
      178212
      178213
      178214
      178215
      178216
      178678
      178679
      178681
      178682
      178686
      178687
      178688
      178689
      178690
      178691
      178692
      178693
      178694
      178695
      178696
      178697
      178698
      178699
      178700
      178701
      182112
      182594
      182595
      182596
      182597
      182598
      182599
      182600
