         116
         438
        2382
        2870
        3341
        3371
        3374
        4348
        4824
        4827
        4828
        4830
        4831
        5295
        5313
        5317
        5318
        5319
        5783
        5801
        5807
        6296
        6760
        6778
        7266
        7272
        7757
        7758
        7760
        7761
        8246
        8247
        8249
        8250
        8731
        8733
        8734
        8735
        8736
        8737
        8738
        8739
        9220
        9221
        9222
        9223
        9224
        9225
        9226
        9227
        9708
        9709
        9710
        9711
        9712
        9713
        9714
        9715
        9716
        9730
       10197
       10198
       10199
       10200
       10201
       10202
       10203
       10204
       10686
       10687
       10688
       10689
       10690
       10691
       10692
       10693
       11174
       11175
       11176
       11177
       11178
       11179
       11180
       11181
       11662
       11663
       11664
       11665
       11666
       11667
       11668
       11669
       12151
       12153
       12154
       12155
       12156
       12157
       12158
       12639
       12640
       12641
       12643
       12645
       12646
       13127
       13128
       13129
       13130
       13133
       13134
       13135
       13616
       13619
       13620
       14108
       14110
