          54
      163305
      163794
      164282
      164283
      164767
      164771
      164772
      165253
      165261
      165742
      165750
      166231
      166240
      166244
      166729
      167218
      167221
      167224
      167225
      167697
      167707
      167710
      168186
      168196
      168199
      168203
      168675
      168685
      168687
      168688
      168693
      169164
      169174
      169175
      169176
      169182
      169653
      169663
      169664
      169665
      169671
      170142
      170152
      170153
      170631
      170641
      171120
      171130
      172586
      173074
      173075
      173564
      174053
      174541
