          60
        8435
        9407
        9408
        9881
        9894
       10860
       10871
       11849
       12831
       13316
       13317
       13318
       13319
       13799
       14296
         160
        1127
        1616
        2107
        2595
        3070
        3080
        3559
        3565
        4045
        4046
        4048
        4049
        4050
        4051
        5538
        5539
        6026
        6488
        6489
        6490
        6513
        6977
        6978
        7463
        7464
        7950
        7951
        7974
        8461
        8948
        9435
        9922
       10407
       10895
       11382
       11383
       11869
       12355
       12843
       13330
       13331
       13341
       13822
       13823
