         192
      165257
      166737
      167215
      167216
      167704
      167705
      167711
      168189
      168193
      168194
      168201
      168202
      168677
      168678
      168679
      168681
      168682
      168683
      168691
      169167
      169168
      169169
      169170
      169171
      169172
      169180
      169656
      169657
      169658
      169659
      169660
      169661
      169666
      169669
      170145
      170146
      170147
      170148
      170149
      170150
      170155
      170158
      170634
      170635
      170636
      170637
      170638
      170644
      171122
      171123
      171124
      171125
      171126
      171127
      171133
      171137
      171611
      171612
      171613
      171614
      171615
      171616
      171626
      172100
      172101
      172102
      172103
      172104
      172105
      172107
      172589
      172590
      172591
      172592
      172593
      172594
      172596
      172605
      173078
      173079
      173080
      173081
      173082
      173083
      173085
      173087
      173089
      173567
      173568
      173569
      173570
      173571
      173572
      173574
      173576
      173577
      174056
      174057
      174058
      174059
      174061
      174063
      174064
      174065
      174066
      174545
      174546
      174547
      174548
      174550
      174552
      174553
      174554
      174555
      175034
      175035
      175036
      175037
      175039
      175041
      175042
      175043
      175044
      175523
      175524
      175525
      175526
      175528
      175530
      175531
      175532
      175533
      176011
      176012
      176013
      176014
      176015
      176017
      176019
      176020
      176021
      176022
      176500
      176501
      176502
      176503
      176504
      176506
      176508
      176509
      176510
      176511
      176989
      176990
      176991
      176994
      176998
      176999
      177478
      177479
      177480
      177481
      177483
      177487
      177488
      177489
      177966
      177967
      177968
      177969
      177972
      177976
      177977
      177978
      177986
      178455
      178456
      178457
      178466
      178472
      178945
      178946
      178947
      178948
      178949
      178950
      178953
      178954
      178955
      178956
      178957
      178958
