          76
       10615
       11104
       12570
       13037
       13059
       13526
       13534
       13548
       14015
       14020
       14509
       14511
       14998
       15000
       15005
       15017
       15480
       15481
       15494
       15956
       15969
       15970
       15983
       16464
       16481
       16953
       16967
       16970
       17442
       17456
       17459
       17925
       17931
       17932
       17941
       17942
       17943
       17944
       17948
       18414
       18420
       18421
       18432
       18437
       18903
       18908
       18910
       18925
       18926
       19397
       19405
       19414
       19886
       19894
       19895
       19896
       20390
       20873
       20878
       21348
       21362
       21836
       21851
       22325
       22340
       22829
       23318
       23810
       24289
       24293
       24296
       24787
       25754
       26240
       26730
       33099
