          58
       29999
       30480
       30964
       31946
       31947
       34883
       36849
       36850
       38786
       39280
       39281
       39771
       40259
       40260
       40272
       40748
       40749
       40750
       40751
       40752
       40753
       40765
       41231
       41232
       41233
       41234
       41242
       41256
       43205
       46620
       47108
       48084
       49065
       49083
       49571
       50052
       50053
       50059
       50064
       50546
       51026
       51034
       51522
       51527
       52010
       52014
       52498
       52499
       52502
       52986
       52990
       53474
       53475
       53476
       53963
       53964
       53965
       54453
