         230
      147230
      147231
      147232
      147717
      147718
      147719
      147720
      147721
      147722
      148206
      148207
      148208
      148209
      148210
      148211
      148212
      148213
      148695
      148696
      148697
      148698
      148699
      148700
      148701
      148702
      148703
      149182
      149183
      149184
      149185
      149189
      149190
      149191
      149192
      149193
      149194
      149195
      149196
      149197
      149198
      149661
      149662
      149671
      149672
      149673
      149674
      149675
      149676
      149677
      149678
      149679
      149680
      149681
      149682
      149683
      149684
      149685
      149686
      149687
      149688
      149689
      149690
      150150
      150151
      150159
      150160
      150161
      150162
      150163
      150164
      150165
      150166
      150167
      150168
      150172
      150173
      150174
      150175
      150176
      150177
      150178
      150179
      150180
      150181
      150182
      150183
      150638
      150639
      150647
      150648
      150649
      150650
      150651
      150652
      150653
      150654
      150655
      150656
      150657
      150658
      150659
      150660
      150661
      150662
      150663
      150664
      150665
      150666
      150667
      150668
      150669
      150670
      150671
      150672
      150673
      150674
      150675
      151136
      151137
      151138
      151139
      151140
      151141
      151142
      151143
      151144
      151145
      151146
      151147
      151148
      151149
      151150
      151151
      151152
      151153
      151154
      151155
      151156
      151157
      151160
      151161
      151162
      151624
      151625
      151626
      151627
      151628
      151629
      151630
      151631
      151632
      151633
      151634
      151635
      151636
      151637
      151638
      151639
      151640
      151641
      151642
      151643
      151644
      151645
      151646
      151651
      151652
      152120
      152121
      152122
      152123
      152124
      152125
      152126
      152127
      152128
      152129
      152130
      152131
      152132
      152133
      152134
      152135
      152600
      152611
      152612
      152613
      152614
      152615
      152616
      152617
      152618
      152619
      152620
      152621
      152622
      153091
      153106
      153107
      153108
      153109
      153110
      153111
      153112
      153113
      153114
      153115
      153579
      153580
      153595
      153596
      153597
      153598
      153599
      153600
      153601
      153602
      153603
      153604
      153605
      153607
      154088
      154089
      154090
      154091
      154092
      154093
      154581
      155062
      155071
