          66
        8058
        9041
        9533
       10017
       10018
       10025
       10511
       10990
       10993
       11002
       11003
       11004
       11484
       11485
       11493
       11978
       11982
       12469
       11005
       11006
       11494
       11496
       11499
       11983
       12961
       14926
       10518
       11012
       11492
       12473
       12965
       13453
       13455
       13470
       13944
       15417
        5600
        6091
        7566
        8044
        8533
        8549
        9024
        9514
        9523
        9524
       10007
       10013
       10016
       10019
       10499
       10508
       10972
       10992
       10994
       11000
       11001
       11462
       11486
       11953
       11954
       11955
       11956
       12445
       12446
       12447
