          43
      140858
      140860
      140870
      141345
      141358
      141837
      142320
      142321
      142322
      142324
      142326
      142327
      142808
      142811
      142814
      143303
      143782
      143791
      143792
      144270
      144271
      144273
      144279
      144756
      144758
      144759
      144766
      145244
      145249
      145250
      145733
      145735
      145736
      145737
      146227
      147202
      147208
      149161
      149165
      149654
      150148
      155032
      155521
