         120
      197970
      198459
      198948
      199437
      199438
      199443
      199448
      199927
      199931
      199932
      199933
      199937
      200416
      200420
      200421
      200422
      200423
      200424
      200425
      200434
      200905
      200907
      200908
      200909
      200910
      200911
      200912
      200913
      200914
      200921
      200923
      201394
      201395
      201396
      201397
      201402
      201403
      201411
      201413
      201883
      201884
      201885
      201886
      201892
      201893
      201900
      201902
      202373
      202377
      202378
      202379
      202380
      202381
      202865
      202866
      202868
      202869
      202870
      202872
      202874
      202875
      203352
      203353
      203354
      203355
      203356
      203357
      203358
      203359
      203361
      203364
      203843
      203844
      203845
      203846
      203847
      203848
      203856
      204328
      204329
      204332
      204341
      204342
      204347
      204818
      204821
      204822
      204830
      204831
      204836
      205306
      205307
      205308
      205309
      205310
      205311
      205312
      205795
      205796
      205799
      205800
      205801
      205814
      206284
      206285
      206289
      206303
      206773
      206783
      206791
      207262
      207751
      207760
      207767
      208739
      209229
      209234
      209719
      209723
      209724
