          67
      120372
      120373
      120857
      120858
      121343
      121344
      121345
      121831
      121832
      121833
      121834
      122307
      122308
      122309
      122310
      122311
      122312
      122313
      122314
      122315
      122316
      122317
      122318
      122319
      122320
      122790
      122791
      122803
      122804
      122805
      122806
      122807
      122808
      123291
      123292
      123293
      123294
      123295
      123296
      123297
      123298
      123299
      123300
      123301
      123778
      123779
      123780
      124266
      124267
      124268
      124755
      124756
      124757
      125244
      125245
      125246
      125247
      125257
      125258
      125733
      125734
      125735
      125740
      125741
      126222
      126223
      126224
