         573
      131072
      131563
      132049
      132050
      132051
      132052
      132053
      132054
      132055
      132056
      132057
      132535
      132536
      132537
      132538
      132539
      132540
      132541
      132542
      132544
      132545
      132546
      132547
      132548
      133024
      133025
      133026
      133027
      133028
      133029
      133030
      133031
      133032
      133033
      133034
      133035
      133036
      133037
      133512
      133513
      133514
      133515
      133516
      133517
      133518
      133519
      133520
      133521
      133522
      133523
      133524
      133525
      134000
      134001
      134002
      134003
      134004
      134005
      134006
      134007
      134008
      134009
      134010
      134011
      134012
      134013
      134014
      134486
      134487
      134488
      134489
      134490
      134491
      134492
      134493
      134494
      134495
      134496
      134497
      134498
      134499
      134500
      134501
      134502
      134503
      134504
      134974
      134975
      134976
      134977
      134978
      134979
      134980
      134981
      134982
      134983
      134984
      134985
      134986
      134987
      134988
      134989
      134990
      134991
      134992
      134993
      135461
      135462
      135463
      135464
      135465
      135466
      135467
      135468
      135469
      135470
      135471
      135472
      135473
      135474
      135475
      135476
      135477
      135478
      135479
      135480
      135481
      135482
      135949
      135951
      135952
      135953
      135954
      135955
      135956
      135957
      135958
      135959
      135960
      135961
      135962
      135963
      135964
      135965
      135966
      135967
      135968
      135969
      135970
      135971
      136436
      136437
      136439
      136440
      136441
      136442
      136443
      136444
      136445
      136446
      136447
      136448
      136449
      136450
      136451
      136452
      136453
      136454
      136455
      136456
      136457
      136458
      136459
      136925
      136926
      136927
      136928
      136929
      136930
      136931
      136932
      136933
      136934
      136935
      136936
      136937
      136938
      136939
      136940
      136941
      136942
      136943
      136944
      136945
      136946
      136947
      137412
      137413
      137414
      137415
      137416
      137417
      137418
      137419
      137420
      137421
      137422
      137423
      137424
      137425
      137426
      137427
      137428
      137429
      137430
      137431
      137432
      137433
      137434
      137435
      137900
      137901
      137902
      137903
      137904
      137905
      137906
      137907
      137908
      137909
      137910
      137911
      137912
      137913
      137914
      137915
      137916
      137917
      137918
      137919
      137920
      137921
      137922
      137923
      138388
      138389
      138390
      138391
      138392
      138393
      138394
      138395
      138396
      138397
      138398
      138399
      138400
      138401
      138402
      138403
      138404
      138405
      138406
      138407
      138408
      138409
      138410
      138411
      138877
      138878
      138879
      138880
      138881
      138882
      138883
      138884
      138885
      138886
      138887
      138888
      138889
      138890
      138891
      138892
      138893
      138894
      138895
      138896
      138897
      138898
      139366
      139367
      139368
      139369
      139370
      139371
      139372
      139373
      139374
      139375
      139376
      139377
      139378
      139379
      139380
      139381
      139382
      139383
      139384
      139385
      139386
      139855
      139856
      139857
      139858
      139859
      139860
      139861
      139862
      139863
      139864
      139865
      139866
      139867
      139868
      139869
      139870
      139871
      139872
      139873
      140344
      140345
      140346
      140347
      140348
      140349
      140350
      140351
      140352
      140353
      140354
      140355
      140356
      140357
      140358
      140359
      140360
      140833
      140834
      140835
      140836
      140837
      140838
      140839
      140840
      140841
      140842
      140843
      140844
      140845
      140846
      140847
      140848
      140849
      141322
      141323
      141324
      141325
      141326
      141327
      141328
      141329
      141330
      141331
      141332
      141333
      141334
      141335
      141336
      141337
      141811
      141812
      141813
      141814
      141815
      141816
      141817
      141818
      141819
      141820
      141821
      141822
      141823
      141824
      142300
      142301
      142302
      142303
      142304
      142305
      142306
      142307
      142308
      142309
      142310
      142311
      142312
      142789
      142790
      142791
      142792
      142793
      142794
      142795
      142796
      142797
      142798
      142799
      142800
      143278
      143279
      143280
      143281
      143282
      143283
      143284
      143285
      143286
      143287
      143288
      143289
      143767
      143768
      143769
      143770
      143771
      143772
      143773
      143774
      143775
      143776
      143777
      144256
      144257
      144258
      144259
      144260
      144261
      144262
      144263
      144264
      144265
      144266
      144745
      144746
      144747
      144748
      144749
      144750
      144751
      144752
      144753
      144754
      145234
      145235
      145236
      145237
      145238
      145239
      145240
      145241
      145242
      145243
      145723
      145724
      145725
      145726
      145727
      145728
      145729
      145730
      145731
      146212
      146213
      146214
      146215
      146216
      146217
      146218
      146219
      146220
      146701
      146702
      146703
      146704
      146705
      146706
      146707
      146708
      146709
      147190
      147191
      147192
      147193
      147194
      147195
      147196
      147197
      147679
      147680
      147681
      147682
      147683
      147684
      147685
      147686
      140361
      141825
      142313
      142801
      143778
      144755
      145732
      147198
      147689
      148176
      148177
      148178
      148665
      149154
      149643
      149644
      150138
      150140
      150152
      150621
      150629
      151116
      151117
      151118
      151128
      151598
      151603
      151607
      151614
      152086
      152087
      152094
      152105
      152575
      152576
      152582
      152594
      153075
      153076
      153573
      154061
      154549
      155034
      155520
      155524
      156009
      156013
      156498
      156502
      156988
      157476
      157477
      157965
      157966
      158454
      158455
      158943
