         101
      175521
      176010
      176499
      177014
      177015
      177016
      177502
      177503
      177965
      177990
      177991
      177992
      178453
      178473
      178474
      178475
      178476
      178477
      178478
      178479
      178943
      178960
      178961
      178962
      178963
      178964
      178967
      178968
      179438
      179439
      179440
      179441
      179442
      179443
      179444
      179445
      179446
      179451
      179452
      179453
      179454
      179456
      179457
      179940
      179944
      179945
      180433
      180921
      180923
      181898
      182387
      182391
      182877
      183366
      184348
      184830
      184831
      185319
      185320
      185327
      185809
      186298
      186299
      186793
      187280
      187767
      188744
      188750
      188751
      188752
      189240
      189241
      189727
      189729
      189731
      190212
      190213
      190218
      191197
      191681
      191684
      191685
      192173
      192175
      192654
      192660
      192664
      192665
      193149
      193152
      193153
      193154
      193637
      193638
      193643
      194124
      194127
      194132
      194616
      194620
      196568
