          74
       10457
       10458
       10949
       10950
       10951
       11441
       11442
       11443
       11444
       11445
       11446
       11447
       11455
       11457
       11932
       11933
       11934
       11937
       11938
       11939
       11940
       11941
       11942
       11943
       11944
       11945
       11946
       11949
       12423
       12424
       12426
       12427
       12431
       12432
       12440
       12441
       12913
       12917
       12922
       12931
       13405
       13406
       13409
       13897
       13898
       14387
       14388
       14389
       14878
       14879
       15366
       15367
       15368
       15369
       15370
       15858
       15861
       16842
       17323
       17328
       17332
       17812
       17818
       17821
       18308
       18310
       18311
       18800
       19287
       19289
       19290
       19777
       19778
       20267
