          66
      163283
      163284
      163775
      163783
      164263
      164271
      164760
      167199
      167204
      167693
      168663
      169158
      169159
      169160
      169647
      169648
      169649
      170136
      170137
      170138
      170625
      170626
      171114
      171115
      171603
      171604
      172092
      172093
      172581
      172582
      173054
      173067
      173069
      173070
      173071
      173543
      173556
      173558
      173559
      173560
      174032
      174045
      174047
      174048
      174049
      174521
      174533
      174535
      174536
      174537
      174538
      175024
      175025
      175500
      175513
      175514
      176002
      176003
      176491
      176492
      176493
      176975
      176981
      177946
      177952
      179415
