         464
      152521
      152522
      153008
      153009
      153010
      153011
      153012
      153013
      153014
      153015
      153016
      153017
      153018
      153019
      153020
      153496
      153497
      153498
      153499
      153500
      153501
      153502
      153503
      153504
      153505
      153506
      153507
      153508
      153509
      153510
      153511
      153512
      153513
      153983
      153984
      153985
      153986
      153987
      153988
      153989
      153990
      153991
      153992
      153993
      153994
      153995
      153996
      153997
      153998
      153999
      154000
      154001
      154002
      154471
      154472
      154473
      154474
      154475
      154476
      154477
      154478
      154479
      154480
      154481
      154482
      154483
      154484
      154485
      154486
      154487
      154488
      154489
      154490
      154491
      154492
      154958
      154959
      154960
      154961
      154962
      154963
      154964
      154965
      154966
      154967
      154968
      154969
      154970
      154971
      154972
      154973
      154974
      154975
      154976
      154977
      154978
      154979
      154980
      154981
      155446
      155447
      155448
      155449
      155450
      155451
      155452
      155453
      155454
      155455
      155456
      155457
      155458
      155459
      155460
      155461
      155462
      155463
      155464
      155465
      155466
      155467
      155468
      155469
      155470
      155934
      155935
      155936
      155937
      155938
      155939
      155940
      155941
      155942
      155943
      155944
      155945
      155946
      155947
      155948
      155949
      155950
      155951
      155952
      155953
      155954
      155955
      155956
      155957
      155958
      155959
      156423
      156424
      156425
      156426
      156427
      156428
      156429
      156430
      156431
      156432
      156433
      156434
      156435
      156436
      156437
      156438
      156439
      156440
      156441
      156442
      156443
      156444
      156445
      156446
      156447
      156448
      156912
      156913
      156914
      156915
      156916
      156917
      156918
      156919
      156920
      156921
      156922
      156923
      156924
      156925
      156926
      156927
      156928
      156929
      156930
      156931
      156932
      156933
      156934
      156935
      156936
      156937
      157401
      157402
      157403
      157404
      157405
      157406
      157407
      157408
      157409
      157410
      157411
      157412
      157413
      157414
      157415
      157416
      157417
      157418
      157419
      157420
      157421
      157422
      157423
      157424
      157425
      157887
      157889
      157891
      157892
      157893
      157894
      157895
      157896
      157897
      157898
      157899
      157900
      157901
      157902
      157903
      157904
      157905
      157906
      157907
      157908
      157909
      157910
      157911
      157912
      157913
      157914
      158376
      158377
      158378
      158380
      158381
      158382
      158383
      158384
      158385
      158386
      158387
      158388
      158389
      158390
      158391
      158392
      158393
      158394
      158395
      158396
      158397
      158398
      158399
      158400
      158401
      158402
      158403
      158867
      158868
      158869
      158870
      158871
      158872
      158873
      158874
      158875
      158876
      158877
      158878
      158879
      158880
      158881
      158882
      158883
      158884
      158885
      158886
      158887
      158888
      158889
      158890
      158891
      158892
      159356
      159357
      159358
      159359
      159360
      159361
      159362
      159363
      159364
      159365
      159366
      159367
      159368
      159369
      159370
      159371
      159372
      159373
      159374
      159375
      159376
      159377
      159378
      159379
      159380
      159381
      159843
      159844
      159845
      159847
      159848
      159849
      159850
      159851
      159852
      159853
      159854
      159855
      159856
      159857
      159858
      159859
      159860
      159861
      159862
      159863
      159864
      159865
      159866
      159867
      159868
      159869
      159870
      160334
      160335
      160336
      160337
      160338
      160339
      160340
      160341
      160342
      160343
      160344
      160345
      160346
      160347
      160348
      160349
      160350
      160351
      160352
      160353
      160354
      160355
      160356
      160357
      160358
      160359
      160823
      160824
      160825
      160826
      160827
      160828
      160829
      160830
      160831
      160832
      160833
      160834
      160835
      160836
      160837
      160838
      160839
      160840
      160841
      160842
      160843
      160844
      160845
      160846
      160847
      160848
      161317
      161318
      161319
      161320
      161322
      161323
      161324
      161326
      161327
      161328
      161329
      161330
      161331
      161332
      161333
      161334
      161336
      161809
      161810
      161812
      161813
      161814
      161815
      161816
      161819
      161820
      161821
      161822
      161823
      161825
      162302
      162303
      162304
      162305
      162306
      162307
      162308
      162309
      162311
      162314
      162797
      162798
      162799
      162800
      162801
      162802
      162803
      163287
      163288
      163289
      163290
      163291
      163292
