         138
         321
         332
         338
         339
         340
         341
         342
         343
         344
         810
         820
         826
         827
         828
         829
         830
         831
         832
         835
        1309
        1315
        1316
        1317
        1318
        1319
        1320
        1321
        1324
        1797
        1798
        1804
        1805
        1806
        1807
        1808
        1809
        1810
        2285
        2286
        2293
        2294
        2295
        2296
        2297
        2298
        2299
        2774
        2781
        2782
        2783
        2784
        2785
        2786
        2787
        2788
        3269
        3270
        3271
        3272
        3273
        3274
        3275
        3276
        3758
        3759
        3760
        3761
        3764
        4247
        4249
        4250
        4253
        4262
        4735
        4736
        4737
        4738
        4741
        5217
        5224
        5225
        5226
        5227
        5230
        5239
        5706
        5713
        5714
        5715
        5719
        5720
        6201
        6202
        6203
        6204
        6207
        6208
        6209
        6690
        6691
        6692
        6693
        6696
        6697
        7172
        7179
        7180
        7181
        7185
        7186
        7668
        7669
        7670
        7673
        7674
        7675
        8157
        8158
        8159
        8162
        8163
        8164
        8645
        8646
        8653
        9126
        9134
        9148
        9629
       10592
       10606
       11095
       11584
       11585
       12073
       12074
       12561
       13050
