          81
      114239
      115216
      115703
      116686
      116693
      117183
      117662
      118156
      118160
      118627
      118638
      118646
      118647
      118650
      119113
      119126
      119139
      119599
      119626
      119636
      120602
      121079
      121086
      121088
      121567
      121574
      121576
      121582
      121589
      122063
      122066
      122068
      122542
      122544
      122551
      122552
      122554
      123030
      123032
      123044
      123046
      123047
      123536
      123542
      124007
      124988
      125006
      125476
      125479
      125504
      125964
      126468
      126937
      126948
      127425
      127434
      127440
      127446
      127456
      128411
      128899
      128917
      129387
      129388
      129873
      129876
      130383
      130387
      130853
      131359
      131850
      132826
      133316
      133317
      133804
      134283
      135270
      136246
      136726
      137222
      137707
