          40
       69029
       69513
       69998
       70002
       70006
       70007
       70486
       70487
       71949
       73427
       73438
       76839
       76840
       76869
       78305
       78793
       87548
       88037
       88525
       89502
       89503
       89990
       89993
       90480
       90969
       90970
       91456
       91458
       91459
       91945
       91947
       92434
       92435
       92436
       92924
       92925
       93413
       93902
       93901
       94391
