         266
      160411
      160412
      160898
      160899
      160900
      160901
      161385
      161386
      161387
      161388
      161389
      161390
      161871
      161872
      161873
      161874
      161875
      161876
      161877
      161878
      161879
      161880
      162356
      162357
      162358
      162359
      162360
      162361
      162362
      162363
      162364
      162365
      162366
      162367
      162368
      162369
      162838
      162839
      162840
      162841
      162842
      162843
      162844
      162845
      162846
      162847
      162848
      162849
      162850
      162851
      162852
      162853
      162854
      162855
      162856
      162857
      162858
      163327
      163328
      163329
      163330
      163331
      163332
      163333
      163334
      163335
      163336
      163337
      163338
      163339
      163340
      163341
      163342
      163343
      163344
      163345
      163346
      163347
      163816
      163817
      163818
      163819
      163820
      163821
      163822
      163823
      163824
      163825
      163826
      163827
      163828
      163829
      163830
      163831
      163832
      163833
      163834
      163835
      164305
      164306
      164307
      164308
      164309
      164310
      164311
      164312
      164313
      164314
      164315
      164316
      164317
      164318
      164319
      164320
      164321
      164322
      164323
      164324
      164794
      164795
      164796
      164797
      164798
      164799
      164800
      164801
      164802
      164803
      164804
      164805
      164806
      164807
      164808
      164809
      164810
      164811
      164812
      165283
      165284
      165285
      165286
      165287
      165288
      165289
      165290
      165291
      165292
      165293
      165294
      165295
      165296
      165297
      165298
      165299
      165300
      165301
      165772
      165773
      165774
      165775
      165776
      165777
      165778
      165779
      165780
      165781
      165782
      165783
      165784
      165785
      165786
      165787
      165788
      165789
      166261
      166262
      166263
      166264
      166265
      166266
      166267
      166268
      166269
      166270
      166271
      166272
      166273
      166274
      166275
      166276
      166277
      166278
      166750
      166751
      166752
      166753
      166754
      166755
      166756
      166757
      166758
      166759
      166760
      166761
      166762
      166763
      166764
      166765
      166766
      167239
      167240
      167241
      167242
      167243
      167244
      167245
      167246
      167247
      167248
      167249
      167250
      167251
      167252
      167253
      167254
      167728
      167729
      167730
      167731
      167732
      167733
      167734
      167735
      167736
      167737
      167738
      167739
      167740
      167741
      167742
      168217
      168218
      168219
      168220
      168221
      168222
      168223
      168224
      168225
      168226
      168227
      168228
      168229
      168706
      168707
      168708
      168709
      168710
      168711
      168712
      168713
      168714
      169195
      169196
      169197
      169198
