          41
        5185
        5671
        5672
        6648
        8117
        8607
        9096
        9586
       10075
       10564
       11032
       11541
       12028
       12030
       12499
       12517
       12992
       12995
       12997
       13474
       13479
       13486
       13489
       13490
       13491
       13492
       13966
       13969
       13978
       14457
       14948
       14950
       16426
       16913
       16915
       16916
       17395
       17401
       19849
       21299
       21311
