         279
      207172
      207173
      207174
      207661
      207662
      207663
      207664
      207665
      207666
      207667
      207668
      207672
      207673
      208145
      208634
      209122
      209123
      209124
      209125
      209126
      209127
      209128
      209129
      209611
      209612
      209613
      209614
      209615
      209616
      209617
      209618
      209619
      209620
      210094
      210096
      210098
      210099
      210100
      210101
      210102
      210103
      210104
      210105
      210106
      210107
      210108
      210109
      210583
      210584
      210585
      210586
      210587
      210588
      210589
      210590
      210591
      210592
      210593
      210594
      210595
      210596
      210597
      210598
      210599
      211071
      211074
      211075
      211076
      211077
      211078
      211079
      211080
      211081
      211082
      211083
      211084
      211085
      211086
      211087
      211088
      211089
      211558
      211559
      211560
      211563
      211564
      211565
      211566
      211567
      211568
      211569
      211570
      211571
      211572
      211573
      211574
      211575
      211576
      211577
      211578
      212050
      212052
      212053
      212054
      212055
      212056
      212057
      212058
      212059
      212060
      212061
      212062
      212063
      212064
      212065
      212066
      212067
      212068
      212069
      212070
      212071
      212072
      212073
      212541
      212542
      212543
      212544
      212545
      212546
      212547
      212548
      212549
      212550
      212551
      212552
      212553
      212554
      212555
      212556
      212557
      212558
      212559
      212560
      212561
      212562
      213031
      213032
      213033
      213034
      213035
      213036
      213037
      213038
      213039
      213040
      213041
      213042
      213043
      213044
      213045
      213046
      213047
      213048
      213049
      213521
      213522
      213523
      213524
      213525
      213526
      213527
      213528
      213529
      213530
      213531
      213532
      213533
      213534
      213535
      213536
      213537
      213538
      214010
      214011
      214012
      214013
      214014
      214015
      214016
      214017
      214018
      214019
      214020
      214021
      214022
      214023
      214024
      214025
      214026
      214498
      214499
      214500
      214501
      214502
      214503
      214504
      214505
      214506
      214507
      214508
      214509
      214510
      214511
      214512
      214513
      214514
      214988
      214989
      214990
      214991
      214992
      214993
      214994
      214995
      214996
      214997
      214998
      214999
      215000
      215001
      215473
      215477
      215478
      215479
      215481
      215482
      215483
      215484
      215485
      215486
      215487
      215488
      215489
      215490
      215968
      215969
      215970
      215971
      215972
      215973
      215974
      215975
      215976
      215977
      216459
      216460
      216461
      216462
      216463
      216464
      216465
      216466
      216948
      216949
      216950
      216951
      216952
      216953
      216954
      217438
      217439
      217440
      217441
      217442
      217928
      217929
      217930
      217931
      218419
