         111
       76711
       76712
       77198
       77199
       77200
       77201
       77686
       77687
       77688
       77689
       77690
       78173
       78174
       78175
       78176
       78177
       78178
       78179
       78193
       78662
       78663
       78664
       78665
       78666
       78667
       78668
       79150
       79151
       79154
       79155
       79156
       79157
       79638
       79639
       79640
       79643
       79644
       79645
       79646
       80126
       80127
       80130
       80131
       80132
       80133
       80134
       80609
       80614
       80615
       80619
       80620
       80621
       80622
       81099
       81101
       81102
       81103
       81107
       81108
       81110
       81111
       81589
       81590
       81595
       81596
       81597
       81598
       81599
       81600
       82079
       82083
       82084
       82085
       82086
       82087
       82088
       82089
       82090
       82572
       82573
       82574
       82575
       82576
       82577
       82578
       82579
       83062
       83063
       83064
       83065
       83551
       83552
       83553
       83554
       83555
       84041
       84042
       84043
       84530
       84531
       84532
       84534
       85019
       85020
       85021
       85022
       85508
       85509
       85997
       86486
       86974
