         226
        2814
        3302
        3791
        4279
        4768
        6726
        9165
        9169
        9660
       10144
       10146
       10631
       10633
       10634
       11120
       11122
       11609
       11615
       11616
       12097
       12098
       12099
       12103
       12105
       13080
       13564
       14541
       14550
       15029
       16501
       16504
       16983
       17960
       17968
       17969
       18936
       19424
       20400
       20889
         387
        1355
        2325
        2330
        5263
        8195
       12600
        4775
        5264
        6239
        6240
        7705
        7706
        7734
        8683
        8690
        8691
        9172
        9179
        9180
        9668
        9669
       10156
       10157
       10158
       10641
       10645
       10646
       11128
       11134
       11618
       12111
       12130
       12599
       12601
       13084
       13088
       13089
       14573
       17504
       19458
        3310
        4280
        4776
        5265
        5752
        6727
        6728
        6729
        7216
        7217
        7218
        7226
        7707
        7714
        7715
        8193
        8196
        8203
        8204
        8684
        8692
        9171
        9173
        9181
        9661
        9662
        9667
        9670
       10150
       10152
       10153
       10159
       10639
       10640
       10642
       10647
       11126
       11129
       11130
       11131
       11135
       11136
       11619
       11621
       11622
       11623
       11624
       11625
       12110
       12112
       12113
       12114
       12596
       12619
       13090
       13573
       13576
       13577
       13578
       13579
       14065
       14066
       14554
       15061
       16038
       18481
        2813
        4767
        5256
        5257
        5745
        6234
        6722
        7699
        8191
        8676
        8680
        9166
        9655
        9657
       10142
       10149
       10638
       11127
       11608
       12104
       12586
       12594
       13075
       13083
       13569
       13572
       14061
       15037
       15038
       15524
       15526
       15527
       16006
       16015
       16016
       16494
       16990
       17471
       17479
       17481
       17959
       18447
       18935
       19912
       21866
       22843
       23820
        9654
       11123
       11610
       11611
       12100
       15035
       15518
       16993
       17472
       17970
       18448
       19913
       21378
       22355
       23332
         866
        1841
        2818
        2819
        2820
        3307
        3309
        3796
        3798
        4774
        5750
        5751
        6238
        8194
       11617
       12106
       12107
       12595
