         167
      155898
      155899
      155900
      155901
      156385
      156386
      156387
      156388
      156389
      156390
      156391
      156392
      156872
      156873
      156874
      156875
      156876
      156877
      156878
      156879
      156880
      156881
      156882
      157361
      157362
      157363
      157364
      157365
      157366
      157367
      157368
      157369
      157370
      157371
      157850
      157851
      157852
      157853
      157854
      157855
      157856
      157857
      157858
      157859
      157860
      158339
      158340
      158341
      158342
      158343
      158344
      158345
      158346
      158347
      158348
      158349
      158828
      158829
      158830
      158831
      158832
      158833
      158834
      158835
      158836
      158837
      158838
      158839
      159316
      159317
      159318
      159319
      159320
      159321
      159322
      159323
      159324
      159325
      159326
      159327
      159328
      159805
      159806
      159807
      159808
      159809
      159810
      159811
      159812
      159813
      159814
      159815
      159816
      159817
      160294
      160295
      160296
      160297
      160298
      160299
      160300
      160301
      160302
      160303
      160304
      160305
      160306
      160783
      160784
      160785
      160786
      160787
      160788
      160789
      160790
      160791
      160792
      160793
      160794
      160795
      161272
      161273
      161274
      161275
      161276
      161277
      161278
      161279
      161280
      161281
      161282
      161283
      161762
      161763
      161764
      161765
      161766
      161767
      161768
      161769
      161770
      161771
      162251
      162252
      162253
      162254
      162255
      162256
      162257
      162258
      162259
      162260
      162741
      162742
      162743
      162744
      162745
      162746
      162747
      162748
      163230
      163231
      163232
      163233
      163234
      163235
      163236
