          74
      201898
      202374
      202387
      202388
      202863
      202876
      202877
      202879
      203365
      203366
      203368
      203369
      203854
      203855
      203857
      203858
      204330
      204339
      204340
      204343
      204344
      204346
      204828
      204829
      204832
      204833
      204835
      205317
      205318
      205321
      205322
      205324
      205806
      205807
      205809
      205810
      205811
      205813
      206295
      206296
      206297
      206298
      206299
      206300
      206302
      206784
      206785
      206786
      206787
      206788
      206789
      207272
      207273
      207274
      207275
      207276
      207277
      207761
      207762
      207763
      207764
      207765
      207766
      208250
      208251
      208252
      208740
      208741
      208742
      209230
      209231
      209232
      209720
      209721
