         251
        8192
       14544
       15031
       18947
       19434
       19436
       19915
       20408
       20897
       20907
       21381
       21385
       21389
       21868
       21873
       21877
       22850
       23339
       23343
       23351
       23822
       23832
       23840
       24311
       24317
       24319
       24807
       24808
       24809
       25287
       25288
       25297
       25298
       25304
       25775
       25786
       26275
       26281
       26756
       27245
       27252
       27258
       27740
       27747
         379
         382
         383
         385
         872
         873
        1360
        1361
        1362
        1368
        1849
        1850
        2337
        2338
        2345
        2822
        2826
        2827
        2833
        3311
        3314
        3315
        3321
        3799
        3802
        3803
        3810
        4291
        4292
        4298
        4777
        4778
        4779
        4781
        4786
        5267
        5268
        5269
        5275
        5756
        5757
        6245
        6246
        6252
        6734
        6740
        6741
        7229
        7710
        7717
        8199
        8206
        8686
        9672
       10161
       13093
       14070
       14558
       15535
       16024
       16512
       16526
       17489
       17978
       18466
       18955
       19443
       19457
       19932
       19945
       20419
       20420
       20908
       20909
       21396
       21397
       22389
       23365
       25319
       26296
       27273
       12590
       14545
       15033
       15034
       15519
       15520
       15521
       16008
       16010
       16496
       16497
       16499
       16985
       16986
       16988
       17474
       17475
       17477
       17962
       17963
       17964
       18451
       18453
       18939
       18942
       19427
       19428
       19430
       19431
       19435
       19916
       19919
       19920
       19923
       19924
       20404
       20405
       20406
       20407
       20411
       20893
       20894
       20895
       20896
       20899
       20900
       21382
       21383
       21384
       21388
       21869
       21870
       21871
       21872
       22357
       22360
       22361
       22846
       22849
       23334
       23338
       23827
       24316
       24320
       24321
       24327
       24800
       24805
       24806
       24810
       24816
       25289
       25295
       25296
       25777
       25778
       25781
       25785
       25793
       26264
       26266
       26267
       26268
       26270
       26271
       26274
       26282
       26755
       26757
       26759
       26760
       26761
       26763
       26770
       27244
       27246
       27248
       27249
       27250
       27251
       27259
       27733
       27734
       27735
       27737
       27738
       27739
       28219
       28222
       28224
       28235
       28236
       28708
       28711
       28712
       28713
       28724
       29196
       29200
       29201
       29202
       29212
       29688
       30173
       30176
       31641
