          66
       51280
       51768
       51770
       52257
       52746
       53235
       53724
       54213
       55681
       56169
       56170
       56182
       56659
       56664
       80632
       81120
       81606
       81608
       82094
       82095
       82097
       82582
       82583
       82584
       82585
       83069
       83070
       83072
       83556
       83557
       83560
       83562
       84044
       84047
       84048
       84050
       84533
       85023
       85025
       85513
       86000
       86001
       86002
       86489
       86490
       86976
       86977
       87463
       87464
       87465
       87466
       87952
       87954
       88439
       89906
       90881
       91370
       92347
       92835
       93811
       94787
       94788
       96741
       97229
       97717
       99182
