         130
       13525
       14013
       14014
       14040
       14502
       14503
       14524
       14991
       14992
       14999
       15006
       15013
       15467
       15479
       15488
       15495
       15502
       15506
       15968
       15977
       15984
       15991
       15995
       16444
       16445
       16457
       16465
       16472
       16473
       16476
       16477
       16478
       16483
       16933
       16934
       16946
       16954
       16961
       16962
       16964
       16965
       16966
       17422
       17435
       17443
       17450
       17451
       17452
       17453
       17454
       17455
       17460
       17911
       17923
       17924
       17939
       17940
       17949
       18412
       18413
       18428
       18429
       18901
       18902
       18909
       18917
       18918
       19390
       19391
       19392
       19398
       19406
       19407
       19415
       19879
       19880
       19881
       19887
       19903
       19904
       20351
       20357
       20375
       20376
       20382
       20383
       20384
       20391
       20847
       20855
       20859
       20865
       20871
       20872
       20879
       21352
       21354
       21359
       21360
       21361
       21366
       21843
       21850
       21855
       22329
       22332
       22335
       22339
       22344
       22813
       22821
       22828
       22833
       23301
       23310
       23312
       23317
       23322
       23799
       23806
       23807
       24280
       24287
       25274
       25761
       25764
       26251
       27712
       27721
       39462
