          91
      213734
      214221
      214708
      214709
      215196
      215685
      215689
      216173
      216174
      216175
      216191
      216660
      216663
      216664
      216679
      217152
      217153
      217640
      217641
      217658
      218125
      218127
      218128
      218129
      218145
      218613
      218617
      218618
      218622
      218623
      219101
      219103
      219104
      219110
      219111
      219112
      219590
      219591
      219592
      219603
      219605
      219606
      219607
      219608
      220081
      220082
      220092
      220094
      220095
      220571
      220581
      220584
      221054
      221057
      221073
      221545
      221546
      221562
      222032
      222033
      222034
      222038
      222047
      222048
      222050
      222051
      222518
      222522
      222527
      222536
      222538
      222539
      222540
      223012
      223013
      223025
      223028
      223029
      223515
      223984
      224003
      224004
      224006
      224492
      224983
      224984
      225473
      225959
      228893
      229382
      230849
