          60
      103977
      104464
      104465
      104952
      104953
      105440
      105441
      105442
      105928
      106416
      106417
      106418
      106424
      106904
      106905
      107392
      107393
      107880
      107881
      107887
      108368
      108369
      108374
      108375
      108376
      108862
      108863
      108864
      109344
      109351
      109352
      109837
      109838
      109841
      110315
      110316
      110317
      110329
      110812
      111291
      111781
      111782
      111783
      111784
      111785
      111786
      111793
      112270
      112271
      112273
      112754
      112755
      112756
      113241
      113250
      114224
      114225
      116201
      116674
      117647
