         132
      175828
      176315
      176803
      177290
      177294
      177295
      177775
      177780
      177787
      177792
      178259
      178263
      178267
      178279
      178755
      178770
      179242
      179251
      179257
      179261
      179262
      179723
      179727
      179735
      179737
      180223
      180231
      180233
      180234
      180696
      180703
      180704
      180711
      180717
      180718
      180720
      180722
      180723
      181209
      181210
      181692
      181696
      181697
      182172
      182184
      182659
      182665
      182671
      183142
      183146
      183157
      183629
      184116
      184117
      184118
      184126
      184127
      184131
      184132
      184609
      184614
      184615
      184619
      184646
      185106
      185107
      185131
      185132
      185581
      185582
      185584
      185594
      185618
      186072
      186081
      186105
      186557
      186564
      186569
      186593
      187046
      187052
      187053
      187056
      187080
      188028
      188032
      189005
      191936
      187541
      188023
      188027
      188511
      188519
      187534
      187536
      187544
      188516
      189004
      189006
      189007
      190957
      191446
      187567
      188055
      188544
      189034
      190029
      190495
      190994
      191002
      191470
      192460
      192945
      193433
      188022
      189976
      190464
      191440
      191441
      199758
      194884
      195859
      197322
      198296
      198297
      198783
      198784
      198793
      199270
      201715
      202209
