         171
       64488
       64977
       65954
       66443
       66444
       66931
       66932
       66933
       66934
       67418
       67419
       67420
       67421
       67422
       67907
       67908
       67909
       67910
       68395
       68396
       68397
       68398
       68883
       68884
       68885
       68886
       68887
       69371
       69372
       69373
       69374
       69375
       69859
       69860
       69861
       69862
       69863
       70347
       70348
       70349
       70350
       70351
       70835
       70836
       70837
       70838
       70839
       70840
       71327
       71328
       71816
       72304
       72793
       73281
       73769
       74257
       74271
       74745
       74746
       74759
       74760
       75235
       75236
       75245
       75246
       75247
       75248
       75249
       75260
       75724
       75725
       75734
       75735
       75736
       75737
       75738
       76221
       76222
       76223
       76224
       76225
       76226
       76227
       76702
       76709
       76710
       76713
       76714
       76715
       76716
       77191
       77196
       77197
       77202
       77203
       77204
       77205
       77679
       77684
       77691
       77692
       77693
       77694
       78172
       78180
       78181
       78182
       78183
       78192
       78661
       78669
       78670
       78671
       78672
       79144
       79149
       79158
       79159
       79160
       79161
       79633
       79637
       79647
       79648
       79649
       79650
       80122
       80123
       80124
       80125
       80135
       80136
       80137
       80138
       80611
       80612
       80623
       80624
       80625
       80626
       81109
       81112
       81113
       81114
       81115
       81121
       81601
       81602
       81603
       81607
       82091
       82580
       83068
       83071
       83558
       83559
       84045
       84046
       84049
       84535
       84538
       85510
       85511
       85514
       85998
       85999
       86487
       86488
       86975
       86978
       87953
