          78
       24797
       25774
       26751
       27229
       28705
       29682
       30649
       30654
       30667
       31148
       31149
       31628
       31637
       32134
       32623
       33116
       33600
       33605
       33606
       34094
       34095
       34575
       34580
       34582
       34583
       34584
       35065
       35073
       35554
       35562
       35577
       36048
       36554
       37026
       37037
       37042
       37503
       37526
       37527
       37530
       38003
       38015
       38016
       38018
       38505
       38506
       38507
       38979
       38995
       39472
       39484
       39973
       40447
       40936
       40940
       40942
       42413
       42415
       42416
       42902
       43875
       44364
       44858
       46320
       46809
       30693
       31670
       32158
       33135
       34112
       47297
       50723
       50724
       51210
       53169
       59040
       59529
       61977
