         105
      201862
      202351
      202840
      203329
      203818
      203830
      204306
      204318
      204795
      204807
      205284
      205285
      205296
      205773
      205774
      205785
      206263
      206274
      206752
      206763
      207241
      207252
      207730
      207741
      208219
      208220
      208221
      208222
      208223
      208224
      208708
      208709
      208710
      208711
      208712
      208713
      209197
      209198
      209199
      209200
      209201
      209202
      209208
      209686
      209687
      209688
      209691
      209693
      209695
      209697
      210174
      210175
      210176
      210177
      210180
      210181
      210182
      210184
      210186
      210663
      210664
      210665
      210666
      210670
      210671
      210673
      210675
      211152
      211153
      211154
      211155
      211159
      211160
      211162
      211164
      211641
      211642
      211643
      211644
      211648
      211649
      211651
      212132
      212138
      212142
      212621
      212630
      212631
      213110
      213117
      213119
      213593
      213599
      213606
      213608
      214081
      214089
      214097
      214098
      214574
      214579
      214580
      214581
      214588
      214589
