          38
       23662
       23663
       23664
       24152
       24153
       24154
       24155
       24156
       24643
       24644
       24645
       24646
       25134
       25135
       25136
       25137
       25138
       25139
       25143
       25144
       25145
       25150
       25151
       25621
       25622
       25623
       26118
       26119
       26123
       26129
       26607
       26615
       26616
       27094
       27101
       27102
       27581
       27582
