          48
      123060
      123544
      124549
      127969
      128445
      128933
      128946
      129422
      130886
      130888
      130900
      132351
      135297
      140182
      144564
      145559
      147985
      148488
      148945
      148946
      149447
      149449
      149450
      149936
      150920
      150921
      151406
      151418
      151892
      152378
      152380
      153370
      154830
      154837
      155317
      155821
      156294
      156295
      156311
      156783
      156784
      157280
      157780
      158269
      158741
      159739
      160230
      160699
