          50
      102763
      103252
      103739
      103756
      104227
      104230
      104242
      104713
      104714
      104715
      104719
      105201
      105204
      105213
      105222
      105690
      105692
      105695
      105697
      105698
      106179
      106180
      106181
      106182
      106183
      106197
      106666
      106668
      106669
      106670
      106671
      106684
      107156
      107157
      107158
      107644
      107645
      107658
      108131
      108132
      108133
      108144
      109118
      109123
      109124
      109605
      109616
      110092
      111067
      111555
