          83
       62786
       63764
       66207
       66696
       68162
       68651
       69140
       69629
       70117
       70118
       70606
       70607
       71095
       71096
       71584
       71585
       72073
       72074
       72561
       72562
       72563
       73050
       73051
       73538
       73539
       73540
       74027
       74028
       74516
       74517
       75004
       75005
       75493
       75982
       76470
       76471
       76958
       76959
       77447
       77448
       77936
       77937
       78425
       78426
       78912
       78913
       78914
       78915
       79401
       79402
       79403
       79404
       79891
       79892
       79893
       80380
       80381
       80382
       80868
       80869
       80870
       81357
       81358
       81359
       81845
       82334
       82823
       82824
       82825
       82826
       83312
       83313
       83314
       83315
       83802
       83803
       84291
       84292
       84779
       84780
       84781
       85268
       87711
