          86
       48792
       50746
       51235
       51725
       52214
       52708
       53191
       53680
       54170
       54178
       54659
       54660
       54666
       54667
       55149
       55155
       55156
       55635
       55639
       55640
       56122
       56124
       56128
       56129
       56608
       56609
       56612
       56613
       56614
       56617
       56618
       57101
       57102
       57103
       57104
       57105
       57106
       57107
       57588
       57590
       57591
       57592
       57593
       57594
       57595
       57596
       57597
       58075
       58076
       58077
       58079
       58080
       58081
       58082
       58083
       58084
       58085
       58086
       58087
       58568
       58569
       58570
       58571
       58572
       58573
       58574
       58575
       58576
       59057
       59058
       59059
       59063
       59064
       59065
       59546
       59547
       59548
       59549
       60035
       60036
       60037
       60038
       60039
       60040
       60041
       60042
