         148
      198357
      198844
      198845
      198846
      198847
      199331
      199332
      199333
      199334
      199335
      199336
      199818
      199819
      199820
      199821
      199822
      199823
      199824
      200306
      200307
      200308
      200309
      200310
      200311
      200312
      200313
      200793
      200794
      200795
      200796
      200797
      200798
      200799
      200800
      200801
      200802
      201281
      201282
      201283
      201284
      201285
      201286
      201287
      201288
      201289
      201290
      201291
      201770
      201771
      201772
      201773
      201774
      201775
      201776
      201777
      201778
      201779
      202259
      202260
      202261
      202262
      202263
      202264
      202265
      202266
      202267
      202268
      202748
      202749
      202750
      202751
      202752
      202753
      202754
      202755
      202756
      202757
      203237
      203238
      203239
      203240
      203241
      203242
      203243
      203244
      203245
      203246
      203726
      203727
      203728
      203729
      203730
      203731
      203732
      203733
      203734
      203735
      204215
      204216
      204217
      204218
      204219
      204220
      204221
      204222
      204223
      204224
      204704
      204705
      204706
      204709
      204710
      204711
      204712
      204713
      205193
      205194
      205195
      205196
      205197
      205198
      205199
      205200
      205201
      205202
      205682
      205683
      205684
      205685
      205686
      205687
      205691
      206171
      206172
      206173
      206174
      206175
      206176
      206177
      206178
      206179
      206180
      206659
      206664
      206665
      206666
      206667
      206668
