          40
       77774
       77781
       78271
       78772
       79731
       79736
       79748
       80236
       80724
       81191
       81683
       81685
       81690
       82188
       82663
       83144
       83164
       83635
       83636
       84123
       84609
       84610
       84617
       85106
       85586
       85594
       85598
       87061
       87063
       87547
       87555
       88040
       88524
       91944
       92433
       93411
       96832
       96833
       97321
       97810
