          96
      196392
      196393
      196394
      196395
      196878
      196879
      196880
      196881
      196882
      196883
      196884
      196885
      196886
      197365
      197366
      197367
      197368
      197369
      197370
      197371
      197372
      197373
      197374
      197375
      197376
      197377
      197853
      197854
      197855
      197856
      197857
      197858
      197859
      197860
      197861
      197862
      197863
      197864
      197865
      197866
      197867
      197868
      198342
      198343
      198344
      198345
      198346
      198347
      198348
      198349
      198350
      198351
      198352
      198353
      198354
      198355
      198356
      198830
      198831
      198832
      198833
      198834
      198835
      198836
      198837
      198838
      198839
      198840
      198841
      198842
      198843
      199320
      199321
      199322
      199323
      199324
      199325
      199326
      199327
      199328
      199329
      199330
      199810
      199811
      199812
      199813
      199814
      199815
      199816
      199817
      200301
      200302
      200303
      200304
      200305
      200792
