         380
      149363
      149364
      149854
      150340
      150341
      150342
      150344
      150829
      150830
      151315
      151316
      151317
      151803
      151804
      152290
      152291
      152292
      152777
      152778
      152779
      152784
      152785
      152786
      153266
      153267
      153268
      153269
      153270
      153271
      153272
      153273
      153274
      153755
      153756
      153757
      153758
      153759
      153760
      153761
      153766
      154242
      154243
      154244
      154245
      154246
      154247
      154252
      154253
      154254
      154255
      154731
      154732
      154733
      154740
      154741
      154742
      154743
      154744
      154747
      155220
      155221
      155226
      155227
      155228
      155229
      155230
      155231
      155232
      155233
      155234
      155713
      155714
      155715
      155716
      155717
      155718
      155719
      155720
      155721
      155722
      155723
      156201
      156202
      156203
      156207
      156208
      156209
      156210
      156211
      156212
      156213
      156688
      156689
      156694
      156695
      156696
      156697
      156698
      156699
      156700
      156701
      156702
      157177
      157182
      157183
      157184
      157185
      157186
      157187
      157188
      157189
      157190
      157191
      157192
      157669
      157670
      157671
      157672
      157673
      157674
      157675
      157676
      157677
      157678
      157679
      157680
      157681
      158157
      158158
      158159
      158160
      158161
      158162
      158163
      158164
      158165
      158166
      158167
      158168
      158169
      158170
      158171
      158644
      158645
      158646
      158647
      158648
      158649
      158650
      158651
      158652
      158653
      158654
      158655
      158656
      158657
      158658
      158659
      158660
      159133
      159134
      159135
      159136
      159137
      159138
      159139
      159140
      159141
      159142
      159143
      159144
      159145
      159146
      159147
      159148
      159149
      159150
      159623
      159624
      159625
      159626
      159627
      159628
      159629
      159630
      159631
      159632
      159633
      159634
      159635
      159636
      159637
      159638
      159639
      160114
      160115
      160116
      160117
      160118
      160119
      160120
      160121
      160122
      160123
      160124
      160125
      160126
      160127
      160128
      160129
      160601
      160602
      160603
      160604
      160605
      160606
      160607
      160608
      160609
      160610
      160611
      160612
      160613
      160614
      160615
      160616
      160617
      161090
      161091
      161092
      161093
      161094
      161095
      161096
      161097
      161098
      161099
      161100
      161101
      161102
      161103
      161104
      161105
      161106
      161107
      161580
      161581
      161582
      161583
      161584
      161585
      161586
      161587
      161588
      161589
      161590
      161591
      161592
      161593
      161594
      161595
      162069
      162070
      162071
      162072
      162073
      162074
      162075
      162076
      162077
      162078
      162079
      162080
      162081
      162082
      162083
      162558
      162559
      162560
      162561
      162562
      162563
      162564
      162565
      162566
      162567
      162568
      162569
      162570
      162571
      162573
      162574
      162575
      162576
      163048
      163049
      163050
      163051
      163052
      163053
      163054
      163055
      163056
      163057
      163058
      163059
      163060
      163061
      163062
      163063
      163064
      163065
      163537
      163538
      163539
      163540
      163541
      163542
      163543
      163544
      163545
      163546
      163547
      163548
      163549
      163550
      163551
      164026
      164027
      164028
      164029
      164030
      164031
      164032
      164033
      164034
      164035
      164036
      164037
      164038
      164515
      164516
      164517
      164518
      164519
      164520
      164521
      164522
      164523
      164524
      164525
      164526
      165005
      165006
      165007
      165008
      165009
      165010
      165011
      165012
      165013
      165494
      165495
      165496
      165497
      165498
      165499
      165500
      165501
      165983
      165984
      165985
      165986
      165987
      166472
      166473
      166474
      168436
      168437
      168438
