          71
         317
         320
         326
         327
         329
         813
         814
         815
         816
         817
        1302
        1303
        1304
        1305
        1306
        1783
        1791
        1792
        1793
        1794
        1795
        2280
        2281
        2282
        2283
        2284
        2769
        2770
        2771
        2772
        3249
        3258
        3259
        3260
        3738
        3746
        3747
        3748
        3749
        4235
        4236
        4237
        4724
        4725
        4726
        5203
        5213
        5214
        5215
        5701
        5702
        5703
        5704
        6180
        6190
        6191
        6192
        6678
        6679
        6680
        6681
        7167
        7168
        7169
        7656
        7657
        7658
        8145
        8146
        8147
        8634
