          97
      207171
      207175
      207178
      207179
      207660
      207669
      207670
      207671
      208168
      208635
      208636
      208637
      208638
      208639
      208640
      208641
      208642
      209130
      209131
      209146
      209621
      209622
      209623
      209638
      209639
      209640
      209643
      209644
      210110
      210111
      210112
      210113
      210114
      210129
      210134
      210600
      210601
      210602
      210603
      210604
      210605
      210606
      210622
      210623
      210624
      210625
      211090
      211091
      211092
      211093
      211094
      211095
      211100
      211579
      211580
      211581
      211582
      211583
      211584
      211588
      212563
      212564
      213050
      213051
      213052
      213053
      213539
      213540
      213541
      213542
      214027
      214028
      214030
      214031
      214515
      214516
      214517
      214519
      215002
      215003
      215004
      215005
      215006
      215007
      215491
      215495
      215496
      215978
      215979
      215982
      215983
      215984
      216471
      216472
      216955
      217443
      218420
