          44
       62784
       63761
       64250
       65716
       66204
       66205
       66693
       67182
       67671
       68159
       68648
       69136
       69137
       69624
       69625
       70113
       70114
       70602
       70603
       71090
       71091
       71579
       71580
       72068
       72069
       72557
       72558
       73045
       73046
       73534
       73535
       74022
       74023
       74511
       75000
       75977
       76466
       76955
       77443
       77932
       78908
       78909
       79397
       81352
