          51
      111821
      112798
      113776
      114264
      114269
      115246
      115734
      116222
      117687
      118174
      118175
      118176
      118181
      118663
      118664
      118665
      118670
      119153
      119158
      119641
      119647
      120127
      120129
      120130
      120131
      120136
      120616
      120617
      120618
      120619
      120625
      121104
      121105
      121108
      121592
      121593
      122081
      122082
      122569
      124035
      124523
      125009
      125507
      125513
      125514
      126002
      126474
      126490
      127467
      127955
      128924
