          84
      163599
      165555
      166042
      166050
      166530
      166539
      167017
      167025
      167027
      167513
      167515
      168001
      168492
      168980
      169955
      169968
      169969
      170442
      170455
      170456
      170457
      170942
      170945
      171417
      171432
      171916
      171920
      171927
      172401
      172896
      172898
      172899
      173371
      173372
      173384
      173385
      173399
      173873
      173876
      173877
      173878
      173879
      173884
      173885
      174360
      174361
      174362
      174363
      174364
      174366
      174367
      174368
      174369
      174370
      174371
      174372
      174376
      174844
      174846
      174849
      174850
      174851
      174852
      174857
      174858
      175335
      175342
      175822
      175827
      176306
      176312
      176336
      176800
      176821
      177282
      177312
      177797
      179254
      179255
      179740
      179741
      180226
      180228
      181199
