          57
          77
          78
          79
          80
          81
          82
          83
          84
         567
         568
         569
         570
         571
         572
         573
        1056
        1057
        1058
        1059
        1060
        1061
        1062
        1063
        1064
        1065
        1545
        1546
        1547
        1548
        1549
        1550
        1551
        1552
        2035
        2036
        2037
        2038
        2039
        2040
        2518
        2525
        2526
        2527
        2528
        2529
        3015
        3016
        3017
        3019
        3505
        3506
        3507
        3508
        3995
        3996
        4000
        4485
