         251
      154933
      154934
      154935
      154936
      154937
      154938
      155420
      155421
      155422
      155423
      155424
      155425
      155426
      155427
      155428
      155429
      155430
      155434
      155908
      155909
      155910
      155911
      155912
      155913
      155914
      155915
      155916
      155917
      155918
      155919
      155920
      155921
      155922
      155923
      156395
      156396
      156397
      156398
      156399
      156400
      156401
      156402
      156403
      156404
      156405
      156406
      156407
      156408
      156409
      156410
      156411
      156412
      156413
      156414
      156883
      156884
      156885
      156886
      156887
      156888
      156889
      156890
      156891
      156892
      156893
      156894
      156895
      156896
      156897
      156898
      156899
      156900
      156901
      156902
      156903
      157372
      157373
      157374
      157375
      157376
      157377
      157378
      157379
      157380
      157381
      157382
      157383
      157384
      157385
      157386
      157387
      157388
      157389
      157390
      157391
      157392
      157861
      157862
      157863
      157864
      157865
      157866
      157867
      157868
      157869
      157870
      157871
      157872
      157873
      157874
      157875
      157876
      157877
      157878
      157879
      157880
      157881
      158350
      158351
      158352
      158353
      158354
      158355
      158356
      158357
      158358
      158359
      158360
      158361
      158362
      158363
      158364
      158365
      158366
      158367
      158368
      158369
      158370
      158840
      158841
      158842
      158843
      158844
      158845
      158846
      158847
      158848
      158849
      158850
      158851
      158852
      158853
      158854
      158855
      158856
      158858
      158859
      159329
      159330
      159331
      159332
      159333
      159334
      159335
      159336
      159337
      159338
      159339
      159340
      159341
      159342
      159343
      159344
      159345
      159347
      159348
      159818
      159819
      159820
      159821
      159822
      159823
      159824
      159825
      159826
      159827
      159828
      159829
      159830
      159831
      159832
      159833
      159834
      159835
      159836
      160307
      160308
      160309
      160310
      160311
      160312
      160313
      160314
      160315
      160316
      160317
      160318
      160319
      160320
      160321
      160322
      160323
      160324
      160325
      160797
      160798
      160799
      160800
      160801
      160802
      160803
      160804
      160805
      160806
      160807
      160808
      160809
      160810
      160811
      160812
      160813
      160814
      161292
      161293
      161294
      161295
      161296
      161297
      161298
      161299
      161300
      161302
      161303
      161786
      161787
      161788
      161789
      161791
      162276
      162280
      162768
