          64
       14701
       14702
       15190
       15191
       15677
       16164
       16166
       16653
       17632
       17636
       18121
       18610
       18613
       19099
       19102
       19588
       19591
       20566
       21055
       21057
       21542
       21543
       21544
       21546
       22032
       22033
       22035
       22518
       22519
       22521
       22524
       23007
       23008
       23010
       23013
       23494
       23495
       23497
       23499
       23501
       23983
       23984
       23985
       23991
       24467
       24479
       24964
       24965
       24967
       25442
       25447
       25448
       25454
       25455
       25932
       25935
       25940
       26423
       26908
       27399
       28865
       29352
       31310
       31312
