          76
      213796
      213797
      214284
      214285
      214288
      214771
      214772
      214773
      214774
      214775
      214776
      214782
      214789
      215263
      215264
      215747
      215748
      215749
      215750
      215751
      215752
      215753
      215758
      216234
      216235
      216236
      216237
      216238
      216240
      216241
      216722
      216723
      216724
      216725
      216726
      216728
      216729
      217210
      217212
      217213
      217214
      217216
      217699
      217701
      217702
      217703
      217704
      217705
      217707
      218192
      218193
      218194
      218682
      220619
      221112
      221602
      222582
      222583
      222586
      223078
      223086
      226014
      229421
      229422
      230899
      230900
      230901
      230902
      230903
      230906
      231397
      231885
      232355
      232364
      232367
      232373
