         142
      194269
      194270
      194271
      194760
      194761
      194762
      194763
      195247
      195248
      195249
      195250
      195251
      195252
      195253
      195735
      195736
      195737
      195738
      195739
      195740
      195741
      195742
      195743
      196224
      196225
      196226
      196227
      196228
      196229
      196230
      196231
      196713
      196714
      196715
      196716
      196717
      196718
      196719
      196720
      197201
      197202
      197203
      197204
      197205
      197206
      197207
      197208
      197209
      197690
      197691
      197692
      197693
      197694
      197695
      197696
      197697
      198179
      198180
      198181
      198182
      198183
      198184
      198185
      198186
      198667
      198668
      198669
      198670
      198671
      198672
      198673
      198674
      199156
      199157
      199158
      199159
      199160
      199161
      199162
      199163
      199645
      199646
      199647
      199648
      199649
      199650
      199651
      199652
      200133
      200134
      200135
      200136
      200137
      200138
      200139
      200142
      200622
      200623
      200624
      200625
      200626
      200627
      200628
      200629
      200633
      201108
      201109
      201110
      201111
      201112
      201113
      201114
      201115
      201116
      201117
      201600
      201601
      201602
      201603
      201604
      201605
      202088
      202089
      202090
      202091
      202092
      202093
      202094
      202095
      202577
      202578
      202579
      202580
      202581
      202582
      202583
      203066
      203067
      203068
      203069
      203070
      203071
