         271
        8226
        8714
        8715
        8716
        8717
        8718
        9203
        9204
        9205
        9206
        9207
        9208
        9692
        9693
        9694
        9695
        9696
        9697
        9698
        9699
       10180
       10181
       10182
       10183
       10184
       10185
       10186
       10187
       10188
       10189
       10668
       10669
       10670
       10671
       10672
       10673
       10674
       10675
       10676
       10677
       10678
       10679
       10680
       11157
       11158
       11159
       11160
       11161
       11162
       11163
       11164
       11165
       11166
       11167
       11168
       11169
       11170
       11645
       11646
       11647
       11648
       11649
       11650
       11651
       11652
       11653
       11654
       11655
       11656
       11657
       11658
       11659
       11660
       12134
       12136
       12137
       12138
       12139
       12140
       12141
       12142
       12143
       12144
       12145
       12146
       12147
       12148
       12149
       12622
       12623
       12624
       12625
       12626
       12627
       12628
       12629
       12630
       12631
       12632
       12633
       12634
       12635
       12636
       13110
       13111
       13112
       13113
       13114
       13115
       13116
       13117
       13118
       13119
       13120
       13121
       13122
       13123
       13124
       13125
       13599
       13600
       13601
       13602
       13603
       13604
       13605
       13606
       13607
       13608
       13609
       13610
       13611
       14088
       14089
       14090
       14091
       14092
       14093
       14094
       14095
       14096
       14097
       14098
       14099
       14100
       14576
       14578
       14579
       14580
       14581
       14582
       14583
       14584
       14585
       14586
       14587
       14588
       14589
       15065
       15067
       15068
       15069
       15070
       15071
       15072
       15073
       15074
       15075
       15076
       15553
       15554
       15555
       15556
       15557
       15558
       15559
       15560
       15561
       15562
       15563
       15564
       15565
       16041
       16042
       16043
       16044
       16045
       16046
       16047
       16048
       16049
       16050
       16051
       16052
       16053
       16054
       16529
       16530
       16531
       16532
       16533
       16534
       16535
       16536
       16537
       16538
       16539
       16540
       16541
       16542
       17018
       17019
       17020
       17021
       17022
       17023
       17024
       17025
       17026
       17027
       17028
       17029
       17507
       17508
       17509
       17510
       17511
       17512
       17513
       17514
       17515
       17996
       17997
       17998
       17999
       18000
       18001
       18002
       18003
       18004
       18485
       18486
       18487
       18488
       18489
       18490
       18491
       18974
       18975
       18976
       18977
       18978
       18979
       19464
       19465
       19466
       19467
       19468
       19951
       19953
       19954
       19955
       19956
       19957
       20441
       20442
       20443
       20444
       20931
       20932
       21420
