          41
      191687
      192176
      192662
      194130
      194609
      195104
      196070
      196078
      196570
      197054
      197061
      197550
      197553
      198021
      198027
      198028
      198035
      198037
      198040
      198511
      198515
      198516
      198517
      198522
      198523
      198528
      199006
      199495
      199503
      199507
      199510
      199512
      199981
      199984
      199994
      199999
      200957
      201449
      201467
      201947
      202919
