         186
      208274
      208763
      209251
      209252
      209738
      209740
      209741
      210230
      210231
      210234
      210718
      210719
      210720
      210723
      210724
      211206
      211208
      211209
      211211
      211212
      211213
      211687
      211695
      211697
      211698
      211699
      211700
      211701
      211702
      212175
      212176
      212177
      212184
      212185
      212186
      212187
      212188
      212189
      212190
      212191
      212192
      212193
      212664
      212665
      212666
      212673
      212674
      212675
      212676
      212677
      212678
      212679
      212680
      212681
      212682
      213154
      213155
      213162
      213163
      213164
      213165
      213166
      213167
      213168
      213169
      213170
      213171
      213643
      213644
      213652
      213653
      213654
      213655
      213656
      213657
      213658
      213659
      213660
      214133
      214141
      214142
      214143
      214144
      214145
      214146
      214147
      214148
      214149
      214630
      214631
      214632
      214633
      214634
      214635
      214636
      214637
      214638
      215119
      215120
      215121
      215122
      215123
      215124
      215125
      215126
      215127
      215133
      215608
      215609
      215610
      215611
      215612
      215613
      215614
      215615
      215616
      215622
      216089
      216098
      216099
      216100
      216101
      216102
      216103
      216112
      216587
      216588
      216589
      216590
      216591
      216592
      216601
      217076
      217077
      217078
      217079
      217080
      217081
      217565
      217566
      217567
      217568
      217569
      217570
      217571
      217572
      217573
      218056
      218057
      218058
      218059
      218060
      218061
      218062
      218545
      218546
      218547
      218548
      218549
      218550
      218551
      219034
      219035
      219036
      219037
      219038
      219039
      219040
      219524
      219525
      219526
      219527
      219528
      219529
      220012
      220017
      220019
      220503
      220506
      220508
      220991
      220992
      220995
      220998
      221977
      223445
