         221
         393
         394
         396
         397
         398
         399
         400
         401
         882
         883
         884
         885
         886
         887
         888
         889
         890
        1371
        1372
        1373
        1374
        1375
        1376
        1377
        1378
        1860
        1861
        1862
        1863
        1864
        1865
        1866
        1867
        2348
        2349
        2350
        2351
        2352
        2353
        2354
        2355
        2356
        2836
        2837
        2838
        2839
        2840
        2841
        2842
        2843
        2844
        2845
        3324
        3325
        3326
        3327
        3328
        3329
        3330
        3331
        3332
        3333
        3812
        3813
        3814
        3815
        3816
        3817
        3818
        3819
        3820
        3821
        3822
        4301
        4302
        4303
        4304
        4305
        4306
        4307
        4308
        4309
        4310
        4311
        4314
        4790
        4791
        4792
        4793
        4794
        4795
        4796
        4802
        5278
        5279
        5280
        5281
        5282
        5283
        5284
        5285
        5291
        5767
        5768
        5769
        5770
        5771
        5772
        5773
        5774
        5775
        6256
        6257
        6258
        6259
        6260
        6261
        6262
        6263
        6264
        6267
        6268
        6744
        6745
        6746
        6747
        6748
        6749
        6750
        6752
        6753
        6755
        6756
        7232
        7233
        7234
        7235
        7236
        7237
        7238
        7239
        7241
        7242
        7720
        7721
        7722
        7723
        7724
        7725
        7726
        7727
        7728
        7730
        7731
        8209
        8210
        8211
        8212
        8213
        8214
        8215
        8216
        8217
        8219
        8698
        8699
        8700
        8701
        8702
        8703
        8704
        8705
        8706
        8707
        9187
        9188
        9189
        9190
        9191
        9192
        9193
        9194
        9676
        9677
        9678
        9679
        9680
        9681
        9682
        9683
       10165
       10166
       10167
       10168
       10169
       10170
       10171
       10172
       10174
       10654
       10655
       10656
       10657
       10658
       10659
       10660
       11142
       11143
       11144
       11145
       11146
       11147
       11148
       11633
       11634
       11635
       11636
       11637
       12123
       12124
       12125
