          46
       66071
       66558
       68021
       68508
       68523
       68996
       69484
       69971
       69991
       70946
       70967
       70971
       70972
       71434
       71448
       71454
       71459
       71936
       71941
       72424
       72437
       72897
       72911
       72917
       72918
       73399
       73404
       73886
       73892
       74374
       74380
       74384
       74862
       74870
       75350
       75356
       75843
       75861
       76818
       77301
       77306
       77307
       78765
       82702
       84168
       85634
