          77
       56300
       57767
       58257
       60214
       61682
       61686
       61687
       61688
       62172
       62176
       62177
       62663
       62665
       62668
       62669
       63643
       64127
       64136
       64614
       64616
       64617
       64618
       64619
       64622
       65101
       65105
       65106
       65107
       65108
       65587
       65590
       65594
       65595
       65596
       66075
       66077
       66078
       66079
       66080
       66081
       66082
       66564
       66566
       66568
       66569
       67052
       67053
       67054
       67055
       67539
       67540
       67541
       67542
       67543
       68028
       68029
       68030
       68031
       68046
       68515
       69003
       69004
       69005
       69020
       69492
       69493
       69978
       70466
       70467
       70955
       70956
       70978
       71443
       71444
       73407
       73408
       73896
