          62
       59540
       60519
       61008
       61498
       61987
       62477
       62966
       62991
       63458
       63459
       63460
       63461
       63479
       63947
       63948
       63949
       63950
       63968
       64438
       64439
       64928
       64929
       65418
       65419
       65425
       65426
       65907
       65908
       65913
       65914
       65915
       66397
       66398
       66401
       66402
       66403
       66404
       66405
       66409
       66886
       66887
       66889
       66890
       66893
       66894
       66895
       66896
       67374
       67375
       67381
       67382
       67383
       67864
       67865
       67869
       67871
       68353
       68354
       68355
       68849
       69336
       69337
