         270
        6430
        6431
        6432
        6917
        6918
        6919
        6921
        6922
        7404
        7405
        7406
        7407
        7408
        7409
        7410
        7412
        7413
        7891
        7892
        7893
        7894
        7895
        7896
        7897
        7898
        7899
        7900
        7902
        8379
        8380
        8381
        8382
        8383
        8384
        8385
        8386
        8387
        8388
        8389
        8390
        8391
        8392
        8393
        8866
        8867
        8868
        8869
        8870
        8871
        8872
        8873
        8874
        8875
        8876
        8877
        8878
        8879
        8880
        8881
        8882
        8883
        9353
        9354
        9355
        9356
        9357
        9358
        9359
        9360
        9361
        9362
        9363
        9364
        9365
        9366
        9367
        9368
        9369
        9370
        9371
        9372
        9840
        9841
        9842
        9843
        9844
        9845
        9846
        9847
        9848
        9849
        9850
        9851
        9852
        9853
        9854
        9855
        9856
        9857
        9858
        9859
        9860
        9862
        9863
       10329
       10330
       10331
       10332
       10333
       10334
       10335
       10336
       10337
       10338
       10339
       10340
       10341
       10342
       10343
       10344
       10345
       10346
       10347
       10348
       10349
       10350
       10351
       10819
       10820
       10821
       10822
       10823
       10824
       10825
       10826
       10827
       10828
       10829
       10830
       10831
       10832
       10833
       10834
       10835
       10836
       10837
       10838
       10839
       11308
       11309
       11310
       11311
       11312
       11313
       11314
       11315
       11316
       11317
       11318
       11319
       11320
       11321
       11322
       11323
       11324
       11325
       11326
       11327
       11798
       11799
       11800
       11801
       11802
       11803
       11804
       11805
       11806
       11807
       11808
       11809
       11810
       11811
       11812
       11813
       11814
       11815
       12287
       12288
       12289
       12290
       12291
       12292
       12293
       12294
       12295
       12296
       12297
       12298
       12299
       12300
       12301
       12302
       12303
       12777
       12778
       12779
       12780
       12781
       12782
       12783
       12784
       12785
       12786
       12787
       12788
       12789
       12790
       12791
       13266
       13267
       13268
       13269
       13270
       13271
       13272
       13273
       13274
       13275
       13276
       13277
       13278
       13279
       13756
       13757
       13758
       13759
       13760
       13761
       13762
       13763
       13764
       13765
       13766
       13767
       14246
       14247
       14248
       14249
       14250
       14251
       14252
       14253
       14254
       14735
       14736
       14737
       14738
       14739
       14740
       14741
       14742
       15225
       15226
       15227
       15228
       15229
       15230
       15716
       15717
       15718
