          47
      165992
      167455
      167456
      167457
      167938
      168432
      170391
      170863
      170884
      170885
      170887
      170888
      172367
      172368
      172369
      172370
      172371
      172822
      172835
      173343
      173806
      173808
      173825
      173833
      176772
      176773
      177254
      177255
      177737
      177740
      177741
      177742
      178221
      178706
      179192
      179193
      179668
      179673
      179678
      179684
      180163
      180169
      180170
      180647
      180653
      181136
      183572
