         136
       70932
       71909
       71921
       73872
       74360
       74863
       75351
       75352
       75839
       75841
       76317
       76318
       76326
       76329
       76802
       76803
       76804
       76805
       76806
       76807
       76815
       76817
       77288
       77291
       77292
       77295
       77302
       77303
       77304
       77305
       77773
       77776
       77777
       77778
       77779
       77790
       77791
       77792
       77793
       77794
       77795
       78266
       78267
       78278
       78279
       78280
       78281
       78751
       78752
       78753
       78754
       78760
       78761
       78766
       78769
       78771
       79241
       79254
       79255
       79256
       79257
       79259
       79737
       79742
       79744
       79745
       79746
       79747
       80216
       80218
       80230
       80231
       80233
       80234
       80704
       80705
       80714
       80717
       80718
       80719
       80720
       80721
       80722
       80723
       81195
       81206
       81207
       81208
       81209
       81210
       81211
       81681
       81691
       81694
       81695
       81696
       81697
       81698
       82168
       82170
       82180
       82182
       82184
       82186
       82187
       82668
       82669
       82671
       82672
       82674
       82675
       83157
       83158
       83159
       83160
       83161
       83162
       83163
       83646
       83647
       83648
       83649
       83651
       84134
       84137
       84138
       84623
       84626
       84627
       85112
       85113
       85115
       85600
       85601
       85602
       86088
