          70
       32416
       32899
       32914
       33397
       33398
       33404
       33883
       33888
       34356
       34369
       34371
       34372
       34855
       34856
       34857
       35339
       35340
       35825
       35832
       35833
       35842
       35843
       36311
       36319
       36320
       36329
       36330
       36331
       36332
       36807
       37293
       37294
       37295
       37296
       37297
       37298
       37299
       37300
       37304
       37305
       37306
       37307
       37308
       38277
       38278
       38279
       38280
       38281
       38282
       38283
       38288
       38758
       42199
       42682
       42686
       42687
       43168
       43169
       43170
       43656
       43657
       44140
       44141
       44142
       44143
       44144
       44626
       44627
       44628
       45112
