          43
       72982
       73458
       73466
       73470
       73949
       73950
       73951
       73959
       73962
       74436
       74437
       74438
       74448
       74449
       74450
       74923
       74937
       76884
       77385
       83243
       83720
       85675
       85683
       87630
       87632
       87636
       88121
       88124
       88612
       89100
       89587
       90076
       92514
       93002
       93003
       93491
       73963
       73964
       73965
       74453
       74454
       76897
       94465
