         177
       60475
       60479
       60955
       61946
       62421
       62426
       62435
       62437
       62438
       62439
       62440
       62910
       62923
       62924
       62925
       62926
       62928
       62929
       63396
       63401
       63404
       63405
       63406
       63413
       63414
       63416
       63417
       63418
       63419
       63890
       63891
       63894
       63895
       63896
       63902
       63903
       63904
       63905
       63906
       63907
       63908
       64372
       64374
       64377
       64378
       64379
       64380
       64381
       64383
       64384
       64385
       64386
       64391
       64392
       64393
       64394
       64395
       64396
       64397
       64866
       64867
       64868
       64869
       64870
       64871
       64872
       64873
       64875
       64876
       64881
       64882
       64883
       64884
       64885
       64886
       65354
       65355
       65357
       65358
       65359
       65361
       65362
       65363
       65364
       65365
       65366
       65368
       65370
       65371
       65372
       65373
       65375
       65841
       65842
       65845
       65846
       65847
       65848
       65849
       65851
       65852
       65853
       65854
       65855
       65856
       65857
       65860
       65861
       65862
       65864
       66331
       66333
       66334
       66338
       66339
       66340
       66341
       66343
       66344
       66345
       66346
       66349
       66350
       66351
       66353
       66821
       66823
       66824
       66828
       66830
       66831
       66832
       66833
       66834
       66835
       66838
       66839
       66840
       67310
       67311
       67317
       67318
       67319
       67320
       67321
       67322
       67323
       67324
       67325
       67327
       67329
       67805
       67806
       67807
       67808
       67809
       67810
       67811
       67813
       67814
       68294
       68295
       68303
       68781
       68783
       68785
       68789
       68792
       69270
       69281
       69284
       69286
       69759
       69760
       69766
       69775
       71232
