         381
      151163
      151164
      151165
      151166
      151167
      151653
      151654
      151655
      151656
      151657
      151658
      151659
      152144
      152145
      152146
      152147
      152148
      152149
      152150
      152151
      152635
      152636
      152637
      152638
      152639
      152640
      152641
      152642
      152643
      153124
      153125
      153126
      153127
      153128
      153129
      153130
      153131
      153132
      153133
      153134
      153613
      153614
      153615
      153616
      153617
      153618
      153619
      153620
      153621
      153622
      153623
      153624
      154094
      154095
      154096
      154097
      154098
      154101
      154102
      154103
      154104
      154105
      154106
      154107
      154108
      154109
      154110
      154111
      154112
      154582
      154583
      154584
      154585
      154586
      154587
      154588
      154589
      154590
      154591
      154592
      154593
      154594
      154595
      154596
      154597
      154598
      154599
      154600
      154601
      155072
      155073
      155074
      155075
      155076
      155077
      155078
      155079
      155080
      155081
      155082
      155083
      155084
      155085
      155086
      155087
      155088
      155089
      155090
      155561
      155562
      155563
      155564
      155565
      155566
      155567
      155568
      155569
      155570
      155571
      155572
      155573
      155574
      155575
      155576
      155577
      155578
      156050
      156051
      156052
      156053
      156054
      156055
      156056
      156057
      156058
      156059
      156060
      156061
      156062
      156063
      156064
      156065
      156066
      156067
      156539
      156540
      156541
      156542
      156543
      156544
      156545
      156546
      156547
      156548
      156549
      156550
      156551
      156552
      156553
      156554
      156555
      157028
      157029
      157030
      157031
      157032
      157033
      157034
      157035
      157036
      157037
      157038
      157039
      157040
      157041
      157042
      157043
      157044
      157045
      157517
      157518
      157519
      157520
      157521
      157522
      157523
      157524
      157525
      157526
      157527
      157528
      157529
      157530
      157531
      157532
      157533
      157534
      158007
      158008
      158009
      158010
      158011
      158012
      158013
      158014
      158015
      158016
      158017
      158018
      158019
      158020
      158021
      158022
      158023
      158497
      158498
      158499
      158500
      158501
      158502
      158503
      158504
      158505
      158506
      158507
      158508
      158509
      158510
      158511
      158512
      158987
      158988
      158989
      158990
      158991
      158992
      158993
      158994
      158995
      158996
      158997
      158998
      158999
      159000
      159001
      159477
      159478
      159479
      159480
      159481
      159482
      159483
      159484
      159485
      159486
      159487
      159488
      159489
      159490
      159967
      159968
      159969
      159970
      159971
      159972
      159973
      159974
      159975
      159976
      159977
      159978
      159979
      160457
      160458
      160459
      160460
      160461
      160462
      160463
      160464
      160465
      160466
      160467
      160468
      160947
      160948
      160949
      160950
      160951
      160952
      160953
      160954
      160955
      160956
      160957
      161436
      161437
      161438
      161439
      161440
      161441
      161442
      161443
      161444
      161445
      161446
      161926
      161927
      161928
      161929
      161930
      161931
      161932
      161933
      161934
      161935
      162416
      162417
      162418
      162419
      162420
      162421
      162422
      162423
      162424
      162905
      162906
      162907
      162908
      162909
      162910
      162911
      162912
      162913
      162914
      163395
      163396
      163397
      163398
      163399
      163400
      163401
      163402
      163403
      163885
      163886
      163887
      163888
      163889
      163890
      163891
      163892
      164374
      164375
      164376
      164377
      164378
      164379
      164380
      164381
      164864
      164865
      164866
      164867
      164868
      164869
      164870
      164871
      165354
      165358
      165359
      165360
      165843
      165844
      165845
      165846
      165847
      165848
      165849
      165850
      166333
