          45
       55804
       56290
       56298
       56787
       59235
       61684
       62171
       62179
       63638
       64126
       64138
       64139
       64624
       64633
       65099
       65111
       65121
       65598
       65608
       66073
       66084
       66095
       66571
       66582
       67058
       67545
       68044
       68532
       69019
       69507
       69508
       69509
       70494
       70495
       70496
       70497
       70991
       71482
       71945
       71962
       73425
       73901
       73904
       73905
       77818
