         369
       67946
       68434
       68435
       68436
       68922
       68924
       68925
       68926
       69409
       69410
       69411
       69412
       69414
       69415
       69416
       69897
       69898
       69901
       69903
       69904
       69905
       69906
       70386
       70388
       70389
       70391
       70392
       70393
       70394
       70395
       70396
       70874
       70875
       70876
       70877
       70878
       70881
       70882
       70883
       70884
       70885
       70886
       70887
       71362
       71363
       71364
       71365
       71366
       71367
       71368
       71369
       71370
       71371
       71372
       71373
       71374
       71375
       71376
       71377
       71850
       71851
       71852
       71853
       71854
       71855
       71856
       71857
       71858
       71859
       71860
       71861
       71862
       71863
       71864
       71865
       71866
       71867
       72338
       72339
       72340
       72341
       72342
       72343
       72344
       72345
       72346
       72347
       72348
       72349
       72350
       72351
       72352
       72353
       72354
       72355
       72356
       72357
       72827
       72828
       72829
       72830
       72831
       72832
       72833
       72834
       72835
       72836
       72837
       72838
       72839
       72840
       72841
       72842
       72843
       72844
       72845
       72846
       73314
       73315
       73317
       73318
       73319
       73320
       73321
       73322
       73323
       73324
       73325
       73326
       73327
       73328
       73329
       73330
       73331
       73332
       73333
       73334
       73335
       73802
       73803
       73805
       73807
       73808
       73809
       73810
       73811
       73812
       73813
       73814
       73815
       73816
       73817
       73818
       73819
       73820
       73821
       73822
       73823
       74291
       74294
       74295
       74296
       74297
       74298
       74299
       74300
       74301
       74302
       74303
       74304
       74305
       74306
       74307
       74308
       74309
       74310
       74311
       74312
       74779
       74781
       74782
       74784
       74785
       74786
       74787
       74788
       74789
       74790
       74791
       74792
       74793
       74794
       74795
       74796
       74797
       74798
       74799
       74800
       74801
       75268
       75271
       75272
       75273
       75274
       75275
       75276
       75277
       75278
       75279
       75280
       75281
       75282
       75283
       75284
       75285
       75286
       75287
       75288
       75289
       75290
       75756
       75757
       75758
       75760
       75761
       75762
       75763
       75764
       75765
       75766
       75767
       75768
       75769
       75770
       75771
       75772
       75773
       75774
       75775
       75776
       75777
       75778
       76245
       76246
       76247
       76248
       76250
       76251
       76252
       76253
       76254
       76255
       76256
       76257
       76258
       76259
       76260
       76261
       76262
       76263
       76264
       76265
       76266
       76267
       76735
       76736
       76737
       76740
       76741
       76742
       76743
       76744
       76745
       76746
       76747
       76748
       76749
       76750
       76751
       76752
       76753
       76754
       76755
       76756
       77225
       77226
       77227
       77229
       77230
       77231
       77232
       77233
       77234
       77235
       77236
       77237
       77238
       77239
       77240
       77241
       77242
       77243
       77244
       77715
       77716
       77717
       77718
       77719
       77720
       77721
       77722
       77723
       77724
       77725
       77726
       77728
       77729
       77730
       77731
       77732
       77733
       78206
       78207
       78208
       78209
       78210
       78211
       78212
       78213
       78214
       78215
       78217
       78218
       78219
       78220
       78697
       78698
       78699
       78700
       78701
       78702
       78703
       78704
       78707
       78708
       78709
       79188
       79189
       79190
       79193
       79195
       79196
       79198
       79199
       79680
       79681
       79682
       79684
       79685
       79686
       79687
       80173
       80174
       80175
       80176
       80660
       80661
       80662
       80663
