         683
       38021
       38998
       39488
       39975
       39977
       39978
       40464
       40465
       40466
       40467
       40952
       40954
       40956
       41443
       41445
       41930
       41933
       41934
       42419
       42420
       42422
       42908
       42909
       42911
       43395
       43399
       43400
       43882
       43883
       43884
       43885
       43886
       43887
       44366
       44371
       44372
       44373
       44374
       44375
       44376
       44844
       44855
       44860
       44861
       44862
       44863
       44864
       44865
       45344
       45349
       45350
       45351
       45352
       45353
       45827
       45838
       45839
       45840
       45841
       45842
       46319
       46327
       46328
       46329
       46330
       46816
       46817
       33137
       35579
       36068
       36069
       36557
       36558
       36562
       37044
       37045
       37046
       37047
       37050
       37534
       37535
       37536
       37538
       38023
       38024
       38025
       38026
       38027
       38028
       38511
       38512
       38513
       38514
       38515
       38516
       38517
       38999
       39000
       39001
       39002
       39003
       39004
       39005
       39489
       39490
       39491
       39492
       39493
       39979
       39980
       39981
       40468
       40469
       40957
       40958
       41446
       42423
       42927
       44392
       45359
       45848
       45857
       46337
       46826
       46834
       17994
       21414
       23368
       24345
       26787
       27764
       28252
       30206
       31183
       33625
       34602
       35602
       36091
       36556
       36579
       36580
       37051
       37068
       37539
       37540
       37556
       37557
       38044
       38045
       38532
       38534
       39021
       39510
       39997
       39998
       39999
       40486
       40487
       40974
       40975
       41462
       41463
       41464
       41951
       41952
       42439
       42440
       42928
       42929
       43416
       43417
       43904
       43905
       44393
       44394
       44881
       44882
       45369
       45370
       45858
       46346
       46347
       46835
       47300
       47305
       47792
       47795
       48284
       48768
       48769
       48773
       49257
       49258
       49262
       49747
       49751
       50240
       50727
       50729
       51218
       51706
       51707
       52194
       52195
       53170
       54638
       54645
       54646
       54647
       54648
       55134
       55136
       55137
       55623
       55625
       56114
       56603
       57091
       58068
       58552
       58555
       58556
       59044
       59045
       59532
       46331
       46332
       46335
       46818
       46819
       46820
       46821
       46822
       46823
       46824
       47306
       47307
       47308
       47309
       47310
       47311
       47312
       47313
       47782
       47798
       47799
       47800
       48287
       48288
       48289
       48776
       48777
       48778
       49265
       49266
       49754
       49755
       50244
       50736
       51225
       51705
       51708
       51714
       52196
       52197
       52203
       52682
       52684
       52685
       52692
       53181
       53668
       53669
       53670
       54149
       54156
       54157
       54158
       54159
       54644
       55128
       55133
       55622
       55624
       56111
       56112
       56113
       56601
       56602
       57090
       57577
       57579
       58066
       58067
       59042
       59043
       37533
       38022
       38510
       39463
       39487
       39976
       40953
       40955
       41441
       41442
       41444
       41931
       41932
       42418
       42421
       42907
       42910
       42912
       43396
       43397
       43398
       43401
       43888
       43889
       43890
       44377
       44378
       44379
       44866
       44867
       44868
       45337
       45340
       45354
       45355
       45356
       45357
       45843
       45844
       45845
       45846
       46333
       46334
       46338
       46825
       46827
       47314
       47315
       47805
       48299
       49274
       51718
       52206
       47323
       49275
       49763
       50252
       50741
       51230
       53183
       53671
       48300
       49276
       49764
       52207
       52695
       53672
       54160
       48301
       48789
       49277
       52208
       47812
       48788
       49765
       50253
       50742
       51231
       51719
       53184
       54161
       54649
       55138
       55626
       57092
       32160
       36070
       36559
       37048
       37049
       37537
       38029
       40470
       40485
       40959
       40973
       41447
       41935
       41936
       41950
       42424
       42425
       42913
       42914
       43402
       43403
       43404
       43415
       43891
       43892
       43893
       43903
       44380
       44381
       44382
       44869
       44870
       44871
       44872
       44880
       45358
       45360
       45361
       45368
       45847
       45849
       45850
       46336
       46339
       46345
       46828
       47316
       47804
       47806
       48293
       48294
       48295
       48782
       48783
       48784
       48785
       48786
       48787
       49272
       49273
       49762
       50737
       51226
       52693
       52694
       53182
         432
         434
         436
         917
         919
         921
         922
        1406
        1410
        1411
        1895
        1896
        1899
        1900
        2384
        2385
        2386
        2387
        2389
        2396
        2874
        2875
        2876
        3363
        3364
        3365
        3848
        3854
        3855
        3860
        4337
        4343
        4825
        4837
        5314
        5320
        5326
        5815
        6297
        7274
        7756
        8244
        8245
        8752
        9228
       10205
       11670
       12647
       34114
       35091
       35092
       35581
       36560
       36561
       37554
       38531
       39006
       39494
       39508
       39982
       40471
       40960
       41448
       41449
       41937
       41938
       42426
       42427
       42438
       42915
       42916
       42926
       43405
       43894
       44383
       44391
       44873
       45362
       45851
       45856
       46340
       46829
       46833
       47796
       47797
       47801
       47802
       48285
       48286
       48290
       48291
       48774
       48775
       48779
       48780
       49263
       49264
       49267
       49268
       49269
       49752
       49753
       49756
       49757
       49758
       50241
       50242
       50243
       50245
       50246
       50247
       50730
       50731
       50732
       50733
       50734
       50735
       51219
       51220
       51221
       51222
       51223
       51224
       51709
       51710
       51711
       51712
       51713
       52198
       52199
       52200
       52201
       52202
       52683
       52686
       52687
       52688
       52689
       52690
       52691
       53173
       53174
       53175
       53176
       53177
       53178
       53179
       53180
       53660
       53661
       53664
       53665
       53666
       53667
       54154
       54155
       54643
       55132
       55617
       55619
       56108
       56595
       56597
       56598
       56600
       57087
       57088
       57089
       57576
       57578
       58063
       58064
       58065
       58553
       58554
       59531
       47317
       47322
       47803
       47811
       48292
       48296
       49271
       49760
       49761
       50248
       50251
       51715
       51717
       52204
       52205
       55135
       56115
       57580
       57581
       58069
       58557
       59041
       59046
       59533
       59534
       60021
       60022
       60513
       60997
       61486
       61487
       61490
       61979
       65888
       65890
       47318
       47808
       48298
       50739
       51228
       47807
       47810
       48297
       48781
       49270
       49759
       50249
       50250
       50738
       50740
       51227
       51229
       51716
       47324
       50254
       50743
       51232
       52696
       53673
       55627
