          38
      207851
      208339
      208340
      209315
      209803
      210303
      210791
      210792
      211272
      211274
      211280
      211281
      211762
      211769
      211771
      211772
      212250
      212251
      212258
      212263
      212264
      212265
      212266
      212740
      212741
      212745
      212751
      212753
      213219
      213229
      213231
      213238
      213239
      213721
      213722
      214219
      215673
      217636
