          46
      114463
      117889
      118860
      118861
      119343
      119827
      120313
      120314
      120807
      120809
      120810
      121304
      122771
      123259
      123748
      124238
      124241
      124242
      124243
      124250
      124251
      124252
      124253
      124730
      124743
      125232
      125233
      125234
      125720
      126208
      126209
      126694
      126695
      126696
      127180
      127181
      127182
      127202
      127668
      127669
      127670
      128663
      129135
      130118
      130607
      132086
