          80
      220011
      220993
      220994
      221480
      221482
      221483
      221971
      221972
      221974
      221975
      221976
      222459
      222460
      222461
      222462
      222463
      222464
      222465
      222948
      222950
      222951
      222952
      222953
      222954
      223437
      223439
      223440
      223442
      223443
      223444
      223938
      223939
      223940
      223941
      223942
      223943
      224426
      224427
      224428
      224429
      224430
      224431
      224432
      224433
      224434
      224440
      224441
      224442
      224915
      224916
      224917
      224918
      224919
      224920
      224921
      224922
      224923
      224927
      224928
      225405
      225406
      225407
      225408
      225409
      225410
      225411
      225412
      225416
      225894
      225895
      225896
      225897
      225898
      225899
      225900
      225901
      225905
      225906
      226391
      226392
