          83
      166352
      169281
      169283
      169769
      169770
      169776
      169777
      170259
      170260
      170263
      170264
      170265
      170266
      170274
      170750
      170751
      170754
      171243
      171737
      172220
      172225
      172709
      172713
      172714
      172716
      173198
      173203
      173204
      173689
      173691
      173692
      174178
      174179
      174180
      174181
      174664
      174665
      174666
      175152
      175153
      175154
      175641
      175643
      176124
      176131
      176618
      176619
      177107
      177108
      177596
      177597
      178085
      178086
      178573
      178574
      179062
      179063
      179552
      180019
      181970
      182483
      182485
      182972
      183461
      183950
      183951
      185407
      185414
      185889
      185890
      185895
      185896
      185900
      186376
      186383
      186388
      186876
      187362
      187363
      187364
      187365
      187853
      188342
