         375
      110356
      110844
      110850
      110851
      111333
      111339
      111340
      111341
      111342
      111343
      111827
      111828
      111829
      111830
      111831
      111832
      111833
      111834
      111835
      112315
      112316
      112317
      112318
      112319
      112320
      112321
      112322
      112323
      112324
      112325
      112804
      112805
      112806
      112807
      112808
      112809
      112810
      112811
      112812
      112813
      112814
      112816
      112817
      112818
      112819
      113287
      113293
      113294
      113295
      113296
      113297
      113298
      113299
      113300
      113301
      113302
      113303
      113305
      113306
      113307
      113308
      113309
      113781
      113782
      113783
      113784
      113785
      113786
      113787
      113788
      113789
      113790
      113791
      113792
      113793
      113794
      113795
      113796
      113797
      113798
      114270
      114271
      114272
      114273
      114274
      114275
      114276
      114277
      114278
      114279
      114280
      114281
      114282
      114283
      114284
      114285
      114758
      114759
      114760
      114761
      114762
      114763
      114764
      114765
      114766
      114767
      114768
      114769
      114770
      114771
      114772
      114773
      114774
      114775
      115247
      115248
      115249
      115250
      115251
      115252
      115253
      115254
      115255
      115256
      115257
      115258
      115259
      115260
      115261
      115262
      115263
      115264
      115735
      115736
      115737
      115738
      115739
      115740
      115741
      115742
      115743
      115744
      115745
      115746
      115747
      115748
      115749
      115750
      115751
      115752
      115753
      116223
      116224
      116225
      116226
      116227
      116228
      116229
      116230
      116231
      116232
      116233
      116234
      116235
      116236
      116237
      116238
      116239
      116240
      116241
      116711
      116712
      116713
      116714
      116715
      116716
      116717
      116718
      116719
      116720
      116721
      116722
      116723
      116724
      116725
      116726
      116727
      116728
      116729
      117200
      117201
      117202
      117203
      117204
      117205
      117206
      117207
      117208
      117209
      117210
      117211
      117212
      117213
      117214
      117215
      117216
      117217
      117218
      117688
      117689
      117690
      117691
      117692
      117693
      117694
      117695
      117696
      117697
      117698
      117699
      117700
      117701
      117702
      117703
      117704
      117705
      117706
      117707
      118178
      118179
      118180
      118182
      118183
      118184
      118185
      118186
      118187
      118188
      118189
      118190
      118191
      118192
      118193
      118194
      118195
      118196
      118666
      118667
      118668
      118671
      118672
      118673
      118674
      118675
      118676
      118677
      118678
      118679
      118680
      118681
      118682
      118683
      118684
      118685
      119151
      119155
      119156
      119157
      119160
      119161
      119162
      119163
      119164
      119165
      119166
      119167
      119168
      119169
      119170
      119171
      119172
      119173
      119640
      119644
      119645
      119646
      119648
      119649
      119650
      119652
      119653
      119654
      119655
      119656
      119657
      119658
      119659
      119660
      119662
      120132
      120133
      120134
      120135
      120137
      120138
      120139
      120141
      120142
      120143
      120144
      120145
      120146
      120147
      120148
      120149
      120151
      120621
      120622
      120623
      120624
      120626
      120627
      120628
      120630
      120631
      120632
      120633
      120634
      120635
      120636
      120637
      120638
      120639
      121112
      121113
      121114
      121116
      121119
      121120
      121121
      121122
      121123
      121124
      121125
      121126
      121127
      121128
      121603
      121605
      121607
      121608
      121609
      121610
      121611
      121612
      121613
      121614
      121615
      121616
      121617
      122097
      122099
      122100
      122102
      122103
      122105
      122586
      122587
      122588
      122590
      122591
      122592
      122593
      123079
      123082
