         148
      102712
      103202
      103203
      103204
      103691
      103692
      103693
      103694
      103695
      103696
      104181
      104182
      104183
      104184
      104185
      104186
      104187
      104670
      104671
      104672
      104673
      104674
      104675
      104676
      104677
      105160
      105161
      105162
      105163
      105164
      105165
      105166
      105167
      105168
      105649
      105650
      105651
      105652
      105653
      105654
      105655
      105656
      105657
      105658
      106139
      106140
      106141
      106142
      106143
      106144
      106145
      106146
      106147
      106148
      106629
      106630
      106631
      106632
      106633
      106634
      106635
      106636
      106637
      106638
      107119
      107120
      107121
      107122
      107123
      107124
      107125
      107126
      107127
      107128
      107609
      107610
      107611
      107612
      107613
      107614
      107615
      107616
      107617
      107618
      108100
      108101
      108102
      108103
      108104
      108105
      108106
      108107
      108108
      108590
      108591
      108592
      108593
      108594
      108595
      108596
      108597
      108598
      109080
      109081
      109082
      109083
      109084
      109085
      109086
      109087
      109088
      109570
      109571
      109572
      109573
      109574
      109575
      109576
      109577
      109578
      110060
      110062
      110063
      110064
      110065
      110066
      110550
      110551
      110552
      110553
      110554
      110556
      110557
      110558
      111043
      111044
      111045
      111046
      111530
      111531
      111532
      111533
      111536
      111537
      112022
      112023
      112024
      112510
