         100
      192462
      192948
      192949
      192950
      192951
      193435
      193436
      193437
      193438
      193439
      193440
      193441
      193923
      193927
      193928
      193929
      193930
      194412
      194413
      194414
      194415
      194416
      194417
      194418
      194419
      194420
      194421
      194902
      194903
      194904
      194905
      194906
      194907
      194908
      194909
      195391
      195394
      195395
      195396
      195397
      195398
      195880
      195881
      195882
      195883
      195884
      195885
      195886
      195887
      195888
      196370
      196371
      196372
      196373
      196374
      196375
      196376
      196377
      196860
      196861
      196862
      196863
      196864
      196865
      196866
      197349
      197350
      197351
      197352
      197353
      197354
      197355
      197356
      197839
      197840
      197841
      197842
      197843
      197844
      197845
      198329
      198330
      198331
      198332
      198333
      198334
      198819
      198820
      198821
      198822
      198823
      198824
      199308
      199309
      199310
      199311
      199312
      199798
      199799
      199800
