          50
      193596
      193597
      194571
      194572
      194573
      195060
      195061
      195062
      195549
      195550
      195551
      196038
      196039
      196040
      196527
      196528
      197015
      197016
      197017
      197503
      197504
      197505
      197506
      197507
      197993
      197994
      197995
      198482
      198483
      198972
      199460
      199461
      199948
      199949
      199950
      200439
      200440
      200441
      200928
      200929
      201416
      201417
      201905
      202394
      202883
      203372
      203861
      204350
      204839
      205328
