         364
      100718
      101207
      101208
      101209
      101210
      101211
      101212
      101213
      101214
      101215
      101216
      101217
      101218
      101219
      101220
      101221
      101222
      101223
      101696
      101697
      101698
      101699
      101700
      101701
      101702
      101703
      101704
      101705
      101706
      101707
      101708
      101709
      101710
      101711
      101712
      102185
      102186
      102187
      102188
      102189
      102190
      102191
      102192
      102193
      102194
      102195
      102196
      102197
      102198
      102199
      102200
      102201
      102674
      102675
      102676
      102677
      102678
      102679
      102680
      102681
      102682
      102683
      102684
      102685
      102686
      102687
      102688
      102689
      102690
      103163
      103164
      103165
      103166
      103167
      103168
      103169
      103170
      103171
      103172
      103173
      103174
      103175
      103176
      103177
      103178
      103179
      103652
      103653
      103654
      103655
      103656
      103657
      103658
      103659
      103660
      103661
      103662
      103663
      103664
      103665
      103666
      103667
      103668
      104141
      104142
      104143
      104144
      104145
      104146
      104147
      104148
      104149
      104150
      104151
      104152
      104153
      104154
      104155
      104156
      104157
      104630
      104631
      104632
      104633
      104634
      104635
      104636
      104637
      104638
      104639
      104640
      104641
      104642
      104643
      104644
      104645
      104646
      105119
      105120
      105121
      105122
      105123
      105124
      105125
      105126
      105127
      105128
      105129
      105130
      105131
      105132
      105133
      105134
      105135
      105608
      105609
      105610
      105611
      105612
      105613
      105614
      105615
      105616
      105617
      105618
      105619
      105620
      105621
      105622
      105623
      105624
      106097
      106098
      106099
      106100
      106101
      106102
      106103
      106104
      106105
      106106
      106107
      106108
      106109
      106110
      106111
      106112
      106113
      106586
      106587
      106588
      106589
      106590
      106591
      106592
      106593
      106594
      106595
      106596
      106597
      106598
      106599
      106600
      106601
      106602
      107075
      107076
      107077
      107078
      107079
      107080
      107081
      107082
      107083
      107084
      107085
      107086
      107087
      107088
      107089
      107090
      107091
      107564
      107565
      107566
      107567
      107568
      107569
      107570
      107571
      107572
      107573
      107574
      107575
      107576
      107577
      107578
      107579
      107580
      108053
      108054
      108055
      108056
      108057
      108058
      108059
      108060
      108061
      108062
      108063
      108064
      108065
      108066
      108067
      108068
      108069
      108542
      108543
      108544
      108545
      108546
      108547
      108548
      108549
      108550
      108551
      108552
      108553
      108554
      108555
      108556
      108557
      108558
      109031
      109032
      109033
      109034
      109035
      109036
      109037
      109038
      109039
      109040
      109041
      109042
      109043
      109044
      109045
      109046
      109047
      109520
      109521
      109522
      109523
      109524
      109525
      109526
      109527
      109528
      109529
      109530
      109531
      109532
      109533
      109534
      109535
      109536
      110009
      110010
      110011
      110012
      110013
      110014
      110015
      110016
      110017
      110018
      110019
      110020
      110021
      110022
      110023
      110024
      110025
      110498
      110499
      110500
      110501
      110502
      110503
      110504
      110505
      110506
      110507
      110508
      110510
      110511
      110513
      110514
      110987
      110988
      110989
      110990
      110991
      110992
      110993
      110994
      110995
      110996
      110998
      110999
      111000
      111001
      111002
      111003
      111482
      111483
      111484
      111487
      111488
      111489
      111491
      111492
      111980
