         234
      158006
      158489
      158490
      158495
      158496
      158977
      158978
      158979
      158983
      158984
      158985
      158986
      159467
      159468
      159469
      159471
      159472
      159473
      159474
      159475
      159476
      159956
      159957
      159958
      159960
      159961
      159962
      159963
      159964
      159965
      159966
      160446
      160447
      160448
      160449
      160450
      160451
      160452
      160453
      160454
      160455
      160456
      160935
      160936
      160937
      160938
      160939
      160940
      160941
      160942
      160943
      160944
      160945
      160946
      161425
      161426
      161427
      161428
      161429
      161430
      161431
      161432
      161433
      161434
      161435
      161914
      161915
      161916
      161917
      161918
      161919
      161920
      161921
      161922
      161923
      161924
      161925
      162404
      162405
      162406
      162407
      162408
      162409
      162410
      162411
      162412
      162413
      162414
      162415
      162893
      162894
      162895
      162896
      162897
      162898
      162899
      162900
      162901
      162902
      162903
      162904
      163383
      163384
      163385
      163386
      163387
      163388
      163389
      163390
      163391
      163392
      163393
      163394
      163872
      163873
      163874
      163875
      163876
      163877
      163878
      163879
      163880
      163881
      163882
      163883
      163884
      164362
      164363
      164364
      164365
      164366
      164367
      164368
      164369
      164370
      164371
      164372
      164373
      164851
      164852
      164853
      164854
      164855
      164856
      164857
      164858
      164859
      164860
      164861
      164862
      164863
      165341
      165342
      165343
      165344
      165345
      165346
      165347
      165348
      165349
      165350
      165351
      165352
      165353
      165830
      165831
      165832
      165833
      165834
      165835
      165836
      165837
      165838
      165839
      165840
      165841
      165842
      166320
      166321
      166322
      166323
      166324
      166325
      166326
      166327
      166328
      166329
      166330
      166331
      166332
      166810
      166811
      166812
      166813
      166814
      166815
      166816
      166817
      166818
      166819
      166820
      166821
      167299
      167300
      167301
      167302
      167303
      167304
      167305
      167306
      167307
      167308
      167309
      167310
      167789
      167790
      167791
      167792
      167793
      167794
      167795
      167796
      168279
      168280
      168281
      168282
      168283
      168284
      168769
      168770
      168771
      169258
      169259
      169260
