         140
      166465
      166959
      169871
      169891
      170381
      170384
      170853
      170860
      171344
      171347
      171351
      171352
      171353
      171354
      171821
      171822
      171823
      171835
      171836
      171837
      171838
      171846
      172312
      172316
      172329
      172332
      172810
      173293
      173299
      173300
      173301
      173302
      173305
      173782
      173792
      173797
      174273
      174274
      174281
      174282
      174284
      174286
      174289
      174293
      174757
      174764
      174765
      174774
      174775
      175248
      175249
      175252
      175268
      175269
      175733
      175735
      175744
      175749
      175750
      176214
      176218
      176221
      176225
      176237
      176704
      176706
      176709
      176710
      176714
      176720
      176725
      177198
      177199
      177208
      177213
      177701
      177704
      178179
      178192
      178193
      178199
      178659
      178672
      178680
      178683
      178684
      178685
      179167
      180142
      180146
      180147
      180640
      180641
      181131
      181132
      181615
      181616
      181617
      181618
      181619
      182085
      182091
      182092
      182100
      182101
      182102
      182103
      182104
      182105
      182106
      182107
      182108
      182109
      182110
      182111
      182113
      182584
      182585
      182586
      182587
      182588
      182589
      182590
      182591
      182592
      182593
      182601
      183070
      183071
      183072
      183073
      183079
      183080
      183081
      183082
      183083
      183564
      183565
      183566
      183567
