         112
       68401
       69866
       70354
       71356
       71821
       71847
       72309
       72316
       72332
       72334
       72796
       72805
       72806
       72807
       72824
       73285
       73286
       73291
       73292
       73293
       73294
       73295
       73296
       73297
       73779
       73785
       73786
       73787
       73800
       74267
       74268
       74275
       74276
       74755
       74756
       74757
       74764
       74765
       74766
       75243
       75252
       75253
       75254
       75255
       75264
       75729
       75741
       75742
       75743
       75744
       75749
       76219
       76230
       76231
       76232
       76233
       76236
       76719
       76720
       76721
       76722
       76725
       77207
       77208
       77209
       77210
       77211
       77696
       77697
       77698
       77699
       77700
       77701
       77704
       77705
       78185
       78186
       78187
       78188
       78189
       78190
       78674
       78675
       78676
       78677
       78678
       78679
       78681
       79162
       79164
       79165
       79166
       79167
       79168
       79651
       79652
       79653
       79656
       79657
       80141
       80142
       80145
       80628
       81116
       81117
       81118
       81605
       81609
       81610
       82093
       82581
       83074
