         236
       65962
       66451
       66452
       66453
       66454
       66455
       66456
       66457
       66458
       66459
       66460
       66461
       66940
       66941
       66942
       66943
       66944
       66945
       66946
       66947
       66948
       66949
       66950
       66951
       66952
       67431
       67432
       67433
       67434
       67435
       67436
       67437
       67438
       67439
       67440
       67441
       67442
       67443
       67915
       67921
       67922
       67923
       67924
       67925
       67926
       67927
       67928
       67929
       67930
       67931
       67932
       67933
       68404
       68405
       68411
       68412
       68413
       68414
       68415
       68416
       68417
       68418
       68419
       68420
       68421
       68422
       68423
       68900
       68901
       68902
       68903
       68904
       68905
       68906
       68907
       68908
       68909
       68910
       68911
       68912
       68913
       69387
       69388
       69389
       69390
       69391
       69392
       69393
       69394
       69395
       69396
       69397
       69398
       69399
       69400
       69401
       69402
       69403
       69404
       69876
       69877
       69878
       69879
       69880
       69881
       69882
       69883
       69884
       69885
       69886
       69887
       69888
       69889
       69890
       69891
       69892
       69893
       69894
       70366
       70367
       70368
       70369
       70370
       70371
       70372
       70373
       70374
       70375
       70376
       70377
       70378
       70379
       70380
       70381
       70382
       70383
       70384
       70857
       70858
       70859
       70860
       70861
       70862
       70863
       70864
       70865
       70866
       70867
       70868
       70869
       70870
       70871
       70872
       71342
       71343
       71344
       71345
       71346
       71347
       71348
       71349
       71350
       71351
       71352
       71353
       71355
       71357
       71832
       71833
       71834
       71835
       71836
       71837
       71838
       71839
       71840
       71841
       71842
       71843
       71845
       72322
       72323
       72324
       72325
       72326
       72327
       72328
       72329
       72330
       72331
       72335
       72336
       72812
       72813
       72814
       72815
       72816
       72817
       72818
       72819
       72820
       72821
       72822
       73303
       73304
       73305
       73306
       73307
       73308
       73309
       73312
       73792
       73793
       73794
       73795
       73796
       73797
       73798
       74282
       74283
       74284
       74285
       74286
       74287
       74772
       74773
       74774
       74775
       74776
       75263
       75750
       76238
       76726
       76728
       77216
       81638
