         368
      167743
      168230
      168231
      168232
      168233
      168715
      168716
      168717
      168718
      168719
      168720
      168721
      168722
      169199
      169200
      169201
      169202
      169203
      169204
      169205
      169206
      169207
      169208
      169209
      169210
      169211
      169684
      169685
      169686
      169687
      169688
      169689
      169690
      169691
      169692
      169693
      169694
      169695
      169696
      169697
      169698
      169699
      169700
      169701
      170173
      170174
      170175
      170176
      170177
      170178
      170179
      170180
      170181
      170182
      170183
      170184
      170185
      170186
      170187
      170188
      170189
      170190
      170191
      170662
      170663
      170664
      170665
      170666
      170667
      170668
      170669
      170670
      170671
      170672
      170673
      170674
      170675
      170676
      170677
      170678
      170679
      170680
      171151
      171152
      171153
      171154
      171155
      171156
      171157
      171158
      171159
      171160
      171161
      171162
      171163
      171164
      171165
      171166
      171167
      171168
      171169
      171170
      171640
      171641
      171642
      171643
      171644
      171645
      171646
      171647
      171648
      171649
      171650
      171651
      171652
      171653
      171654
      171655
      171656
      171657
      171658
      171659
      171660
      172129
      172130
      172131
      172132
      172133
      172134
      172135
      172136
      172137
      172138
      172139
      172140
      172141
      172142
      172143
      172144
      172145
      172146
      172147
      172148
      172149
      172618
      172619
      172620
      172621
      172622
      172623
      172624
      172625
      172626
      172627
      172628
      172629
      172630
      172631
      172632
      172633
      172634
      172635
      172636
      172637
      172638
      172639
      173107
      173108
      173109
      173110
      173111
      173112
      173113
      173114
      173115
      173116
      173117
      173118
      173119
      173120
      173121
      173122
      173123
      173124
      173125
      173126
      173127
      173128
      173129
      173596
      173597
      173598
      173599
      173600
      173601
      173602
      173603
      173604
      173605
      173606
      173607
      173608
      173609
      173610
      173611
      173612
      173613
      173614
      173615
      173616
      173617
      173618
      173619
      174085
      174086
      174087
      174088
      174089
      174090
      174091
      174092
      174093
      174094
      174095
      174096
      174097
      174098
      174099
      174100
      174101
      174102
      174103
      174104
      174105
      174106
      174107
      174108
      174109
      174574
      174575
      174576
      174577
      174578
      174579
      174580
      174581
      174582
      174583
      174584
      174585
      174586
      174587
      174588
      174589
      174590
      174591
      174592
      174593
      174594
      174595
      174596
      174597
      175063
      175064
      175065
      175066
      175067
      175068
      175069
      175070
      175071
      175072
      175073
      175074
      175075
      175076
      175077
      175078
      175079
      175080
      175081
      175082
      175083
      175084
      175085
      175086
      175087
      175552
      175553
      175554
      175555
      175556
      175557
      175558
      175559
      175560
      175561
      175562
      175563
      175564
      175565
      175566
      175567
      175568
      175569
      175570
      175571
      175572
      175573
      175574
      175575
      175576
      176043
      176044
      176045
      176046
      176047
      176048
      176049
      176050
      176051
      176052
      176053
      176054
      176055
      176056
      176057
      176058
      176059
      176060
      176061
      176062
      176063
      176064
      176066
      176539
      176540
      176541
      176542
      176543
      176544
      176545
      176546
      176547
      176548
      176549
      176552
      176553
      176554
      177032
      177033
      177034
      177035
      177037
      177039
      177040
      177043
      177524
      177526
      177527
      177528
      177529
      177531
      178015
      178016
      178019
      178507
      178996
