         372
      153749
      153750
      153751
      153752
      153753
      153754
      154232
      154233
      154234
      154235
      154236
      154237
      154238
      154239
      154240
      154241
      154717
      154718
      154719
      154720
      154721
      154722
      154723
      154724
      154725
      154726
      154727
      154728
      154729
      154730
      155202
      155203
      155204
      155205
      155206
      155207
      155208
      155209
      155210
      155211
      155214
      155215
      155216
      155217
      155218
      155219
      155222
      155687
      155688
      155689
      155690
      155691
      155692
      155693
      155694
      155695
      155703
      155704
      155705
      155706
      155707
      155708
      156175
      156177
      156178
      156179
      156180
      156191
      156192
      156193
      156194
      156195
      156196
      156661
      156662
      156663
      156664
      156665
      156666
      156667
      156679
      156680
      156681
      156682
      156683
      156684
      157149
      157150
      157151
      157152
      157153
      157167
      157168
      157169
      157171
      157172
      157175
      157176
      157639
      157655
      157656
      157657
      157658
      157659
      157662
      157663
      157664
      158127
      158128
      158142
      158143
      158144
      158145
      158146
      158147
      158148
      158149
      158150
      158151
      158156
      158629
      158630
      158631
      158632
      158633
      158634
      158635
      158636
      158638
      158639
      159117
      159118
      159119
      159120
      159122
      159123
      159124
      159125
      159126
      159132
      159606
      159607
      159608
      159609
      159610
      159611
      159612
      159613
      159614
      159619
      159620
      159621
      160093
      160094
      160096
      160097
      160098
      160099
      160100
      160101
      160107
      160108
      160109
      160110
      160111
      160113
      160582
      160583
      160584
      160585
      160586
      160587
      160588
      160589
      160590
      160595
      160596
      160598
      160599
      160600
      161070
      161071
      161072
      161073
      161074
      161075
      161076
      161077
      161078
      161084
      161085
      161086
      161087
      161088
      161089
      161558
      161559
      161560
      161561
      161562
      161563
      161564
      161565
      161566
      161572
      161573
      161574
      161575
      161576
      161577
      161578
      161579
      162046
      162047
      162049
      162050
      162051
      162052
      162053
      162054
      162060
      162061
      162062
      162063
      162064
      162065
      162066
      162067
      162068
      162534
      162535
      162536
      162537
      162538
      162539
      162540
      162541
      162542
      162548
      162549
      162550
      162551
      162552
      162553
      162554
      162555
      162556
      162557
      163022
      163023
      163024
      163025
      163026
      163027
      163028
      163029
      163030
      163031
      163036
      163037
      163038
      163039
      163040
      163041
      163042
      163043
      163044
      163045
      163046
      163047
      163511
      163512
      163513
      163514
      163515
      163518
      163525
      163526
      163527
      163528
      163529
      163530
      163531
      163532
      163533
      163534
      163535
      163536
      164001
      164002
      164004
      164005
      164006
      164007
      164013
      164014
      164015
      164016
      164017
      164018
      164019
      164020
      164021
      164022
      164023
      164024
      164025
      164494
      164502
      164503
      164504
      164505
      164506
      164507
      164508
      164509
      164510
      164511
      164512
      164513
      164514
      164991
      164992
      164993
      164995
      164996
      164997
      164998
      164999
      165000
      165001
      165002
      165003
      165004
      165481
      165482
      165483
      165484
      165485
      165486
      165487
      165488
      165489
      165491
      165492
      165493
      165971
      165972
      165973
      165974
      165975
      165976
      165977
      165978
      165979
      165980
      165981
      165982
      166461
      166462
      166463
      166464
      166469
      166470
      166471
      166952
      166953
      166954
      166955
      166956
      166957
      166958
