         522
       58060
       58544
       58546
       58547
       58549
       59032
       59033
       59035
       59036
       59038
       59039
       59516
       59520
       59522
       59524
       59525
       59527
       60005
       60009
       60010
       60011
       60013
       60014
       60016
       60017
       60492
       60493
       60494
       60498
       60499
       60500
       60501
       60502
       60503
       60505
       60506
       60981
       60982
       60983
       60987
       60988
       60989
       60990
       60991
       60992
       60994
       60995
       61470
       61471
       61477
       61478
       61479
       61480
       61481
       61482
       61483
       61484
       61960
       61965
       61966
       61967
       61968
       61969
       61970
       61971
       61972
       61973
       61974
       62449
       62454
       62455
       62456
       62457
       62458
       62459
       62460
       62461
       62462
       62463
       62942
       62943
       62944
       62945
       62946
       62947
       62948
       62949
       62950
       62951
       62952
       63427
       63431
       63432
       63433
       63434
       63435
       63436
       63437
       63438
       63439
       63440
       63441
       63916
       63920
       63921
       63922
       63923
       63924
       63925
       63926
       63927
       63928
       63929
       63930
       64409
       64410
       64411
       64412
       64413
       64414
       64415
       64416
       64417
       64418
       64419
       64898
       64899
       64900
       64901
       64902
       64903
       64904
       64905
       64906
       64907
       64908
       65387
       65388
       65389
       65390
       65391
       65392
       65393
       65394
       65395
       65396
       65397
       65398
       65876
       65877
       65878
       65879
       65880
       65881
       65882
       65883
       65884
       65885
       65886
       65887
       66365
       66366
       66367
       66368
       66369
       66370
       66371
       66372
       66373
       66374
       66375
       66376
       66854
       66855
       66856
       66857
       66858
       66859
       66860
       66861
       66862
       66863
       66864
       66865
       67343
       67344
       67345
       67346
       67347
       67348
       67349
       67350
       67351
       67352
       67353
       67354
       67832
       67833
       67834
       67835
       67836
       67837
       67838
       67839
       67840
       67841
       67842
       67843
       68321
       68322
       68323
       68324
       68325
       68326
       68327
       68328
       68329
       68330
       68331
       68332
       68809
       68810
       68811
       68812
       68813
       68814
       68815
       68816
       68817
       68818
       68819
       68820
       68821
       69298
       69299
       69300
       69301
       69302
       69303
       69304
       69305
       69306
       69307
       69308
       69309
       69310
       69787
       69788
       69789
       69790
       69791
       69792
       69793
       69794
       69795
       69796
       69797
       69798
       69799
       70276
       70277
       70278
       70279
       70280
       70281
       70282
       70283
       70284
       70285
       70286
       70287
       70288
       70765
       70766
       70767
       70768
       70769
       70770
       70771
       70772
       70773
       70774
       70775
       70776
       70777
       71253
       71254
       71255
       71256
       71257
       71258
       71259
       71260
       71261
       71262
       71263
       71264
       71265
       71266
       71742
       71743
       71744
       71745
       71746
       71747
       71748
       71749
       71750
       71751
       71752
       71753
       71754
       71755
       72231
       72232
       72233
       72234
       72235
       72236
       72237
       72238
       72239
       72240
       72241
       72242
       72243
       72244
       72720
       72721
       72722
       72723
       72724
       72725
       72726
       72727
       72728
       72729
       72730
       72731
       72732
       72733
       73209
       73210
       73211
       73212
       73213
       73214
       73215
       73216
       73217
       73218
       73219
       73220
       73221
       73222
       73698
       73699
       73700
       73701
       73702
       73703
       73704
       73705
       73706
       73707
       73708
       73709
       73710
       73711
       74187
       74189
       74190
       74191
       74192
       74193
       74194
       74195
       74196
       74197
       74198
       74199
       74200
       74675
       74676
       74678
       74679
       74680
       74681
       74682
       74683
       74684
       74685
       74686
       74687
       74688
       74689
       75164
       75165
       75166
       75167
       75168
       75169
       75170
       75171
       75172
       75173
       75174
       75175
       75176
       75177
       75178
       75179
       75653
       75654
       75655
       75656
       75657
       75658
       75659
       75660
       75661
       75662
       75663
       75664
       75665
       75666
       75667
       75668
       76142
       76143
       76144
       76145
       76146
       76147
       76148
       76149
       76150
       76151
       76152
       76153
       76154
       76155
       76156
       76157
       76630
       76631
       76632
       76633
       76634
       76635
       76636
       76637
       76638
       76639
       76640
       76641
       76642
       76643
       76644
       76646
       77119
       77120
       77121
       77122
       77123
       77124
       77125
       77126
       77127
       77128
       77129
       77130
       77131
       77132
       77133
       77607
       77608
       77609
       77610
       77611
       77612
       77613
       77614
       77615
       77616
       77617
       77618
       77619
       77620
       77621
       77622
       78096
       78097
       78098
       78099
       78100
       78101
       78102
       78103
       78104
       78105
       78106
       78107
       78108
       78109
       78110
       78111
       78112
       78585
       78588
       78590
       78591
       78592
       78593
       78594
       78595
       78596
       78597
       78598
       78599
       78600
       78601
