          56
       75361
       75848
       75856
       76340
       76346
       76822
       77325
       77798
       77815
       78303
       79237
       80223
       80711
       81214
       81235
       82166
       83638
       84127
       84615
       84630
       85103
       85584
       85592
       86077
       86078
       86095
       86566
       86567
       86568
       87056
       87545
       88026
       88033
       88536
       89003
       89006
       89010
       89492
       89982
       90001
       90487
       90978
       91454
       92927
       94876
       95370
       96342
       96347
       97324
       98297
       98301
       99278
      102209
      102698
      103187
      105631
