         133
         315
         316
         803
         805
        1294
        2269
        2271
        2758
        2760
        3243
        3244
        3245
        3246
        3247
        3731
        3732
        3733
        3734
        3735
        3736
        3737
        4220
        4221
        4222
        4223
        4224
        4225
        4226
        4707
        4708
        4709
        4710
        4711
        4712
        4713
        4714
        5196
        5197
        5198
        5199
        5200
        5201
        5202
        5684
        5685
        5686
        5687
        5688
        5691
        6172
        6173
        6174
        6175
        6660
        6661
        7149
        7150
        7637
        7638
        7639
        8126
        8127
        8128
        8615
        9104
        9593
       10082
       10084
       10573
       11060
       11062
       11548
       11549
       11550
       12037
       12038
       12039
       12525
       12526
       12529
       12530
       13014
       13016
       13018
       13019
       13502
       13505
       13506
       13507
       13987
       13988
       13990
       13991
       14465
       14475
       14964
       14966
       15453
       15454
       15455
       15921
       15942
       15943
       15945
       16412
       16434
       16896
       17387
       17390
       17393
       17882
       17884
       17898
       18372
       18373
       18383
       18384
       18849
       19356
       19830
       19844
       19856
       20318
       20319
       20334
       20345
       20346
       20347
       20837
       21329
       22277
       24269
       24270
