          40
      161972
      162462
      162936
      163929
      164418
      164907
      167350
      176138
      177113
      177601
      180043
      180063
      181038
      182976
      183464
      184441
      184940
      184945
      185418
      185428
      185432
      185918
      185919
      186913
      188375
      188862
      191811
      192297
      193272
      193759
      195707
      191815
      191817
      193290
      195256
      225066
      227516
      229471
      231425
      231913
