          80
       65443
       65931
       66420
       66909
       67396
       67885
       68373
       68861
       68862
       69350
       69831
       69832
       69833
       69834
       69835
       70319
       70324
       70325
       70326
       70327
       70803
       70804
       70805
       70806
       70807
       70808
       70813
       70814
       70815
       71290
       71291
       71292
       71293
       71294
       71295
       71296
       71301
       71302
       71303
       71304
       71779
       71780
       71781
       71782
       71783
       71784
       71790
       71791
       71792
       72269
       72270
       72271
       72279
       72280
       72759
       72766
       72767
       72768
       73247
       73248
       73254
       73255
       73256
       73734
       73735
       73736
       73743
       73744
       74223
       74224
       74231
       74232
       74712
       74713
       74720
       74721
       75200
       75201
       75689
       76178
