          85
       23369
       23858
       23879
       24362
       24365
       24851
       25323
       25340
       25341
       25811
       25829
       25830
       25832
       26309
       26316
       26317
       26318
       26319
       26320
       26788
       26797
       26798
       26803
       26804
       26805
       26808
       27285
       27286
       27287
       27291
       27292
       27774
       27775
       27776
       27780
       28253
       28266
       28267
       28268
       28269
       28273
       28755
       28756
       28757
       28758
       29230
       29244
       29245
       29246
       29732
       29733
       29734
       30207
       30221
       30222
       30223
       30710
       30711
       31199
       31200
       31687
       31688
       31689
       32176
       32177
       32178
       32665
       32666
       32667
       33154
       33155
       33156
       33643
       33644
       33645
       34132
       34133
       34134
       34621
       34622
       34623
       35110
       35111
       35599
       35600
