          45
      122568
      123056
      123548
      124032
      124036
      124520
      125010
      125011
      125017
      125499
      125500
      125985
      126960
      127448
      127451
      127939
      127947
      128425
      128426
      128913
      128915
      129887
      129900
      129911
      130377
      130865
      131374
      131865
      131877
      132328
      132816
      132840
      132854
      133324
      133809
      133810
      133811
      134298
      134787
      135255
      135257
      135273
      136232
      137227
      137714
