          68
       48342
       50296
       52249
       54203
       54691
       54692
       56159
       56648
       56671
       57137
       57155
       57156
       57627
       57641
       58116
       58129
       58605
       58606
       58607
       58616
       58617
       58618
       58619
       59094
       59095
       59096
       59106
       59107
       59108
       59109
       59584
       59585
       60072
       60078
       60079
       60082
       60559
       60568
       60569
       60570
       61042
       61043
       61047
       61060
       61061
       61062
       61532
       61533
       61534
       61535
       61551
       62023
       62040
       62511
       62512
       62529
       63507
       63997
       63998
       64953
       64954
       64955
       64956
       65442
       65930
       66419
       66908
       67884
