         114
      200844
      201332
      201333
      201334
      201820
      201821
      201822
      201823
      201824
      202309
      202310
      202311
      202312
      202313
      202314
      202315
      202797
      202798
      202799
      202800
      202801
      202802
      202803
      202804
      202805
      203286
      203287
      203288
      203289
      203290
      203291
      203292
      203293
      203774
      203775
      203776
      203777
      203778
      203779
      203780
      203781
      203782
      204263
      204264
      204265
      204266
      204267
      204268
      204269
      204270
      204751
      204752
      204753
      204754
      204755
      204756
      204757
      204758
      204759
      205240
      205241
      205242
      205243
      205244
      205245
      205246
      205247
      205729
      205730
      205731
      205732
      205733
      205734
      205735
      205736
      206217
      206218
      206219
      206220
      206221
      206222
      206223
      206224
      206225
      206706
      206707
      206708
      206709
      206710
      206711
      206712
      206713
      207194
      207195
      207196
      207197
      207198
      207199
      207200
      207201
      207202
      207683
      207684
      207685
      207686
      207687
      207688
      207689
      207690
      208175
      208176
      208177
      208178
      208179
