          56
      141616
      142590
      143081
      143577
      144052
      144059
      144535
      144548
      145031
      146004
      146492
      146497
      148453
      148949
      148950
      149440
      149446
      149927
      149934
      150421
      150901
      150907
      150908
      150910
      150919
      150929
      151394
      151395
      151400
      151417
      151879
      151882
      151884
      151902
      152366
      152369
      152370
      152382
      152395
      152863
      152866
      152884
      153341
      153344
      153350
      153351
      153352
      153855
      154340
      154353
      154801
      155803
      156290
      157740
      157742
      158234
