          40
      162289
      162780
      163270
      163272
      163762
      164252
      164253
      164255
      164738
      164740
      164743
      164744
      165227
      165232
      165235
      165718
      165719
      165720
      165722
      165724
      166192
      166205
      166206
      166208
      166209
      166211
      166213
      166697
      166701
      166702
      167169
      167191
      167671
      168158
      168647
      169136
      169137
      169625
      171580
      172068
