          80
      215633
      215634
      215635
      216612
      216613
      216619
      216620
      216621
      217100
      217101
      217103
      217590
      217591
      217592
      217593
      218086
      218572
      219061
      219550
      220037
      220038
      220039
      220040
      220049
      220526
      220527
      220528
      220529
      220538
      221015
      221016
      221017
      221018
      221027
      221028
      221504
      221505
      221506
      221507
      221517
      221993
      221994
      221995
      221996
      222482
      222483
      222484
      222485
      222486
      222971
      222972
      222973
      222974
      222975
      223460
      223461
      223462
      223463
      223464
      223944
      223945
      223948
      223949
      223950
      223951
      223952
      223953
      224436
      224437
      224438
      224439
      224924
      224925
      224926
      225413
      225414
      225415
      225903
      225904
      225917
