         379
      221966
      222455
      222456
      222941
      222944
      222945
      222946
      223429
      223431
      223432
      223433
      223434
      223435
      223920
      223921
      223922
      223923
      223924
      224409
      224410
      224411
      224412
      224413
      224414
      224415
      224419
      224420
      224421
      224422
      224423
      224898
      224899
      224900
      224901
      224902
      224903
      224904
      224905
      224906
      224907
      224908
      224909
      224910
      224911
      224912
      224913
      225387
      225388
      225389
      225390
      225391
      225392
      225393
      225394
      225395
      225396
      225397
      225398
      225399
      225400
      225401
      225402
      225876
      225877
      225878
      225879
      225880
      225881
      225882
      225883
      225884
      225885
      225886
      225887
      225888
      225889
      225890
      225891
      226365
      226366
      226367
      226368
      226369
      226370
      226371
      226372
      226373
      226374
      226379
      226380
      226854
      226855
      226856
      226857
      226858
      226859
      226860
      226861
      226862
      226863
      226864
      226867
      226868
      226869
      226870
      226871
      227343
      227344
      227345
      227346
      227347
      227348
      227349
      227350
      227353
      227356
      227357
      227358
      227359
      227360
      227361
      227362
      227363
      227364
      227365
      227366
      227367
      227368
      227369
      227372
      227373
      227374
      227375
      227833
      227834
      227835
      227836
      227837
      227838
      227839
      227840
      227842
      227846
      227847
      227848
      227849
      227850
      227851
      227852
      227853
      227854
      227855
      227856
      227857
      227858
      227859
      227860
      227861
      227862
      227863
      228322
      228323
      228324
      228325
      228326
      228327
      228328
      228329
      228335
      228336
      228337
      228338
      228339
      228340
      228341
      228342
      228343
      228344
      228345
      228346
      228347
      228348
      228349
      228350
      228351
      228812
      228813
      228814
      228815
      228816
      228817
      228818
      228825
      228826
      228827
      228828
      228829
      228830
      228831
      228832
      228833
      228834
      228835
      228836
      228837
      228838
      228839
      229301
      229302
      229303
      229304
      229305
      229306
      229307
      229314
      229315
      229316
      229317
      229318
      229319
      229320
      229321
      229322
      229323
      229324
      229325
      229326
      229790
      229791
      229792
      229793
      229794
      229795
      229796
      229803
      229804
      229805
      229806
      229807
      229808
      229809
      229810
      229811
      229812
      229813
      229814
      229815
      230279
      230280
      230281
      230282
      230283
      230284
      230285
      230291
      230292
      230293
      230294
      230295
      230296
      230297
      230298
      230299
      230300
      230301
      230302
      230303
      230768
      230769
      230770
      230771
      230772
      230773
      230774
      230780
      230781
      230782
      230783
      230784
      230785
      230786
      230787
      230788
      230789
      230790
      230791
      230792
      231257
      231258
      231259
      231260
      231261
      231262
      231263
      231269
      231270
      231271
      231272
      231273
      231274
      231275
      231276
      231277
      231278
      231279
      231280
      231281
      231746
      231747
      231748
      231749
      231750
      231751
      231752
      231753
      231756
      231757
      231758
      231759
      231760
      231761
      231762
      231763
      231764
      231765
      231766
      231767
      231768
      231769
      231770
      232235
      232236
      232237
      232238
      232239
      232240
      232241
      232242
      232244
      232245
      232246
      232247
      232248
      232249
      232250
      232251
      232252
      232253
      232254
      232255
      232256
      232257
      232258
      232259
      232724
      232725
      232726
      232727
      232728
      232729
      232730
      232731
      232732
      232733
      232734
      232735
      232736
      232737
      232738
      232739
      232740
      232741
      232742
      232743
      232744
      232745
      232746
      232747
      232748
