          52
      209278
      209281
      209286
      209765
      209766
      209777
      209778
      210254
      210267
      210754
      210756
      211232
      211238
      211239
      211245
      211246
      211248
      211722
      211723
      211727
      211728
      211735
      212211
      212214
      212217
      212218
      212703
      212707
      212711
      212714
      213190
      213193
      213196
      213680
      213682
      213685
      213690
      214170
      214172
      214174
      214175
      214659
      214661
      214663
      214664
      214670
      215147
      215150
      215153
      215639
      216127
      216132
