         199
      189670
      190637
      190638
      190639
      191137
      191626
      192115
      192596
      192604
      193088
      193093
      193570
      193577
      193582
      193583
      193584
      194066
      194071
      194072
      194073
      194074
      194075
      194076
      194553
      194554
      194555
      194560
      194561
      194562
      194563
      194564
      194565
      195040
      195041
      195044
      195045
      195046
      195047
      195049
      195050
      195051
      195052
      195053
      195054
      195529
      195533
      195534
      195535
      195536
      195537
      195538
      195539
      195542
      195543
      196016
      196018
      196022
      196023
      196024
      196025
      196026
      196027
      196028
      196031
      196032
      196033
      196504
      196505
      196507
      196508
      196509
      196510
      196511
      196512
      196513
      196514
      196515
      196516
      196517
      196518
      196522
      196993
      196994
      196996
      196997
      196998
      196999
      197000
      197001
      197002
      197003
      197004
      197005
      197006
      197007
      197008
      197011
      197482
      197483
      197484
      197485
      197486
      197487
      197488
      197489
      197490
      197491
      197492
      197493
      197494
      197495
      197496
      197497
      197498
      197500
      197501
      197971
      197972
      197973
      197974
      197975
      197976
      197977
      197978
      197979
      197980
      197981
      197982
      197983
      197984
      197985
      197986
      197987
      197989
      197990
      198460
      198461
      198462
      198463
      198464
      198465
      198466
      198467
      198468
      198469
      198470
      198471
      198472
      198473
      198474
      198475
      198476
      198478
      198949
      198950
      198951
      198952
      198953
      198954
      198955
      198956
      198957
      198958
      198959
      198960
      198961
      198962
      198963
      198964
      198965
      198966
      198967
      199439
      199440
      199441
      199442
      199444
      199445
      199446
      199447
      199449
      199450
      199451
      199452
      199453
      199454
      199455
      199456
      199928
      199929
      199930
      199934
      199935
      199938
      199939
      199940
      199944
      200428
      200431
