          41
      109355
      109363
      110332
      110342
      111309
      111797
      111805
      112781
      113269
      113750
      113757
      114238
      114245
      114246
      114726
      114733
      115214
      115222
      115702
      116198
      116216
      116677
      117175
      117194
      117663
      118138
      118625
      118641
      119111
      119132
      119617
      120104
      120592
      120593
      121081
      121590
      122545
      123033
      123522
      123532
      124012
