         111
      195254
      195744
      195745
      195746
      196232
      196233
      196234
      196235
      196236
      196237
      196721
      196722
      196723
      196724
      196725
      196726
      197210
      197211
      197212
      197213
      197214
      197215
      197216
      197698
      197699
      197700
      197701
      197702
      197703
      197704
      197705
      198187
      198188
      198189
      198190
      198191
      198192
      198193
      198675
      198676
      198677
      198678
      198679
      198680
      198681
      198682
      199164
      199165
      199166
      199167
      199168
      199169
      199170
      199653
      199654
      199655
      199656
      199657
      199658
      200140
      200141
      200143
      200144
      200145
      200146
      200147
      200630
      200631
      200632
      200635
      200636
      201118
      201121
      201122
      201123
      201124
      201125
      201145
      201606
      201607
      201608
      201609
      201610
      201611
      201612
      201613
      202096
      202097
      202098
      202099
      202100
      202101
      202102
      202584
      202585
      202586
      202587
      202588
      202589
      202590
      202591
      203072
      203073
      203074
      203075
      203079
      206016
      207478
      207965
      207966
      208455
