          76
      187399
      187888
      191774
      192263
      193245
      194225
      195194
      195196
      195203
      195683
      195688
      195691
      195692
      196171
      196178
      196179
      196180
      196660
      196661
      196662
      196663
      196664
      196667
      196668
      196669
      197149
      197150
      197151
      197152
      197153
      197156
      197157
      197638
      197639
      197640
      197641
      197642
      198127
      198128
      198129
      198130
      198131
      198616
      198617
      198618
      198619
      198620
      199105
      199106
      199107
      199108
      199109
      199594
      199595
      199596
      199597
      199598
      200083
      200084
      200085
      200086
      200087
      200572
      200573
      200574
      200575
      200576
      201062
      201063
      201064
      201065
      201066
      201552
      201553
      201554
      202042
