          42
      207283
      207772
      208260
      208749
      209237
      209715
      209716
      209726
      210201
      210202
      210203
      210204
      210205
      210206
      210689
      210690
      210697
      210698
      210703
      211176
      211177
      211178
      211179
      211189
      211190
      211191
      211192
      211665
      211666
      211667
      211668
      211681
      212157
      212158
      212165
      212168
      212657
      212658
      213129
      213147
      214103
      214598
