          46
        7194
        8661
        8662
        9149
        9150
        9151
        9153
        9638
        9639
        9640
        9642
       10127
       10128
       10129
       10130
       10616
       10617
       10618
       10619
       11103
       11105
       11106
       11107
       11592
       11593
       11594
       11596
       12081
       12082
       12083
       12085
       12571
       12573
       13060
       13061
       13062
       13549
       13550
       13551
       14036
       14038
       14039
       14525
       14527
       15014
       15016
