         262
      100682
      101163
      101164
      101165
      101166
      101167
      101168
      101169
      101170
      101171
      101172
      101650
      101651
      101652
      101653
      101654
      101655
      101656
      101657
      101658
      101659
      101660
      101661
      101662
      102136
      102137
      102138
      102139
      102140
      102141
      102142
      102143
      102144
      102145
      102146
      102147
      102148
      102149
      102150
      102151
      102152
      102623
      102624
      102625
      102626
      102627
      102628
      102629
      102630
      102631
      102632
      102633
      102634
      102635
      102636
      102637
      102638
      102639
      102640
      102641
      103111
      103112
      103113
      103114
      103115
      103116
      103117
      103118
      103119
      103120
      103121
      103122
      103123
      103124
      103125
      103126
      103127
      103128
      103129
      103130
      103600
      103601
      103602
      103603
      103604
      103605
      103606
      103607
      103608
      103609
      103610
      103611
      103612
      103613
      103614
      103615
      103616
      103617
      103618
      104089
      104090
      104091
      104092
      104093
      104094
      104095
      104096
      104097
      104098
      104099
      104100
      104101
      104102
      104103
      104104
      104105
      104106
      104107
      104578
      104579
      104581
      104582
      104583
      104584
      104585
      104586
      104587
      104588
      104589
      104590
      104591
      104592
      104593
      104594
      104595
      105067
      105068
      105069
      105070
      105071
      105072
      105073
      105074
      105075
      105076
      105077
      105078
      105079
      105080
      105081
      105082
      105083
      105084
      105556
      105557
      105558
      105559
      105560
      105561
      105562
      105563
      105564
      105565
      105566
      105567
      105568
      105569
      105570
      105571
      105572
      106045
      106046
      106047
      106048
      106049
      106050
      106051
      106052
      106053
      106054
      106055
      106056
      106057
      106058
      106059
      106060
      106061
      106537
      106538
      106539
      106540
      106541
      106542
      106543
      106544
      106545
      106546
      106547
      106548
      106549
      107023
      107024
      107025
      107026
      107027
      107028
      107029
      107030
      107031
      107032
      107033
      107034
      107035
      107036
      107037
      107038
      107513
      107514
      107516
      107517
      107518
      107519
      107520
      107521
      107522
      107523
      107524
      107525
      107526
      108004
      108005
      108006
      108007
      108008
      108009
      108010
      108011
      108012
      108013
      108014
      108015
      108494
      108495
      108496
      108497
      108498
      108499
      108500
      108501
      108502
      108503
      108984
      108985
      108986
      108987
      108988
      108989
      108990
      108991
      108992
      109474
      109475
