         116
         356
         357
         358
         359
         365
         366
         367
         368
         844
         845
         846
         852
         855
         856
        1333
        1334
        1335
        1344
        1822
        1823
        1832
        1833
        2311
        2321
        4754
        5243
        1405
        1877
        1893
        2365
        2853
        3847
        4318
        4335
        4336
        4807
        5296
        6289
        6777
        7249
        7250
        7737
        7742
        8231
        8241
        8243
        9219
        9691
       10196
       10684
       10685
       11172
       11173
       11661
       12135
       12150
       12621
       12637
       12638
       12644
       13126
       13132
       13614
       13615
       13621
       14087
       14101
       14102
       14103
       14109
       14590
       14598
       15078
       15087
       15552
       15566
       15567
       16055
       16543
       16550
       16551
       17031
       17032
       17518
       17519
       17995
       18005
       18006
       18484
       18493
       18981
       19462
       19469
       19952
       19958
       20440
       20445
       20449
       20450
       20929
       20934
       21418
       21419
       21422
       21907
       21908
       21910
       22396
       22397
       22398
       22406
       22885
       22886
       22895
       23374
       23863
