          91
         334
         335
         336
         821
         822
         823
         824
        1310
        1311
        1312
        1313
        1799
        1800
        1801
        1802
        2288
        2289
        2290
        2291
        2776
        2777
        2778
        2779
        3264
        3265
        3266
        3267
        3268
        3752
        3753
        3754
        3755
        3756
        4241
        4242
        4243
        4244
        4245
        4731
        4732
        4733
        5219
        5220
        5221
        5222
        5707
        5708
        5709
        5710
        5711
        6196
        6197
        6198
        6199
        6200
        6205
        6684
        6685
        6686
        6687
        6688
        6694
        7173
        7174
        7175
        7176
        7177
        7183
        7662
        7663
        7664
        7665
        7666
        8151
        8152
        8153
        8154
        8155
        8639
        8640
        8641
        8642
        8643
        8650
        9128
        9129
        9131
        9132
        9617
        9620
       10105
