         265
      121645
      122133
      122134
      122135
      122136
      122137
      122622
      122623
      122624
      122625
      122626
      122627
      122628
      123111
      123112
      123113
      123114
      123115
      123116
      123117
      123118
      123119
      123120
      123600
      123601
      123602
      123603
      123604
      123605
      123606
      123607
      123608
      123609
      123610
      123611
      124089
      124090
      124091
      124092
      124093
      124094
      124095
      124096
      124097
      124098
      124099
      124100
      124101
      124102
      124577
      124578
      124579
      124580
      124581
      124582
      124583
      124584
      124585
      124586
      124587
      124588
      124589
      124590
      124591
      124592
      124593
      125066
      125067
      125068
      125069
      125070
      125071
      125072
      125073
      125074
      125075
      125076
      125077
      125078
      125079
      125080
      125081
      125082
      125083
      125555
      125556
      125557
      125558
      125559
      125560
      125561
      125562
      125563
      125564
      125565
      125566
      125567
      125568
      125569
      125570
      125571
      126044
      126045
      126046
      126047
      126048
      126049
      126050
      126051
      126052
      126053
      126054
      126055
      126056
      126057
      126058
      126059
      126533
      126534
      126535
      126536
      126537
      126538
      126539
      126540
      126541
      126542
      126543
      126544
      126545
      126546
      126547
      126548
      127022
      127023
      127024
      127025
      127026
      127027
      127028
      127029
      127030
      127031
      127032
      127033
      127034
      127035
      127036
      127511
      127512
      127513
      127514
      127515
      127516
      127517
      127518
      127519
      127520
      127521
      127522
      127523
      127524
      128000
      128001
      128002
      128003
      128004
      128005
      128006
      128007
      128008
      128009
      128010
      128011
      128012
      128013
      128489
      128490
      128491
      128492
      128493
      128494
      128495
      128496
      128497
      128498
      128499
      128500
      128501
      128978
      128979
      128980
      128981
      128982
      128983
      128984
      128985
      128986
      128987
      128988
      128989
      129466
      129467
      129468
      129469
      129470
      129471
      129472
      129473
      129474
      129475
      129476
      129477
      129478
      129955
      129956
      129957
      129958
      129959
      129960
      129961
      129962
      129963
      129964
      129965
      129966
      130444
      130445
      130446
      130447
      130448
      130449
      130450
      130451
      130452
      130453
      130454
      130455
      130933
      130934
      130935
      130936
      130937
      130938
      130939
      130940
      130941
      130942
      130943
      131422
      131423
      131424
      131425
      131426
      131427
      131428
      131429
      131430
      131431
      131432
      131916
      131917
      131918
      131919
      131920
