          43
      172075
      173042
      173053
      173542
      174031
      174050
      174520
      174539
      174999
      175004
      175009
      175028
      175493
      175498
      175511
      175512
      175517
      175988
      176470
      176477
      176966
      177448
      177938
      177945
      177953
      177961
      178440
      178448
      178449
      178450
      178930
      179413
      179905
      181355
      182349
      182821
      182838
      183309
      183327
      183816
      184288
      184305
      185755
