         113
       28551
       28552
       28553
       28554
       28555
       28556
       28557
       28558
       28559
       28560
       28561
       28562
       28563
       28564
       28565
       29036
       29037
       29038
       29039
       29040
       29041
       29042
       29043
       29044
       29045
       29046
       29047
       29048
       29049
       29050
       29051
       29052
       29053
       29054
       29055
       29523
       29524
       29525
       29526
       29527
       29528
       29529
       29530
       29531
       29532
       29533
       29534
       29535
       29536
       29537
       29538
       29539
       29540
       29541
       29542
       29543
       29544
       30011
       30012
       30013
       30014
       30015
       30016
       30017
       30018
       30019
       30020
       30021
       30022
       30023
       30024
       30025
       30026
       30027
       30028
       30029
       30030
       30031
       30032
       30033
       30497
       30498
       30499
       30500
       30501
       30502
       30503
       30504
       30505
       30506
       30507
       30508
       30509
       30510
       30511
       30512
       30513
       30514
       30515
       30516
       30517
       30518
       30519
       30520
       30521
       30522
       30985
       30986
       30987
       30988
       30989
       30990
       30991
