          40
      188262
      190211
      190696
      190700
      191184
      191194
      192168
      192644
      192646
      193141
      193644
      194121
      194128
      194133
      194612
      194615
      195092
      195098
      195580
      195587
      196064
      196076
      196080
      196085
      196087
      196558
      196559
      196565
      197045
      197048
      197059
      197537
      197548
      197555
      198026
      198033
      199000
      199005
      199489
      199978
