          41
      151044
      152016
      152507
      153488
      154465
      154954
      154956
      155443
      155445
      156911
      157400
      157890
      158379
      158857
      158865
      158866
      159346
      159354
      159355
      159837
      159846
      160333
      161301
      161316
      161790
      161792
      162279
      163255
      163258
      163744
      164233
      164724
      166188
      166677
      166678
      168146
      169122
      169125
      169614
      170593
      172548
