         205
       38866
       39846
       40337
       40826
       40827
       41318
       41805
       42297
       42298
       42788
       43278
       36963
       37451
       37454
       38422
       38429
       38916
       39401
       39403
       39412
       39414
       39882
       39887
       39890
       39899
       40355
       40359
       40369
       40370
       40386
       40841
       40848
       40849
       40850
       40851
       40852
       40853
       40854
       40855
       40856
       40857
       40858
       40865
       40870
       41327
       41331
       41332
       41333
       41334
       41335
       41336
       41337
       41338
       41339
       41340
       41341
       41342
       41343
       41344
       41345
       41346
       41358
       41360
       41813
       41818
       41819
       41820
       41821
       41822
       41823
       41824
       41825
       41826
       41827
       41828
       41829
       41830
       41831
       41832
       41833
       41834
       41835
       41847
       42310
       42311
       42312
       42313
       42314
       42320
       42321
       42322
       42323
       42328
       42338
       42342
       42343
       42344
       42346
       42347
       42800
       42801
       42802
       42803
       42804
       42805
       42806
       42807
       42808
       42809
       42812
       42825
       42826
       42830
       42832
       42833
       42834
       42835
       42836
       42837
       42838
       43291
       43292
       43293
       43294
       43295
       43299
       43300
       43308
       43314
       43315
       43318
       43319
       43321
       43322
       43769
       43782
       43783
       43787
       43789
       43796
       43801
       43803
       43804
       43805
       43806
       43807
       43808
       44270
       44271
       44273
       44274
       44281
       44284
       44288
       44289
       44290
       44291
       44292
       44293
       44294
       44295
       44748
       44749
       44764
       44766
       44772
       44777
       44778
       44779
       44780
       44781
       45251
       45265
       45279
       45730
       45749
       45752
       45753
       45754
       45755
       46222
       46235
       46237
       46240
       46706
       46712
       47192
       47193
       47682
       50125
       48679
       50149
       50653
       51123
       51626
       54545
       49634
       50614
       51591
       52080
       54040
       49626
       54018
       54991
       55003
