          40
       71628
       73580
       74073
       75046
       75051
       75540
       75549
       76529
       84838
       84839
       85322
       85323
       85326
       85327
       85328
       85814
       85816
       85817
       86305
       86306
       87285
       87766
       88252
       72625
       75083
       75085
       75574
       76059
       76063
       76551
       76552
       77040
       77526
       77527
       77528
       79978
       80467
       80953
       81444
       82419
