          91
       60491
       62922
       63407
       63420
       63429
       63442
       63909
       63918
       64398
       64887
       65376
       65865
       65872
       65873
       65874
       66354
       66362
       66363
       66852
       67326
       67340
       67341
       67815
       67829
       67830
       68318
       68319
       68807
       68808
       69297
       70266
       70755
       72230
       72719
       73188
       73206
       73674
       73695
       74177
       74184
       74666
       74673
       75161
       75632
       75650
       76120
       76139
       76140
       77110
       77587
       77598
       78087
       78557
       78576
       79048
       79064
       79071
       79553
       80042
       80531
       81026
       81515
       81985
       82476
       82965
       82966
       83455
       83464
       85419
       90310
       93238
       94215
       96658
       97153
       98121
       98128
       98608
       99585
      100098
      100572
      102037
      103502
      103991
      104961
      105456
      105945
      106433
      106912
      107400
      107888
      108387
