          63
      196433
      196434
      196435
      196922
      196923
      196924
      196925
      196926
      197411
      197412
      197413
      197414
      197415
      197416
      197417
      197900
      197901
      197902
      197903
      197904
      197905
      197906
      197907
      197908
      197909
      198389
      198390
      198391
      198392
      198393
      198394
      198395
      198396
      198397
      198398
      198879
      198880
      198881
      198882
      198883
      198884
      198885
      198886
      198887
      198888
      199368
      199369
      199370
      199371
      199372
      199373
      199374
      199375
      199376
      199377
      199858
      199859
      199860
      199861
      199862
      199863
      199864
      199865
