         107
      213794
      213805
      213809
      214281
      214292
      214748
      215266
      215754
      216731
      217209
      218188
      218196
      218680
      219122
      219630
      219641
      219642
      219643
      219668
      219684
      220114
      220157
      220172
      220173
      220661
      221113
      221117
      221118
      221149
      221608
      221637
      222588
      223589
      224040
      224074
      224080
      224574
      226000
      226503
      226506
      227000
      228932
      229420
      229426
      229918
      230398
      230411
      230412
      230887
      231887
      214803
      215773
      215781
      216270
      216752
      216758
      217241
      217730
      219196
      219685
      224573
      226048
      226538
      227517
      228006
      231914
      215292
      217246
      218222
      218707
      228984
      213804
      214300
      214767
      215255
      215268
      216232
      217220
      218165
      219173
      219179
      220128
      221116
      222109
      224529
      225538
      225999
      226491
      226492
      226493
      226494
      226495
      226501
      226502
      226504
      226515
      227491
      228933
      228934
      229427
      229919
      230413
      230414
      230415
      230417
      230418
      231376
