          70
      174020
      178421
      179398
      180375
      180851
      180865
      181353
      181842
      182331
      182820
      183295
      183299
      183797
      184286
      184767
      184776
      185256
      185257
      185265
      185746
      185747
      185754
      186227
      186243
      186731
      186732
      187204
      187220
      188190
      188195
      188679
      188684
      188687
      189173
      189174
      189175
      190147
      190148
      190643
      191131
      191132
      191616
      191617
      191618
      192103
      192104
      192105
      192106
      187709
      188191
      188198
      189168
      189176
      189657
      189661
      190154
      190642
      190644
      191129
      191130
      192107
      192594
      188172
      188662
      188663
      188667
      188669
      188670
      189154
      189155
