         358
       21933
       23398
       23886
       23888
       23889
       23890
       24374
       24375
       24376
       24377
       24863
       24864
       24865
       24866
       25351
       25352
       25353
       25354
       25355
       25840
       25841
       25842
       25843
       26328
       26329
       26330
       26331
       26816
       26817
       26818
       26819
       26820
       27305
       27306
       27307
       27308
       27309
       27310
       27795
       27796
       27797
       27798
       27799
       27800
       28281
       28282
       28283
       28284
       28285
       28286
       28287
       28288
       28289
       28290
       28291
       28292
       28293
       28294
       28769
       28770
       28771
       28772
       28773
       28774
       28775
       28776
       28777
       28778
       28779
       28780
       28781
       28792
       29258
       29259
       29260
       29261
       29262
       29263
       29264
       29265
       29266
       29267
       29268
       29269
       29281
       29746
       29747
       29748
       29749
       29750
       29751
       29752
       29753
       29754
       29755
       29756
       29757
       29758
       29770
       30235
       30236
       30237
       30238
       30239
       30240
       30241
       30242
       30243
       30244
       30245
       30246
       30723
       30724
       30725
       30726
       30727
       30728
       30729
       30730
       30731
       30732
       30733
       30734
       30735
       31211
       31212
       31213
       31214
       31215
       31216
       31217
       31218
       31219
       31220
       31221
       31222
       31223
       31235
       31700
       31701
       31702
       31703
       31704
       31705
       31706
       31707
       31708
       31709
       31710
       31711
       31712
       31724
       32188
       32189
       32190
       32191
       32192
       32193
       32194
       32195
       32196
       32197
       32198
       32199
       32200
       32206
       32215
       32677
       32678
       32679
       32680
       32681
       32682
       32683
       32684
       32685
       32686
       32687
       32688
       32689
       32695
       32704
       33166
       33167
       33168
       33169
       33170
       33171
       33172
       33173
       33174
       33175
       33176
       33177
       33178
       33184
       33193
       33654
       33655
       33656
       33657
       33658
       33659
       33660
       33661
       33662
       33663
       33664
       33665
       33666
       33672
       33673
       33674
       33682
       34142
       34143
       34144
       34145
       34146
       34147
       34148
       34149
       34150
       34151
       34152
       34153
       34154
       34155
       34161
       34162
       34163
       34171
       34631
       34632
       34633
       34634
       34635
       34636
       34637
       34638
       34639
       34640
       34641
       34642
       34643
       34649
       34650
       34651
       34652
       34658
       35119
       35120
       35121
       35122
       35123
       35124
       35125
       35126
       35127
       35128
       35129
       35130
       35131
       35138
       35139
       35140
       35141
       35147
       35608
       35609
       35610
       35611
       35612
       35613
       35614
       35615
       35616
       35617
       35618
       35619
       35620
       35626
       35627
       35628
       35629
       35630
       35636
       36097
       36098
       36099
       36100
       36101
       36102
       36103
       36104
       36105
       36106
       36107
       36108
       36109
       36110
       36117
       36125
       36126
       36585
       36586
       36587
       36588
       36589
       36590
       36591
       36592
       36593
       36594
       36595
       36596
       36597
       36598
       36599
       36615
       37075
       37076
       37077
       37078
       37079
       37080
       37081
       37082
       37083
       37084
       37085
       37086
       37087
       37565
       37566
       37567
       37568
       37569
       37570
       37571
       37572
       37573
       37574
       37575
       37576
       38058
       38059
       38060
       38061
       38062
       38063
       38064
       38549
       38550
       38551
       38552
       39039
       39040
