          38
       58645
       59130
       59131
       59137
       59630
       60120
       60611
       61097
       61103
       61108
       61586
       61587
       61595
       61596
       62082
       62084
       62085
       62086
       62560
       62570
       62571
       62572
       62573
       62574
       63049
       63050
       63057
       63062
       63063
       63064
       63551
       64036
       64037
       64038
       64039
       64524
       67942
       67943
