          64
      126719
      126720
      127691
      128178
      128201
      128665
      128688
      129174
      129640
      129650
      129661
      129662
      130128
      130135
      130136
      130137
      130138
      130148
      130149
      130616
      130619
      130625
      130626
      130627
      130636
      130637
      131104
      131105
      131106
      131107
      131114
      131115
      131116
      131123
      131124
      131125
      131594
      131602
      131603
      131604
      131610
      131611
      132079
      132080
      132081
      132082
      132090
      132091
      132092
      132093
      132094
      132095
      132096
      132568
      132569
      133056
      133546
      133547
      134040
      134041
      134529
      135014
      137452
      137940
