         107
        9792
        9794
       10278
       10280
       10283
       10762
       10764
       10765
       10766
       10767
       10769
       10771
       10772
       10773
       11249
       11250
       11251
       11252
       11253
       11254
       11255
       11256
       11258
       11259
       11260
       11261
       11263
       11265
       11739
       11740
       11741
       11742
       11743
       11744
       11745
       11746
       11748
       11749
       11750
       11751
       11755
       11756
       12227
       12229
       12230
       12233
       12234
       12235
       12236
       12237
       12238
       12239
       12240
       12241
       12242
       12243
       12244
       12246
       12717
       12720
       12721
       12723
       12724
       12725
       12726
       12727
       12728
       12729
       12730
       12731
       13206
       13207
       13208
       13209
       13210
       13211
       13212
       13213
       13214
       13215
       13216
       13217
       13218
       13219
       13696
       13697
       13700
       13701
       13702
       13703
       13704
       13705
       13706
       13710
       14186
       14187
       14188
       14190
       14191
       14192
       14674
       14675
       14676
       14677
       15165
       15652
       16141
