         375
       12733
       12734
       12735
       12736
       13220
       13222
       13223
       13225
       13226
       13707
       13708
       13709
       13711
       13712
       13714
       13715
       13716
       14193
       14194
       14195
       14196
       14197
       14198
       14199
       14200
       14201
       14202
       14203
       14204
       14678
       14679
       14680
       14681
       14682
       14683
       14684
       14685
       14686
       14688
       14689
       14690
       14691
       14692
       14693
       14694
       14695
       15163
       15164
       15167
       15168
       15169
       15170
       15171
       15172
       15173
       15174
       15175
       15177
       15178
       15179
       15180
       15182
       15183
       15184
       15654
       15655
       15657
       15658
       15659
       15660
       15661
       15662
       15663
       15664
       15665
       15666
       15668
       15669
       15670
       15671
       15672
       15673
       16142
       16143
       16144
       16145
       16146
       16147
       16148
       16149
       16150
       16151
       16152
       16153
       16154
       16155
       16156
       16157
       16158
       16159
       16160
       16161
       16162
       16629
       16630
       16631
       16632
       16633
       16634
       16635
       16636
       16637
       16638
       16639
       16640
       16641
       16642
       16643
       16644
       16645
       16646
       16647
       16648
       16649
       16650
       16651
       17116
       17117
       17118
       17119
       17120
       17121
       17122
       17123
       17124
       17125
       17126
       17127
       17128
       17129
       17130
       17131
       17132
       17133
       17134
       17135
       17136
       17137
       17138
       17139
       17140
       17605
       17606
       17607
       17608
       17609
       17610
       17611
       17612
       17613
       17614
       17615
       17616
       17617
       17618
       17619
       17620
       17621
       17622
       17623
       17624
       17625
       17626
       17627
       17628
       17629
       18094
       18095
       18096
       18097
       18098
       18099
       18100
       18101
       18102
       18103
       18104
       18105
       18106
       18107
       18108
       18109
       18110
       18111
       18112
       18113
       18114
       18115
       18116
       18117
       18118
       18583
       18584
       18585
       18586
       18587
       18588
       18589
       18590
       18591
       18592
       18593
       18594
       18595
       18596
       18597
       18598
       18599
       18600
       18601
       18602
       18603
       18604
       18605
       18606
       18607
       19072
       19073
       19074
       19075
       19076
       19077
       19078
       19079
       19080
       19081
       19082
       19083
       19084
       19085
       19086
       19087
       19088
       19089
       19090
       19091
       19092
       19093
       19094
       19095
       19096
       19561
       19562
       19563
       19564
       19565
       19566
       19567
       19568
       19569
       19570
       19571
       19572
       19573
       19574
       19575
       19576
       19577
       19578
       19579
       19580
       19581
       19582
       19583
       19584
       19585
       20050
       20051
       20052
       20053
       20054
       20055
       20056
       20057
       20058
       20059
       20060
       20061
       20062
       20063
       20064
       20065
       20067
       20068
       20070
       20071
       20072
       20073
       20541
       20542
       20543
       20544
       20545
       20546
       20547
       20548
       20549
       20550
       20551
       20552
       20553
       20554
       20555
       20556
       20557
       20558
       20559
       20560
       20561
       20562
       21033
       21034
       21035
       21036
       21037
       21038
       21039
       21040
       21041
       21042
       21043
       21044
       21047
       21048
       21049
       21050
       21525
       21526
       21527
       21528
       21529
       21530
       21531
       21532
       21533
       21534
       21535
       21536
       21538
       22016
       22017
       22018
       22019
       22020
       22021
       22022
       22024
       22025
       22026
       22507
       22508
       22509
       22510
       22511
       22512
       22513
       22514
       22997
       22998
       22999
       23000
       23001
       23002
       23488
       25437
