         166
        7947
        8423
        8915
       10390
       10880
       11370
       11857
       12837
       13323
       13810
       14300
         645
        1129
        1130
        1619
        2111
        2112
        2599
        3086
        3087
        3568
        3569
        3570
        3571
        3572
        3573
        4055
        4057
        4058
        4059
        4060
        4061
        4062
        4063
        4540
        4544
        4548
        4549
        4550
        5022
        5027
        5029
        5033
        5047
        5048
        5510
        5512
        5513
        5516
        5517
        5518
        5519
        5520
        5521
        5522
        5523
        5525
        5526
        5533
        5534
        5997
        5998
        6002
        6013
        6014
        6015
        6018
        6020
        6021
        6022
        6485
        6492
        6493
        6494
        6495
        6496
        6502
        6507
        6508
        6982
        6983
        6984
        6987
        6988
        6989
        6990
        6993
        6994
        7475
        7476
        7477
        7481
        7948
        7956
        7958
        7959
        7960
        7963
        7964
        7968
        7969
        7970
        8442
        8443
        8444
        8447
        8448
        8449
        8450
        8451
        8454
        8455
        8930
        8935
        8936
        8937
        8938
        8939
        8943
        8944
        9417
        9419
        9421
        9422
        9423
        9427
        9430
        9904
        9905
        9908
        9909
        9910
        9911
        9912
        9917
       10391
       10398
       10399
       10403
       10404
       10881
       10884
       10885
       10886
       10887
       10890
       10891
       11372
       11373
       11374
       11375
       11377
       11378
       11858
       11860
       11861
       11863
       12347
       12348
       12836
       14303
       10878
       11367
       12835
       13812
       14302
