          41
       28051
       29509
       32450
       32459
       32460
       32461
       32462
       32480
       33437
       33438
       33439
       33440
       33441
       33442
       33448
       33449
       33450
       33451
       33452
       33453
       33462
       33913
       33915
       33916
       33921
       34415
       34416
       34903
       35393
       35394
       35886
       35890
       36374
       36857
       39784
       39785
       39786
       39789
       40279
       40773
       43700
