          77
        6032
        6033
        6034
        6035
        6036
        6520
        6521
        6522
        6523
        6524
        6525
        6528
        6529
        6530
        7010
        7011
        7012
        7013
        7014
        7017
        7018
        7019
        7020
        7021
        7022
        8464
        8465
        8467
        8468
        8470
        8471
        8473
        8474
        8475
        8476
        8477
        8478
        8965
        8966
        8967
        8972
        9458
        9952
        9960
        9961
       10451
       10452
       10454
       10455
       10456
       10915
       10947
       10948
       11439
       11440
       11456
       11930
       11931
       11947
       11948
       12422
       12428
       12429
       12430
       12439
       12912
       12914
       12915
       12916
       13407
       13408
       13410
       13894
       13899
       14880
       15371
       19769
