         145
      155341
      156330
      156331
      156332
      156819
      156820
      156821
      156822
      157300
      157301
      157302
      157303
      157304
      157305
      157306
      157307
      157308
      157309
      157310
      157789
      157790
      157794
      157795
      157796
      157797
      157798
      157799
      157800
      158279
      158284
      158285
      158286
      158287
      158288
      158289
      158776
      158777
      158778
      158779
      159254
      159258
      159265
      159266
      159267
      159268
      159269
      159754
      159755
      159756
      159757
      159758
      160243
      160244
      160245
      160246
      160247
      160732
      160733
      160734
      160735
      160736
      160740
      160741
      161219
      161226
      161227
      161228
      161229
      161234
      161701
      161709
      161710
      161711
      161712
      161715
      161716
      161717
      161723
      162199
      162200
      162201
      162202
      162203
      162204
      162205
      162212
      162692
      162693
      162694
      162695
      162696
      162697
      162700
      162701
      163180
      163182
      163183
      163184
      163185
      163186
      163187
      163188
      163189
      163662
      163670
      163671
      163672
      163673
      163674
      163675
      163676
      163677
      163678
      164153
      164163
      164164
      164165
      164166
      164167
      164169
      164652
      164653
      164654
      164655
      164656
      164658
      164659
      165141
      165143
      165144
      165159
      165631
      166121
      166610
      166611
      167101
      167591
      167592
      167604
      168082
      168092
      168573
      168579
      168580
      169065
