          75
       27277
       28742
       28750
       29239
       29240
       29727
       29728
       29729
       29730
       30216
       30217
       30218
       30219
       30696
       30705
       30706
       30707
       31194
       31195
       31196
       31684
       32173
       32174
       32662
       32663
       33151
       33152
       33640
       33641
       34116
       34125
       34129
       34130
       34605
       34606
       34612
       34613
       34614
       34617
       34618
       35094
       35096
       35097
       35099
       35100
       35101
       35102
       35103
       35105
       35106
       35583
       35585
       35586
       35587
       35588
       35591
       35592
       35594
       35595
       36080
       36082
       36084
       36569
       36571
       36572
       37058
       37059
       37060
       37546
       37547
       37548
       37549
       38035
       38036
       38524
