         134
      207677
      208159
      208648
      209139
      209153
      209636
      209645
      210118
      210128
      210611
      210620
      211101
      211113
      211114
      211115
      212079
      212080
      212567
      212568
      212569
      213056
      213057
      213060
      213544
      213545
      213546
      213547
      213548
      213549
      213550
      213553
      214033
      214034
      214035
      214036
      214037
      214038
      214039
      214040
      214041
      214042
      214521
      214522
      214523
      214524
      214525
      214526
      214527
      214528
      214529
      214530
      214531
      215010
      215011
      215012
      215013
      215014
      215015
      215016
      215017
      215018
      215019
      215498
      215499
      215500
      215501
      215502
      215503
      215504
      215505
      215506
      215507
      215508
      215986
      215987
      215988
      215989
      215990
      215991
      215992
      215993
      215994
      215995
      216475
      216476
      216477
      216478
      216479
      216480
      216481
      216482
      216483
      216963
      216964
      216965
      216966
      216967
      216968
      216969
      216970
      216971
      216972
      217451
      217452
      217453
      217454
      217455
      217456
      217457
      217458
      217459
      217940
      217941
      217942
      217943
      217944
      217945
      217946
      217947
      218428
      218429
      218430
      218431
      218432
      218433
      218434
      218917
      218918
      218919
      218921
      218922
      219406
      219407
      219408
