          39
         206
        2663
        3154
        3644
        3645
        3648
        3649
        4129
        4131
        4137
        4140
        4622
        4625
        4629
        4631
        5111
        5114
        5121
        6098
        6586
        7078
        7080
        7573
        8064
       38856
       39335
       39342
       39344
       40315
       40802
       41286
       41289
       41778
       42757
       43243
       43244
       43731
       43732
       44212
