          49
         299
        1765
        2720
        2742
        4208
        4697
        5673
        6159
        6649
        7139
        7628
        8587
        8608
        9076
        9097
        9565
       10054
       10543
       10565
       11053
       11054
       11542
       11543
       11545
       12032
       12034
       12035
       12501
       12518
       12988
       12996
       13005
       13481
       13485
       13977
       13979
       14469
       16425
       16904
       16917
       17402
       17405
       17893
       18382
       19854
       21326
       21806
       22797
       22798
