          50
         395
        1859
        2347
        2835
        3334
        3823
        4288
        4312
        4789
        4798
        5286
        5287
        5776
        6255
        6265
        6743
        6751
        6754
        7231
        7244
        8220
        8710
        9196
        9675
        9685
       10163
       10164
       10652
       10653
       10661
       10663
       11141
       11149
       11150
       11151
       11629
       11632
       11638
       11639
       12118
       12126
       12127
       12606
       12616
       12617
       12618
       13100
       13103
       14083
       15058
