          48
      161827
      162316
      162805
      164267
      164756
      164759
      165243
      165735
      166223
      166224
      166711
      166712
      166713
      166714
      167200
      167203
      167689
      168178
      168667
      169154
      169155
      169643
      169644
      170132
      170133
      170621
      170622
      170624
      171110
      171112
      171113
      171599
      171601
      171602
      172088
      172090
      172091
      172577
      172579
      172580
      173066
      173068
      173555
      173557
      175011
      177457
      177951
      178438
