          69
       36555
       38509
       38973
       38975
       38976
       39466
       40442
       40445
       40449
       41429
       41929
       42906
       43388
       43871
       43877
       43878
       44360
       44367
       44851
       44856
       45345
       45830
       45833
       45834
       45835
       46310
       46322
       46323
       46324
       46799
       46800
       46811
       46812
       46813
        1875
        4805
        5782
        7247
       27275
       29229
       32648
       35090
       36067
       47301
       47302
       47789
       47791
       47794
       48271
       48279
       48280
       48281
       48283
       48770
       48772
       49259
       49261
       49750
       50232
       50237
       50238
       50239
       50722
       50726
       50728
       51217
       51704
       52193
       55127
