          38
      160817
      162772
      163754
      164237
      164244
      165217
      165222
      165711
      166195
      166196
      166197
      166200
      166682
      166683
      166685
      166686
      166687
      166688
      166689
      167172
      167173
      167175
      167176
      167660
      167661
      167664
      168149
      168150
      168153
      168640
      168641
      168642
      168643
      169130
      169131
      169619
      169620
      170109
