         306
       69248
       69733
       69734
       69735
       69736
       69737
       69738
       69739
       69740
       69741
       69742
       70220
       70221
       70222
       70224
       70225
       70226
       70227
       70228
       70229
       70230
       70231
       70703
       70711
       70712
       70713
       70714
       70715
       70717
       70718
       70719
       70720
       71194
       71195
       71203
       71204
       71205
       71206
       71207
       71208
       71209
       71215
       71683
       71684
       71694
       71695
       71696
       71697
       71698
       71704
       72170
       72171
       72172
       72183
       72184
       72185
       72186
       72187
       72194
       72195
       72657
       72658
       72659
       72660
       72661
       72668
       72674
       72684
       73145
       73146
       73147
       73148
       73149
       73150
       73151
       73160
       73161
       73632
       73633
       73634
       73635
       73636
       73637
       73638
       73639
       73650
       74119
       74120
       74121
       74122
       74123
       74124
       74125
       74126
       74127
       74128
       74129
       74606
       74607
       74608
       74609
       74610
       74611
       74612
       74613
       74614
       74615
       74616
       74618
       74619
       74628
       74629
       74634
       75092
       75093
       75094
       75095
       75096
       75097
       75098
       75099
       75100
       75101
       75102
       75103
       75104
       75105
       75106
       75107
       75108
       75109
       75115
       75118
       75580
       75581
       75582
       75583
       75584
       75585
       75586
       75587
       75588
       75589
       75590
       75591
       75592
       75593
       75594
       75595
       75596
       75597
       75598
       75607
       75612
       76069
       76070
       76071
       76072
       76073
       76074
       76075
       76076
       76077
       76078
       76079
       76080
       76081
       76082
       76083
       76084
       76085
       76086
       76087
       76088
       76089
       76093
       76559
       76560
       76561
       76562
       76563
       76564
       76565
       76566
       76567
       76568
       76569
       76570
       76571
       76572
       76573
       76574
       76575
       76576
       76577
       76578
       76579
       76582
       77048
       77049
       77051
       77052
       77053
       77054
       77055
       77056
       77057
       77058
       77059
       77060
       77061
       77062
       77063
       77064
       77065
       77066
       77067
       77068
       77070
       77537
       77538
       77540
       77541
       77542
       77543
       77544
       77545
       77546
       77547
       77548
       77549
       77550
       77551
       77552
       77553
       77554
       77555
       77556
       77557
       78026
       78027
       78029
       78030
       78031
       78032
       78033
       78034
       78035
       78036
       78037
       78038
       78039
       78040
       78041
       78042
       78043
       78044
       78045
       78515
       78516
       78518
       78519
       78520
       78521
       78522
       78523
       78524
       78525
       78526
       78527
       78528
       78529
       78530
       78531
       78532
       78533
       78534
       79005
       79008
       79009
       79010
       79011
       79012
       79013
       79014
       79015
       79016
       79017
       79018
       79019
       79020
       79021
       79022
       79497
       79499
       79500
       79501
       79502
       79503
       79504
       79505
       79506
       79507
       79508
       79509
       79510
