         123
       13547
       14026
       14037
       14515
       14526
       14528
       15004
       15015
       15487
       15489
       15493
       15503
       15504
       15505
       15975
       15976
       15978
       15982
       15992
       15993
       15994
       16459
       16471
       16479
       16480
       16482
       16947
       16948
       16960
       16968
       16969
       16971
       17436
       17437
       17441
       17449
       17457
       17458
       17926
       17930
       17938
       17945
       17946
       17947
       18415
       18419
       18427
       18430
       18431
       18433
       18434
       18435
       18436
       18904
       18916
       18920
       18921
       18922
       18923
       18924
       19393
       19399
       19404
       19409
       19410
       19411
       19412
       19413
       19882
       19888
       19893
       19898
       19899
       19900
       19901
       19902
       20350
       20358
       20374
       20381
       20385
       20388
       20389
       20863
       20870
       20874
       20876
       20877
       21358
       21363
       21364
       21365
       21837
       21840
       21846
       21852
       21853
       21854
       22341
       22342
       22343
       22806
       22814
       22823
       22830
       22832
       23299
       23302
       23303
       23306
       23319
       23321
       23795
       23808
       23809
       24284
       24298
       24780
       24786
       25763
       26245
       26731
       30163
