          88
      176528
      176529
      177013
      177017
      177018
      177501
      177504
      177505
      177506
      177507
      177987
      177988
      177989
      177993
      177994
      177995
      177996
      178480
      178481
      178482
      178483
      178959
      178965
      178969
      178970
      179458
      179459
      179946
      179947
      179949
      179950
      180434
      180926
      180927
      181902
      183856
      183857
      183859
      184346
      184835
      184836
      184838
      185323
      185324
      185325
      185813
      185814
      186303
      186788
      186791
      186792
      186795
      187277
      187281
      187282
      187766
      187770
      187774
      188255
      188256
      188259
      188261
      188745
      188749
      189234
      189238
      189239
      189723
      189728
      190217
      190707
      191195
      191196
      191680
      192169
      192170
      192174
      193642
      194131
      195106
      196081
      190706
      193148
      195110
      195595
      187772
      192663
      194621
