          52
       31088
       31089
       31575
       31576
       31577
       32564
       32565
       33042
       33043
       33044
       33045
       33046
       33047
       33048
       33049
       33050
       33051
       33052
       33526
       33527
       33528
       33529
       33530
       33531
       33532
       33533
       33534
       33535
       33536
       33537
       33538
       33539
       33540
       33545
       34020
       34021
       34022
       34023
       34024
       34025
       34026
       34027
       34028
       34513
       34514
       34515
       34516
       36463
       36952
       37441
       37442
       37931
