         120
       74529
       76974
       77463
       77952
       78441
       78931
       79420
       79909
       80397
       80886
       81375
       81387
       81864
       81874
       82353
       82360
       82361
       82842
       82847
       82848
       82849
       83335
       83336
       83819
       83822
       83823
       84308
       84310
       84314
       84315
       84328
       84797
       84799
       84802
       84807
       85285
       85286
       85289
       85290
       85774
       85789
       85792
       86263
       86280
       86281
       86751
       86752
       87240
       87241
       87255
       87729
       87730
       88219
       88223
       88230
       88708
       88710
       88711
       88712
       88713
       88714
       88715
       88716
       88719
       89197
       89199
       89200
       89201
       89202
       89203
       89205
       89686
       89688
       89689
       89690
       89691
       89692
       89693
       89694
       90175
       90178
       90179
       90180
       90181
       90182
       90186
       90665
       90666
       90667
       90668
       90669
       90670
       90671
       90672
       91154
       91155
       91156
       91157
       91158
       91159
       91160
       91643
       91644
       91645
       92133
       92622
       92628
       92629
       92631
       93116
       93117
       93118
       95072
       95558
       95559
       95560
       95563
       96046
       96054
       97034
