          94
       53714
       55179
       55669
       56158
       57132
       57626
       58115
       58604
       59088
       59093
       59582
       59583
       60070
       60071
       60553
       60557
       60558
       61045
       61046
       61530
       61531
       62015
       62018
       62019
       62020
       62021
       62504
       62507
       62508
       62509
       62510
       62992
       62997
       62998
       62999
       63000
       63481
       63486
       63487
       63488
       63489
       63970
       63975
       63976
       63977
       63978
       64459
       64462
       64463
       64464
       64465
       64466
       64467
       64950
       64951
       64952
       65440
       65441
       65929
       66412
       66418
       66900
       66901
       66907
       67393
       67394
       67395
       67881
       67882
       67883
       68363
       68370
       68371
       68372
       68851
       68852
       68853
       68858
       68859
       68860
       69340
       69341
       69342
       69343
       69344
       69345
       69346
       69347
       69348
       69349
       69828
       69829
       69830
       70314
