         296
      114808
      115294
      115295
      115298
      115299
      115782
      115783
      115784
      115787
      115788
      115789
      116272
      116273
      116274
      116275
      116276
      116277
      116278
      116279
      116759
      116760
      116765
      116766
      116767
      116768
      116769
      117247
      117249
      117250
      117251
      117252
      117253
      117254
      117256
      117257
      117258
      117259
      117260
      117734
      117736
      117737
      117738
      117742
      117743
      117744
      117745
      117746
      117747
      117748
      117749
      117750
      118225
      118226
      118227
      118228
      118229
      118230
      118231
      118232
      118233
      118234
      118235
      118236
      118237
      118238
      118239
      118240
      118241
      118712
      118714
      118715
      118716
      118717
      118718
      118719
      118720
      118721
      118722
      118723
      118724
      118725
      118726
      118727
      118728
      118729
      118730
      118731
      118732
      119200
      119201
      119203
      119204
      119205
      119206
      119207
      119208
      119209
      119210
      119211
      119212
      119213
      119214
      119215
      119216
      119217
      119218
      119219
      119220
      119221
      119222
      119223
      119689
      119690
      119692
      119693
      119694
      119695
      119696
      119697
      119698
      119699
      119700
      119701
      119702
      119703
      119704
      119705
      119706
      119707
      119708
      119709
      119710
      119711
      119712
      120178
      120179
      120181
      120182
      120183
      120184
      120185
      120186
      120187
      120188
      120189
      120190
      120191
      120192
      120193
      120194
      120195
      120196
      120197
      120198
      120199
      120200
      120201
      120667
      120668
      120670
      120671
      120672
      120673
      120674
      120675
      120676
      120677
      120678
      120679
      120680
      120681
      120682
      120683
      120684
      120685
      120686
      120687
      120688
      120689
      121156
      121157
      121159
      121160
      121161
      121162
      121163
      121164
      121165
      121166
      121167
      121168
      121169
      121170
      121171
      121172
      121173
      121174
      121175
      121176
      121177
      121178
      121646
      121648
      121649
      121650
      121651
      121652
      121653
      121654
      121655
      121656
      121657
      121658
      121659
      121660
      121661
      121662
      121663
      121664
      121665
      121666
      121667
      122138
      122139
      122140
      122141
      122142
      122143
      122144
      122145
      122146
      122147
      122148
      122149
      122150
      122151
      122152
      122153
      122154
      122155
      122156
      122629
      122630
      122631
      122632
      122633
      122634
      122635
      122636
      122637
      122638
      122639
      122640
      122641
      122642
      122643
      122644
      122645
      123121
      123122
      123123
      123124
      123125
      123126
      123127
      123128
      123129
      123130
      123131
      123132
      123133
      123134
      123612
      123613
      123614
      123615
      123616
      123617
      123618
      123619
      123620
      123621
      123622
      123623
      124103
      124104
      124105
      124106
      124107
      124108
      124109
      124110
      124111
      124594
      124595
      124596
