          70
         348
         841
        1834
        2302
        4744
        4747
        4765
        5233
        6699
        7193
        7676
        7695
        8165
        8177
        8178
        8183
        8184
        9159
        9160
        9631
        9644
        9647
       10132
       10136
       10621
       11097
       11110
       11586
       11598
       11599
       11602
       12077
       12080
       12087
       12088
       12576
       12577
       12578
       13057
       13065
       13066
       13546
       13553
       13554
       13555
       14042
       14518
       14519
       14523
       14530
       15007
       15008
       15010
       15011
       15012
       15018
       15496
       15497
       15498
       15499
       15500
       15501
       15507
       15985
       15986
       15987
       15988
       15989
       16474
       17461
