          65
      102521
      104482
      105452
      105463
      106428
      106435
      106918
      107405
      107408
      107901
      107902
      107903
      107906
      108394
      108883
      109367
      109846
      109855
      110337
      110822
      110825
      110826
      110838
      110840
      111327
      111328
      111812
      111813
      111817
      112287
      112288
      112290
      112300
      112304
      112777
      112789
      113263
      113264
      113266
      113267
      113275
      113282
      113754
      114244
      114258
      114728
      114731
      114738
      115704
      115715
      116191
      116197
      116704
      117667
      117669
      117671
      118163
      118164
      118659
      119136
      119144
      119147
      119633
      120116
      120124
