          43
      207324
      207807
      207811
      207817
      208312
      208790
      208791
      208792
      209275
      209277
      209282
      209771
      209780
      210260
      210746
      210748
      210749
      211234
      211721
      211734
      211737
      212222
      212226
      212700
      212706
      213191
      213192
      213201
      213202
      213679
      213681
      213683
      214171
      214660
      214662
      215151
      215636
      215640
      215642
      216128
      216131
      216138
      218094
