          95
      192571
      192572
      193060
      193061
      193549
      193550
      194039
      194528
      195017
      195506
      195995
      195999
      196485
      196974
      197463
      197952
      198441
      198442
      198445
      198448
      198449
      198930
      198931
      198932
      198934
      198935
      198936
      198937
      198938
      199418
      199419
      199420
      199421
      199422
      199425
      199426
      199427
      199907
      199909
      199910
      199911
      199915
      199916
      200399
      200400
      200401
      200887
      200888
      200889
      200890
      201375
      201376
      201377
      201378
      201379
      201864
      201865
      201867
      201868
      202353
      202354
      202356
      202359
      202360
      202842
      202845
      202847
      202848
      202849
      202850
      203334
      203336
      203337
      203338
      203339
      203823
      203825
      203826
      203827
      203828
      204312
      204313
      204316
      204802
      204805
      205291
      205294
      205780
      206269
      206758
      207247
      207736
      208227
      208716
      209205
