         131
      190032
      190517
      190518
      190519
      190520
      190521
      191003
      191004
      191005
      191006
      191007
      191008
      191009
      191491
      191492
      191493
      191496
      191497
      191498
      191499
      191500
      191981
      191982
      191983
      191984
      191985
      191986
      191987
      191988
      191989
      191990
      192470
      192471
      192472
      192473
      192474
      192475
      192476
      192477
      192478
      192479
      192480
      192959
      192960
      192961
      192962
      192963
      192964
      192965
      192966
      192967
      192968
      192969
      192970
      193449
      193450
      193451
      193452
      193453
      193454
      193455
      193456
      193457
      193458
      193459
      193938
      193939
      193940
      193941
      193942
      193943
      193944
      193945
      193946
      193947
      193948
      193949
      194428
      194429
      194430
      194431
      194432
      194433
      194434
      194435
      194436
      194437
      194438
      194439
      194917
      194918
      194919
      194920
      194921
      194922
      194923
      194924
      194925
      194926
      194927
      194928
      195407
      195408
      195409
      195410
      195411
      195412
      195413
      195414
      195415
      195416
      195417
      195896
      195897
      195898
      195899
      195900
      195901
      195902
      195903
      195904
      195905
      196386
      196387
      196388
      196389
      196390
      196391
      196875
      196876
      196877
