         689
         216
         217
         218
         219
         220
         221
         222
         223
         224
         225
         226
         227
         228
         229
         230
         231
         232
         233
         234
         235
         236
         237
         238
         239
         240
         241
         242
         243
         244
         245
         246
         706
         707
         708
         709
         710
         711
         712
         713
         714
         715
         716
         717
         718
         719
         720
         721
         722
         723
         724
         725
         726
         727
         728
         729
         730
         731
         732
         733
         734
         735
        1199
        1200
        1201
        1202
        1203
        1204
        1205
        1206
        1207
        1208
        1209
        1210
        1211
        1212
        1213
        1214
        1215
        1216
        1217
        1218
        1219
        1220
        1221
        1222
        1223
        1224
        1691
        1692
        1693
        1694
        1695
        1696
        1697
        1698
        1699
        1700
        1701
        1702
        1703
        1704
        1705
        1706
        1707
        1708
        1709
        1710
        1711
        1712
        1713
        2181
        2182
        2183
        2184
        2185
        2186
        2187
        2188
        2189
        2190
        2191
        2192
        2193
        2194
        2195
        2196
        2197
        2198
        2199
        2200
        2201
        2202
        2672
        2673
        2674
        2675
        2676
        2677
        2678
        2679
        2680
        2681
        2682
        2683
        2684
        2685
        2686
        2687
        2688
        2689
        2690
        2691
        3163
        3164
        3165
        3166
        3167
        3168
        3169
        3170
        3171
        3172
        3173
        3174
        3175
        3176
        3177
        3178
        3179
        3180
        3653
        3654
        3655
        3656
        3657
        3658
        3659
        3660
        3661
        3662
        3663
        3664
        3665
        3666
        3667
        3668
        3669
        4143
        4144
        4145
        4146
        4147
        4148
        4149
        4150
        4151
        4152
        4153
        4154
        4155
        4156
        4157
        4158
        4634
        4635
        4636
        4637
        4638
        4639
        4640
        4641
        4642
        4643
        4644
        4645
        4646
        4647
        5125
        5126
        5127
        5129
        5130
        5131
        5132
        5133
        5134
        5135
        5136
        5616
        5617
        5618
        5619
        5620
        5621
        5622
        5623
        5624
        5625
        6106
        6107
        6108
        6109
        6110
        6111
        6112
        6113
        6114
        6597
        6599
        6600
        6601
        6602
        6603
        7088
        7089
        7090
        7091
        7092
        7581
         247
         248
         249
         250
         251
         252
         253
         254
         255
         256
         257
         258
         259
         260
         261
         262
         263
         264
         265
         266
         267
         268
         269
         736
         737
         738
         739
         740
         741
         742
         743
         744
         745
         746
         747
         748
         749
         750
         751
         752
         753
         755
         756
         757
         758
        1225
        1226
        1227
        1228
        1229
        1230
        1231
        1232
        1233
        1234
        1235
        1236
        1237
        1238
        1239
        1240
        1241
        1242
        1243
        1244
        1245
        1246
        1247
        1714
        1715
        1716
        1717
        1718
        1719
        1720
        1721
        1722
        1723
        1724
        1725
        1726
        1727
        1728
        1729
        1730
        1731
        1732
        1733
        1735
        1736
        2203
        2204
        2205
        2206
        2207
        2208
        2209
        2210
        2211
        2212
        2213
        2214
        2215
        2216
        2217
        2218
        2219
        2220
        2222
        2224
        2225
        2226
        2692
        2693
        2694
        2695
        2696
        2697
        2698
        2699
        2700
        2701
        2702
        2703
        2704
        2705
        2706
        2707
        2708
        2709
        2710
        2711
        2712
        2713
        3181
        3182
        3183
        3184
        3185
        3186
        3187
        3188
        3189
        3190
        3191
        3192
        3193
        3194
        3195
        3196
        3197
        3198
        3199
        3200
        3201
        3202
        3670
        3671
        3672
        3673
        3674
        3675
        3676
        3677
        3678
        3679
        3680
        3681
        3682
        3683
        3684
        3685
        3686
        3687
        4159
        4160
        4161
        4162
        4163
        4164
        4165
        4166
        4167
        4168
        4169
        4170
        4171
        4172
        4173
        4174
        4175
        4176
        4648
        4649
        4650
        4651
        4652
        4653
        4654
        4655
        4656
        4657
        4658
        4659
        4660
        4661
        4662
        4663
        4664
        4665
        4666
        5137
        5138
        5139
        5140
        5141
        5142
        5143
        5144
        5145
        5146
        5147
        5148
        5149
        5150
        5151
        5152
        5153
        5154
        5155
        5626
        5627
        5628
        5629
        5630
        5631
        5632
        5633
        5634
        5635
        5636
        5637
        5638
        5639
        5640
        5641
        5642
        5643
        5644
        5645
        6115
        6116
        6117
        6118
        6119
        6120
        6121
        6122
        6123
        6124
        6125
        6126
        6127
        6128
        6129
        6130
        6131
        6132
        6133
        6134
        6604
        6605
        6606
        6607
        6608
        6609
        6610
        6611
        6612
        6613
        6614
        6615
        6616
        6617
        6618
        6619
        6620
        6621
        6622
        6623
        7093
        7094
        7095
        7096
        7097
        7098
        7099
        7100
        7101
        7102
        7103
        7104
        7105
        7106
        7107
        7108
        7109
        7110
        7111
        7112
        7113
        7116
        7582
        7584
        7585
        7586
        7587
        7588
        7589
        7590
        7591
        7592
        7593
        7594
        7595
        7596
        7597
        7598
        7599
        7600
        7601
        7602
        7604
        7605
        8075
        8076
        8077
        8078
        8081
        8082
        8083
        8084
        8085
        8086
        8087
        8088
        8089
        8090
        8091
        8093
        8094
        8568
        8569
        8570
        8571
        8572
        8573
        8574
        8577
        8578
        8579
        8580
        8581
        8583
        8586
        9055
        9056
        9057
        9059
        9060
        9067
        9068
        9069
        9070
        9071
        9072
        9073
        9075
        9547
        9550
        9551
        9555
        9556
        9557
        9558
        9559
        9560
        9561
        9562
        9564
       10044
       10045
       10046
       10047
       10048
       10049
       10050
       10052
       10053
       10533
       10534
       10535
       10538
       10539
       10540
       10541
       10542
       11022
       11023
       11024
       11027
       11030
       11031
       13462
       13463
       13953
       13954
       13955
       14444
       14445
       14447
       14448
       14936
       14937
       14938
       14939
       15424
       15425
       15426
       15429
