         135
      149534
      149535
      149536
      149537
      149538
      150022
      150023
      150024
      150025
      150026
      150027
      150028
      150029
      150510
      150511
      150512
      150513
      150514
      150515
      150516
      150517
      150518
      150519
      150999
      151000
      151001
      151002
      151003
      151004
      151005
      151006
      151007
      151008
      151488
      151489
      151490
      151491
      151492
      151493
      151494
      151495
      151496
      151497
      151977
      151978
      151979
      151980
      151981
      151982
      151983
      151984
      151985
      151986
      152466
      152467
      152468
      152469
      152470
      152471
      152472
      152473
      152474
      152475
      152476
      152954
      152955
      152956
      152957
      152958
      152959
      152960
      152961
      152962
      152963
      152964
      152965
      153443
      153444
      153445
      153446
      153447
      153448
      153449
      153450
      153451
      153452
      153453
      153454
      153932
      153933
      153934
      153935
      153936
      153937
      153938
      153939
      153940
      153941
      153942
      153943
      154422
      154423
      154424
      154425
      154426
      154427
      154428
      154429
      154430
      154431
      154432
      154913
      154914
      154915
      154916
      154917
      154918
      154919
      154920
      154921
      155403
      155404
      155405
      155406
      155407
      155408
      155409
      155410
      155893
      155894
      155895
      155896
      155897
      156383
      156384
