         118
      221721
      222696
      222697
      222698
      223183
      223672
      223673
      224162
      224650
      225131
      225136
      225137
      225139
      225140
      225617
      225618
      225619
      225620
      225621
      226104
      226105
      226106
      226107
      226108
      226109
      226115
      226116
      226590
      226591
      226592
      226593
      226597
      226598
      226599
      226600
      226604
      226605
      227078
      227080
      227081
      227082
      227086
      227089
      227094
      227564
      227565
      227566
      227567
      227568
      227569
      227570
      227571
      227572
      227573
      227574
      227593
      228054
      228055
      228056
      228057
      228058
      228059
      228060
      228061
      228062
      228063
      228543
      228544
      228545
      228546
      228547
      228548
      228549
      228550
      228551
      228552
      229033
      229034
      229035
      229036
      229037
      229038
      229039
      229040
      229522
      229523
      229524
      229525
      229526
      229527
      229528
      230011
      230012
      230013
      230014
      230015
      230016
      230017
      230500
      230501
      230502
      230503
      230504
      230505
      230989
      230990
      230991
      230992
      230993
      230994
      231479
      231480
      231968
      231969
      232452
      232455
      232457
      232458
