          52
       14995
       15002
       15483
       15484
       15491
       15972
       15973
       15980
       16461
       16462
       16950
       16951
       17439
       17440
       17445
       17928
       17929
       17934
       18416
       18417
       18418
       18422
       18905
       19394
       19408
       19883
       19892
       19897
       20371
       20377
       20380
       20386
       20860
       20862
       20866
       21357
       22326
       22815
       22817
       23298
       23304
       23789
       23790
       23791
       23792
       23793
       23794
       24282
       25271
       25273
       27221
       28204
