         321
      121591
      123551
      125008
      125988
      126970
      127452
      128428
      128435
      129401
      129889
      131839
      131840
      132327
      133794
      135254
      135272
      136719
      137230
      137715
      137718
      138202
      139681
      140154
      140185
      140671
      141651
      142118
      142620
      142626
      143109
      143114
      143579
      143595
      143601
      144076
      144571
      145059
      145071
      145560
      146025
      146524
      146527
      146528
      146537
      146538
      147025
      147502
      148489
      148493
      148978
      149466
      149954
      149955
      150442
      151421
      153377
      153858
      153866
      154344
      154346
      154348
      154354
      154355
      154356
      154834
      154835
      154845
      155334
      155335
      155824
      156301
      156313
      157265
      157291
      157292
      157294
      157752
      157768
      157784
      158258
      158271
      158272
      158760
      158761
      158762
      159233
      159252
      159253
      159714
      159718
      159722
      160703
      161211
      161673
      162170
      163148
      163171
      163636
      164119
      164125
      164614
      111795
      113272
      114236
      114247
      114735
      114737
      115712
      117666
      119620
      120126
      122079
      122573
      124501
      126015
      126964
      127447
      127935
      127940
      128892
      129868
      129886
      130357
      130374
      130388
      130846
      131333
      131334
      131375
      131376
      131821
      131837
      131843
      131853
      132309
      132325
      132796
      132797
      133286
      134260
      134261
      134277
      134278
      134282
      134295
      135237
      135745
      136249
      136701
      137189
      137206
      137208
      137695
      138693
      139158
      139192
      139645
      139667
      121618
      128458
      130412
      131389
      131864
      132366
      136764
      144045
      144046
      145520
      146502
      147956
      148449
      148942
      149428
      149434
      149920
      149925
      150409
      141631
      142140
      143093
      143113
      144090
      144583
      145051
      145061
      146036
      147014
      147015
      147027
      147515
      147516
      148003
      148490
      148492
      148980
      148983
      149469
      149470
      149471
      149472
      149958
      149959
      149960
      149961
      150447
      150448
      150449
      150450
      150936
      150937
      150938
      150939
      151425
      151426
      151427
      151428
      151914
      151915
      151916
      151917
      152403
      152404
      152406
      152892
      152893
      152895
      153384
      153385
      153386
      153387
      153397
      153873
      153874
      153875
      153876
      154363
      154364
      154365
      154366
      154852
      154853
      154854
      154855
      154856
      154864
      155342
      155343
      155344
      155345
      155346
      155352
      155353
      155354
      155831
      155832
      155833
      155834
      155835
      155836
      155840
      155841
      155844
      156320
      156321
      156322
      156323
      156324
      156325
      156326
      156327
      156328
      156329
      156334
      156809
      156810
      156811
      156812
      156813
      156814
      156815
      156816
      156817
      156823
      156824
      156825
      157312
      157791
      157792
      157793
      157801
      158275
      158280
      158282
      158283
      158291
      158764
      158769
      158770
      158771
      158772
      159259
      159260
      159261
      159742
      159743
      159744
      159745
      159746
      159747
      159748
      159749
      159750
      159751
      159752
      160231
      160238
      160239
      160240
      160241
      160729
      160730
