        1029
      148878
      148879
      149367
      149368
      149855
      149856
      150343
      151829
      151830
      151831
      151832
      151833
      151834
      152314
      152315
      152316
      152317
      152318
      152319
      152320
      152321
      152322
      152323
      152324
      152325
      152799
      152800
      152801
      152802
      152803
      152804
      152805
      152808
      152809
      152810
      152811
      152812
      152813
      153281
      153282
      153283
      153284
      153285
      153286
      153287
      153288
      153289
      153290
      153291
      153292
      153293
      153294
      153295
      153296
      153297
      153298
      153299
      153300
      153301
      153302
      153303
      153767
      153768
      153769
      153770
      153771
      153772
      153773
      153774
      153775
      153776
      153777
      153778
      153779
      153780
      153781
      153782
      153783
      153784
      153785
      153786
      153787
      153788
      153789
      153790
      153791
      153792
      154256
      154257
      154258
      154259
      154260
      154261
      154262
      154263
      154264
      154265
      154266
      154267
      154268
      154269
      154270
      154271
      154272
      154273
      154274
      154275
      154276
      154277
      154278
      154279
      154280
      154281
      154748
      154749
      154750
      154751
      154752
      154753
      154754
      154755
      154756
      154757
      154758
      154759
      154760
      154761
      154762
      154763
      154764
      154765
      154766
      154767
      154768
      154769
      154770
      155235
      155236
      155237
      155238
      155239
      155240
      155241
      155242
      155243
      155244
      155245
      155246
      155247
      155248
      155249
      155250
      155251
      155252
      155253
      155254
      155255
      155256
      155257
      155258
      155259
      155724
      155725
      155726
      155727
      155728
      155729
      155730
      155731
      155732
      155733
      155734
      155735
      155736
      155737
      155738
      155739
      155740
      155741
      155742
      155743
      155744
      155745
      155746
      155747
      155748
      156214
      156215
      156216
      156217
      156218
      156219
      156220
      156221
      156222
      156223
      156224
      156225
      156226
      156227
      156228
      156229
      156230
      156231
      156232
      156233
      156234
      156235
      156236
      156237
      156703
      156704
      156705
      156706
      156707
      156708
      156709
      156710
      156711
      156712
      156713
      156714
      156715
      156716
      156717
      156718
      156719
      156720
      156721
      156722
      156723
      156724
      156725
      156726
      157193
      157194
      157195
      157196
      157197
      157198
      157199
      157200
      157201
      157202
      157203
      157204
      157205
      157206
      157207
      157208
      157210
      157211
      157213
      157214
      157215
      157682
      157683
      157684
      157685
      157686
      157687
      157690
      157691
      157694
      157695
      157696
      157697
      157698
      157700
      157701
      157702
      158172
      158173
      158174
      158175
      158176
      158177
      158178
      158179
      158181
      158182
      158183
      158185
      158186
      158188
      158661
      158662
      158663
      158664
      158665
      158666
      158667
      158668
      158669
      158670
      158671
      158673
      158674
      159152
      159153
      159154
      159157
      159159
      159160
      159165
      159167
      159168
      159169
      159170
      159171
      159640
      159641
      159643
      159644
      159645
      159647
      159652
      159653
      159654
      159655
      159656
      159659
      159660
      160130
      160133
      160138
      160139
      160140
      160141
      160142
      160145
      160146
      160619
      160620
      160625
      160626
      160627
      160628
      160629
      160631
      160632
      161112
      161113
      161114
      161115
      161116
      161118
      161599
      161600
      161603
      161604
      161605
      162087
      162088
      162090
      162091
      162577
      162578
      147452
      147453
      147455
      147456
      147457
      147458
      147459
      147937
      147942
      147943
      147944
      147945
      147948
      147949
      148426
      148427
      148428
      148429
      148430
      148431
      148432
      148433
      148434
      148435
      148436
      148437
      148438
      148439
      148440
      148441
      148920
      148921
      148922
      148923
      148924
      148925
      148928
      148929
      148930
      148931
      148932
      149408
      149409
      149410
      149411
      149412
      149413
      149414
      149415
      149416
      149417
      149418
      149419
      149420
      149421
      149422
      149423
      149896
      149897
      149898
      149899
      149900
      149901
      149902
      149903
      149904
      149905
      149906
      149907
      149908
      149909
      149910
      149911
      149912
      149913
      149915
      150381
      150382
      150383
      150384
      150385
      150386
      150387
      150388
      150389
      150390
      150391
      150392
      150393
      150394
      150395
      150396
      150397
      150398
      150399
      150400
      150401
      150402
      150403
      150404
      150405
      150864
      150865
      150866
      150867
      150868
      150870
      150871
      150872
      150873
      150874
      150875
      150876
      150877
      150878
      150879
      150880
      150881
      150882
      150883
      150884
      150885
      150886
      150887
      150888
      150889
      150890
      150891
      150892
      150894
      150896
      151349
      151351
      151352
      151353
      151354
      151355
      151356
      151357
      151358
      151359
      151360
      151361
      151362
      151363
      151364
      151365
      151366
      151367
      151368
      151369
      151370
      151371
      151372
      151373
      151374
      151375
      151376
      151377
      151378
      151379
      151380
      151381
      151382
      151383
      151384
      151385
      151839
      151840
      151841
      151844
      151845
      151846
      151847
      151848
      151849
      151850
      151851
      151852
      151853
      151854
      151855
      151856
      151857
      151858
      151859
      151860
      151861
      151862
      151863
      151864
      151865
      151866
      151867
      151868
      151869
      151870
      151871
      151872
      152326
      152327
      152329
      152330
      152331
      152332
      152333
      152334
      152335
      152336
      152340
      152341
      152342
      152343
      152344
      152345
      152346
      152347
      152348
      152349
      152350
      152351
      152352
      152353
      152354
      152355
      152356
      152357
      152358
      152360
      152817
      152818
      152819
      152823
      152824
      152825
      152826
      152827
      152828
      152829
      152830
      152831
      152832
      152833
      152834
      152835
      152836
      152837
      152838
      152839
      152840
      152841
      152842
      152843
      152844
      152845
      152846
      153304
      153305
      153307
      153308
      153309
      153311
      153312
      153314
      153315
      153316
      153317
      153318
      153319
      153320
      153321
      153323
      153324
      153327
      153328
      153330
      153331
      153332
      153333
      153793
      153794
      153796
      153797
      153798
      153799
      153800
      153801
      153803
      153804
      153805
      153808
      153809
      153810
      153811
      153812
      153814
      153815
      153816
      153817
      153818
      153820
      153821
      154282
      154283
      154284
      154285
      154286
      154287
      154289
      154290
      154291
      154293
      154294
      154295
      154296
      154297
      154298
      154300
      154301
      154302
      154303
      154304
      154305
      154308
      154771
      154772
      154773
      154774
      154775
      154776
      154777
      154778
      154779
      154780
      154781
      154782
      154783
      154787
      154788
      154793
      155260
      155261
      155262
      155263
      155264
      155265
      155266
      155270
      155271
      155272
      155273
      155274
      155275
      155276
      155277
      155749
      155750
      155751
      155752
      155753
      155754
      155755
      155756
      155757
      155758
      155759
      155760
      155761
      156238
      156239
      156240
      156242
      156243
      156244
      156727
      156728
      156729
      156730
      156731
      157216
      157217
      157226
      157710
      157711
      157712
      157713
      157714
      158195
      158196
      158197
      158198
      158199
      158200
      158684
      159174
      159172
      160660
      160661
      160662
      160663
      160664
      161143
      161144
      161147
      161148
      161149
      161150
      161151
      161629
      161630
      161631
      161634
      161635
      161636
      161637
      162115
      162117
      162118
      162119
      162120
      162121
      162122
      162123
      162600
      162601
      162602
      162603
      162604
      162605
      162606
      162607
      162610
      163085
      163087
      163088
      163089
      163090
      163091
      163092
      163093
      163095
      163096
      163097
      163098
      163572
      163573
      163574
      163575
      163576
      163577
      163578
      163579
      163580
      163581
      163583
      163584
      164060
      164061
      164064
      164065
      164067
      164068
      164069
      164070
      164071
      164549
      164550
      164551
      164552
      164553
      164554
      164555
      164556
      164557
      164558
      164559
      164560
      164561
      165038
      165039
      165040
      165041
      165042
      165043
      165044
      165045
      165046
      165047
      165048
      165049
      165051
      165052
      165053
      165527
      165528
      165529
      165530
      165531
      165532
      165533
      165534
      165535
      165536
      165537
      165538
      165539
      166016
      166017
      166018
      166019
      166020
      166021
      166022
      166023
      166024
      166025
      166026
      166027
      166505
      166506
      166507
      166508
      166509
      166510
      166511
      166512
      166513
      166994
      166995
      166996
      166997
      166998
      166999
      167483
      167484
      167485
      167486
      164058
      164059
      164543
      164544
      164545
      164546
      164547
      164548
      165029
      165030
      165031
      165032
      165033
      165034
      165035
      165036
      165037
      165516
      165517
      165518
      165519
      165520
      165521
      165522
      165523
      165524
      165525
      165526
      166001
      166002
      166004
      166005
      166006
      166008
      166009
      166010
      166011
      166012
      166013
      166014
      166015
      166488
      166489
      166490
      166491
      166492
      166493
      166494
      166495
      166496
      166497
      166498
      166499
      166500
      166501
      166502
      166503
      166504
      166975
      166976
      166977
      166978
      166979
      166980
      166981
      166982
      166983
      166984
      166985
      166986
      166987
      166988
      166990
      166991
      166992
      166993
      167465
      167466
      167467
      167468
      167472
      167473
      167474
      167475
      167476
      167477
      167478
      167479
      167480
      167481
      167482
      167949
      167950
      167951
      167952
      167953
      167954
      167959
      167960
      167961
      167962
      167963
      167964
      167965
      167966
      167967
      167968
      167969
      167970
      168439
      168440
      168441
      168442
      168443
      168444
      168445
      168446
      168447
      168448
      168449
      168450
      168451
      168929
      168930
      168931
      168932
      168933
      168934
      168935
      168936
      168937
      168938
      168939
      168940
