          82
      212179
      212668
      212671
      213140
      213144
      214614
      214617
      214618
      214619
      214626
      215104
      215105
      215106
      215107
      215108
      215115
      215117
      215118
      215593
      215594
      215595
      215596
      215597
      215598
      215603
      215606
      215607
      216083
      216086
      216094
      216095
      216096
      216572
      216573
      216583
      216584
      216585
      217062
      217068
      217072
      217073
      217074
      217551
      217556
      217557
      217558
      217560
      217561
      217562
      217563
      217564
      218046
      218047
      218048
      218049
      218050
      218051
      218052
      218053
      218536
      218537
      218538
      218539
      218540
      218541
      218542
      219025
      219026
      219027
      219028
      219029
      219030
      219514
      219515
      219517
      219518
      219519
      220004
      220010
      220500
      220990
      221969
