          95
      155805
      158740
      159238
      159248
      159727
      161173
      162161
      162190
      162660
      163141
      163153
      163632
      164117
      164123
      164130
      164605
      164619
      165094
      165580
      165583
      165592
      166069
      166087
      166557
      166576
      167063
      167064
      167065
      167540
      168026
      168040
      168528
      169005
      169014
      169017
      169019
      169491
      169494
      169502
      169506
      169512
      169990
      169993
      169996
      169999
      170000
      170468
      170477
      170481
      170482
      170487
      170965
      170969
      170978
      171460
      171463
      171464
      171468
      171939
      171946
      171957
      172426
      172439
      172446
      172912
      172923
      172928
      172930
      173409
      173410
      173417
      173420
      173897
      173903
      173904
      173905
      173915
      174377
      174378
      174383
      174392
      174896
      175366
      175368
      175386
      175850
      175869
      175870
      175876
      176357
      176360
      176828
      176845
      176853
      177818
