          66
       83866
       85334
       86313
       87297
       87782
       87787
       87788
       88273
       88277
       88278
       89253
       89254
       89259
       89744
       89745
       89746
       89748
       89749
       90227
       90234
       90235
       90237
       90726
       90728
       91212
       91214
       91215
       91216
       91217
       91703
       91705
       91706
       91707
       92192
       92194
       92196
       92681
       92683
       93171
       93174
       93660
       93663
       94149
       94152
       94153
       94638
       94639
       94640
       95130
       95131
       95620
       96109
       96598
       97577
       98066
       99023
       99026
       99044
       99532
       94116
       94606
       94608
       95587
       96568
       97066
      102925
