         980
      214610
      215090
      215093
      215094
      215095
      215099
      215580
      215581
      215582
      215583
      215585
      215586
      216062
      216063
      216064
      216065
      216066
      216067
      216068
      216069
      216070
      216071
      216072
      216073
      216074
      216075
      216076
      216077
      216078
      216549
      216550
      216551
      216552
      216553
      216554
      216555
      216556
      216557
      216558
      216559
      216560
      216561
      216562
      216563
      216564
      216565
      216566
      216567
      217036
      217037
      217038
      217039
      217040
      217041
      217042
      217043
      217044
      217045
      217046
      217047
      217048
      217049
      217050
      217051
      217052
      217053
      217054
      217055
      217056
      217525
      217526
      217527
      217528
      217529
      217530
      217531
      217532
      217533
      217534
      217535
      217536
      217537
      217538
      217539
      217540
      217541
      217542
      217543
      217544
      217545
      218014
      218015
      218016
      218017
      218018
      218019
      218020
      218021
      218022
      218023
      218024
      218025
      218026
      218027
      218028
      218029
      218030
      218031
      218032
      218033
      218034
      218038
      218504
      218505
      218506
      218507
      218508
      218509
      218510
      218511
      218512
      218513
      218514
      218515
      218516
      218517
      218518
      218519
      218520
      218521
      218522
      218523
      218527
      218993
      218994
      218995
      218996
      218997
      218998
      218999
      219000
      219001
      219002
      219003
      219004
      219005
      219006
      219007
      219008
      219009
      219010
      219011
      219012
      219481
      219482
      219483
      219484
      219485
      219486
      219487
      219488
      219489
      219490
      219491
      219492
      219493
      219494
      219495
      219496
      219497
      219498
      219499
      219500
      219501
      219506
      219970
      219971
      219972
      219973
      219974
      219975
      219976
      219977
      219978
      219979
      219980
      219981
      219982
      219983
      219984
      219985
      219986
      219987
      219988
      219989
      220459
      220460
      220461
      220462
      220463
      220464
      220465
      220466
      220467
      220468
      220469
      220470
      220471
      220472
      220473
      220474
      220475
      220476
      220477
      220478
      220948
      220949
      220950
      220951
      220952
      220953
      220954
      220955
      220956
      220957
      220958
      220959
      220960
      220961
      220962
      220963
      220964
      220965
      220966
      220967
      221437
      221438
      221439
      221440
      221441
      221442
      221443
      221444
      221445
      221446
      221447
      221448
      221449
      221450
      221451
      221452
      221453
      221454
      221455
      221456
      221926
      221927
      221928
      221929
      221930
      221931
      221932
      221933
      221934
      221935
      221936
      221937
      221938
      221939
      221940
      221941
      221942
      221943
      221944
      222415
      222416
      222417
      222418
      222419
      222420
      222421
      222422
      222423
      222424
      222425
      222426
      222427
      222428
      222429
      222430
      222431
      222432
      222433
      222904
      222905
      222906
      222907
      222908
      222909
      222910
      222911
      222912
      222913
      222914
      222915
      222916
      222917
      222918
      222919
      222920
      222921
      222922
      223393
      223394
      223395
      223396
      223397
      223398
      223399
      223400
      223401
      223402
      223403
      223404
      223405
      223406
      223407
      223408
      223409
      223410
      223411
      223883
      223884
      223885
      223886
      223887
      223888
      223889
      223891
      223892
      223894
      223895
      223896
      223897
      223898
      223899
      224345
      224347
      224348
      224371
      224372
      224373
      224374
      224375
      224376
      224377
      224378
      224379
      224380
      224381
      224385
      224386
      224387
      224388
      224833
      224834
      224836
      224837
      224838
      224839
      224840
      224859
      224860
      224861
      224862
      224863
      224864
      224865
      224866
      224867
      224868
      224869
      224870
      224874
      224875
      224876
      224877
      225322
      225323
      225324
      225325
      225326
      225327
      225328
      225329
      225330
      225331
      225332
      225346
      225347
      225348
      225349
      225350
      225351
      225352
      225353
      225354
      225355
      225356
      225357
      225358
      225359
      225363
      225364
      225365
      225809
      225810
      225811
      225812
      225813
      225814
      225815
      225816
      225817
      225818
      225819
      225820
      225821
      225822
      225823
      225824
      225825
      225831
      225832
      225833
      225834
      225835
      225836
      225837
      225838
      225839
      225840
      225841
      225842
      225843
      225844
      225845
      225846
      225847
      225848
      225852
      225853
      225854
      226300
      226301
      226302
      226303
      226304
      226305
      226306
      226307
      226308
      226309
      226310
      226311
      226312
      226313
      226314
      226315
      226316
      226317
      226318
      226319
      226320
      226321
      226322
      226323
      226324
      226325
      226326
      226327
      226328
      226329
      226330
      226331
      226332
      226333
      226334
      226335
      226337
      226341
      226786
      226787
      226788
      226789
      226790
      226792
      226793
      226794
      226795
      226796
      226797
      226798
      226799
      226800
      226801
      226802
      226803
      226804
      226805
      226806
      226807
      226808
      226809
      226810
      226811
      226812
      226813
      226814
      226815
      226816
      226817
      226818
      226819
      226820
      226821
      226822
      226823
      226824
      226826
      226830
      227275
      227277
      227278
      227279
      227280
      227281
      227282
      227283
      227284
      227285
      227286
      227287
      227288
      227289
      227290
      227291
      227292
      227293
      227294
      227295
      227296
      227297
      227298
      227299
      227300
      227301
      227302
      227303
      227304
      227305
      227306
      227307
      227308
      227309
      227310
      227311
      227312
      227313
      227315
      227319
      227764
      227765
      227766
      227769
      227770
      227771
      227772
      227773
      227774
      227775
      227776
      227777
      227778
      227779
      227780
      227781
      227782
      227783
      227784
      227785
      227786
      227787
      227788
      227789
      227790
      227791
      227792
      227793
      227794
      227795
      227796
      227797
      227798
      227799
      227800
      227801
      227803
      228252
      228253
      228254
      228255
      228258
      228259
      228260
      228261
      228262
      228263
      228264
      228265
      228266
      228267
      228268
      228269
      228270
      228271
      228272
      228273
      228274
      228275
      228276
      228277
      228278
      228279
      228280
      228281
      228282
      228283
      228284
      228285
      228286
      228287
      228288
      228289
      228290
      228292
      228741
      228742
      228743
      228744
      228745
      228747
      228748
      228749
      228750
      228751
      228752
      228753
      228754
      228755
      228756
      228757
      228758
      228759
      228760
      228761
      228762
      228763
      228764
      228765
      228766
      228767
      228768
      228769
      228770
      228771
      228772
      228773
      228774
      228775
      228776
      228777
      228778
      228779
      228780
      228781
      229231
      229232
      229233
      229234
      229235
      229236
      229237
      229238
      229239
      229240
      229241
      229242
      229243
      229244
      229245
      229246
      229247
      229248
      229249
      229250
      229251
      229252
      229253
      229254
      229255
      229256
      229257
      229258
      229259
      229260
      229261
      229262
      229263
      229264
      229265
      229266
      229267
      229268
      229269
      229270
      229719
      229720
      229721
      229722
      229724
      229725
      229726
      229727
      229728
      229729
      229730
      229731
      229732
      229733
      229734
      229735
      229736
      229737
      229738
      229739
      229740
      229741
      229742
      229743
      229744
      229745
      229746
      229747
      229748
      229749
      229750
      229751
      229752
      229753
      229754
      229755
      229756
      230208
      230209
      230210
      230211
      230212
      230213
      230214
      230215
      230216
      230217
      230218
      230219
      230220
      230221
      230222
      230223
      230224
      230225
      230226
      230227
      230228
      230229
      230230
      230231
      230232
      230233
      230234
      230235
      230236
      230237
      230238
      230239
      230240
      230241
      230242
      230243
      230244
      230698
      230699
      230700
      230701
      230702
      230703
      230704
      230705
      230706
      230707
      230708
      230709
      230710
      230711
      230712
      230713
      230714
      230715
      230716
      230717
      230718
      230719
      230720
      230721
      230722
      230723
      230724
      230725
      230726
      230727
      230728
      230729
      230730
      230731
      230732
      230733
      231187
      231188
      231189
      231190
      231191
      231192
      231193
      231194
      231195
      231196
      231197
      231198
      231199
      231200
      231201
      231202
      231203
      231204
      231205
      231206
      231207
      231208
      231209
      231210
      231211
      231212
      231213
      231214
      231215
      231216
      231217
      231218
      231219
      231220
      231221
      231222
      231674
      231675
      231676
      231677
      231678
      231679
      231680
      231681
      231682
      231683
      231684
      231685
      231686
      231687
      231688
      231689
      231690
      231691
      231692
      231693
      231694
      231695
      231696
      231697
      231698
      231699
      231700
      231701
      231702
      231703
      231704
      231705
      231706
      231707
      231708
      231709
      232163
      232164
      232165
      232166
      232167
      232168
      232169
      232170
      232171
      232172
      232173
      232174
      232175
      232176
      232177
      232178
      232179
      232180
      232181
      232182
      232183
      232184
      232185
      232186
      232187
      232188
      232189
      232190
      232191
      232192
      232193
      232194
      232195
      232196
      232197
      232198
      232652
      232653
      232654
      232655
      232656
      232657
      232658
      232659
      232660
      232661
      232662
      232663
      232664
      232665
      232666
      232667
      232668
      232669
      232670
      232671
      232672
      232673
      232674
      232675
      232676
      232677
      232678
      232679
      232680
      232681
      232682
      232683
      232684
      232685
      232686
      232687
