        1578
       32020
       32484
       32493
       32494
       32495
       32496
       32497
       32498
       32511
       32977
       32993
       32994
       33463
       33472
       33478
       33498
       33956
       33957
       33961
       33962
       33973
       33986
       34472
       34944
       34955
       34956
       34957
       35416
       35417
       35441
       35442
       35443
       35444
       35930
       35935
       35937
       36411
       36416
       36423
       36893
       36898
       36903
       36904
       36918
       36919
       37384
       37385
       37391
       37392
       37393
       37394
       37395
       37402
       37406
       37407
       37878
       37879
       37880
       37891
       37892
       38364
       38365
       38374
       38375
       38388
       38846
       38852
       38876
       39339
       39340
       39826
       39835
       40320
       40321
       40807
       41311
       41313
       41314
       41322
       41794
       41795
       41796
       41797
       41798
       41801
       42278
       42288
       42295
       42764
       42767
       42785
       43251
       43268
       43276
       43752
       43766
       44225
       44226
       44237
       44238
       44240
       44251
       44254
       44711
       44712
       44724
       44726
       44728
       44729
       44731
       44741
       45199
       45200
       45211
       45212
       45215
       45219
       45225
       45234
       45686
       45699
       45705
       45710
       46173
       46174
       46187
       46194
       46195
       46661
       46674
       46675
       46676
       46681
       46687
       32032
       32522
       32526
       33013
       33497
       36444
       36929
       36936
       36943
       37420
       37422
       37428
       37904
       37905
       37915
       38391
       38394
       38402
       38879
       38895
       39371
       39378
       39382
       39390
       39865
       41323
       42796
       43284
       43286
       43773
       44266
       44744
       45243
       45245
       45247
       45257
       45736
       46233
       46710
       32033
       32527
       32528
       33499
       33500
       34974
       34975
       35458
       35459
       35460
       35959
       36443
       37423
       37427
       37909
       37914
       38880
       38885
       39379
       39380
       39381
       40346
       40351
       42814
       43280
       43303
       43776
       44263
       44279
       44757
       45235
       45236
       45248
       45725
       45737
       45739
       45740
       47166
       47169
       47650
       47654
       48624
       49112
       49120
       49121
       49610
       49620
       49623
       51068
       51069
       51580
       52044
       52074
       52552
       53040
       53043
       54009
       54028
       54493
       54988
       55490
       56454
       56478
       56939
       57436
       57936
       57937
       58427
       60389
       46154
       46643
       47133
       47148
       47618
       47635
       48123
       48592
       48610
       49097
       49587
       49588
       49599
       50072
       50073
       50564
       50575
       51046
       51048
       51049
       51063
       51536
       51537
       51556
       51557
       51558
       52039
       52045
       52527
       53015
       53503
       53992
       53995
       54459
       54481
       54946
       54973
       55461
       55949
       55950
       56435
       56437
       56438
       56444
       56923
       56925
       56926
       57412
       57422
       57900
       57901
       57902
       57913
       58389
       58390
       58401
       58877
       58879
       59365
       59366
       59854
       59857
       59858
       59859
       59860
       59861
       60341
       60342
       60343
       60346
       60830
       60831
       61319
       61807
       61808
       62296
       62785
       63273
       47164
       47165
       47176
       47655
       47660
       49133
       49609
       49616
       49617
       49622
       50107
       50108
       50109
       50112
       50594
       50596
       50599
       50600
       50606
       51080
       51083
       51087
       51093
       51098
       51570
       51572
       51581
       51583
       51584
       51585
       51588
       52073
       52553
       52554
       52555
       52557
       52558
       52560
       52569
       53037
       53047
       53048
       53050
       53051
       53058
       53523
       53526
       53532
       53533
       53535
       53536
       53541
       53545
       54021
       54026
       54511
       54512
       54519
       55001
       55011
       55502
       55503
       55990
       56479
       56480
       57435
       57453
       58430
       58432
       58925
       58926
       59410
       59413
       59901
       59902
       61370
       61371
       63816
       64305
       46186
       46673
       47163
       47170
       47648
       47649
       47651
       47652
       47661
       47662
       48133
       48136
       48636
       49126
       49608
       49614
       50099
       50101
       50104
       50584
       50586
       50593
       51075
       51078
       51559
       51563
       51566
       51567
       51569
       52046
       52053
       52054
       52057
       52532
       52533
       52538
       52540
       52544
       53020
       53026
       53038
       53039
       53517
       54004
       54010
       54011
       54012
       54013
       54015
       54487
       54497
       54501
       54982
       54983
       55474
       55964
       56445
       56453
       56935
       56941
       56948
       57426
       57438
       47167
       47171
       47658
       47666
       48153
       48155
       48643
       49127
       49128
       49607
       51579
       52058
       52066
       52545
       52561
       53055
       53544
       54016
       54033
       56475
       56958
       57434
       57935
       23207
       24194
       26636
       26637
       27122
       27123
       27609
       32021
       32022
       32023
       32024
       32025
       32026
       32027
       32028
       32029
       32030
       32031
       32512
       32513
       32514
       32515
       32516
       32517
       32518
       32519
       32520
       32995
       32996
       32997
       32998
       32999
       33000
       33001
       33002
       33003
       33004
       33005
       33006
       33007
       33008
       33009
       33467
       33468
       33469
       33470
       33479
       33480
       33481
       33482
       33483
       33484
       33485
       33486
       33487
       33488
       33489
       33490
       33491
       33492
       33493
       33494
       33495
       33496
       33963
       33964
       33965
       33966
       33967
       33968
       33969
       33970
       33971
       33972
       33974
       33975
       33976
       33977
       33978
       33979
       33980
       33981
       33982
       33983
       33984
       33985
       34447
       34448
       34449
       34450
       34451
       34452
       34453
       34454
       34455
       34456
       34457
       34458
       34459
       34460
       34461
       34462
       34463
       34464
       34465
       34466
       34467
       34468
       34469
       34470
       34471
       34935
       34936
       34937
       34938
       34939
       34940
       34941
       34942
       34943
       34945
       34946
       34947
       34948
       34949
       34950
       34951
       34952
       34953
       34954
       35425
       35426
       35427
       35428
       35429
       35430
       35431
       35432
       35433
       35434
       35435
       35436
       35437
       35438
       35914
       35915
       35916
       35917
       35918
       35919
       35920
       35921
       35922
       35923
       35924
       36403
       36404
       36405
       36406
       36407
       36408
       36409
       36410
       36894
       36895
       36896
       36897
       37382
       37383
       37403
       37404
       37405
       37872
       37889
       37890
       38877
       39834
       41312
       41799
       41800
       41809
       41810
       42279
       42280
       42281
       42282
       42283
       42284
       42285
       42286
       42287
       42300
       42765
       42766
       42768
       42769
       42770
       42771
       42772
       42773
       42774
       42775
       42776
       42782
       42783
       42784
       43252
       43253
       43254
       43255
       43256
       43257
       43258
       43259
       43260
       43261
       43262
       43263
       43264
       43269
       43270
       43271
       43272
       43273
       43274
       43275
       43738
       43739
       43740
       43741
       43742
       43743
       43744
       43745
       43746
       43747
       43748
       43749
       43750
       43751
       43754
       43755
       43756
       43757
       43758
       43759
       43760
       43761
       43762
       43763
       43764
       43765
       44227
       44228
       44229
       44230
       44231
       44232
       44233
       44234
       44235
       44236
       44239
       44242
       44243
       44244
       44245
       44246
       44247
       44248
       44249
       44250
       44252
       44253
       44713
       44714
       44715
       44716
       44717
       44718
       44719
       44720
       44721
       44722
       44723
       44727
       44730
       44732
       44733
       44734
       44735
       44736
       44737
       44738
       44739
       44742
       44743
       45201
       45202
       45203
       45204
       45205
       45206
       45207
       45208
       45209
       45210
       45213
       45214
       45217
       45218
       45220
       45221
       45222
       45223
       45224
       45687
       45688
       45689
       45690
       45691
       45692
       45693
       45694
       45695
       45696
       45697
       45698
       45706
       45707
       45708
       45709
       46175
       46176
       46177
       46178
       46179
       46180
       46181
       46182
       46183
       46184
       46185
       46662
       46663
       46664
       46665
       46666
       46667
       46668
       46669
       46670
       46671
       46672
       47207
       47697
       48668
       48670
       48676
       48681
       48701
       49653
       50143
       51605
       52092
       52094
       52096
       52581
       52588
       53070
       53073
       53558
       54048
       54049
       27578
       27579
       32481
       32483
       32976
       33464
       33933
       33935
       33936
       33937
       33938
       33955
       34419
       34907
       34908
       34909
       34910
       34911
       34931
       34932
       35397
       35398
       35401
       35402
       35409
       35414
       35415
       35418
       35893
       35894
       35895
       35900
       35901
       35902
       35903
       36376
       36377
       36378
       36381
       36382
       36383
       36384
       36385
       36859
       36860
       36861
       37337
       37342
       37343
       37828
       37829
       38812
       38813
       38814
       38815
       39303
       39304
       39306
       40280
       40282
       40794
       41751
       41769
       42238
       42256
       43213
       43231
       43701
       43719
       44206
       44676
       45667
       54526
       55016
       55505
       55506
       56486
       56974
       57954
       58439
       59905
       60400
       60889
       61378
       61861
       61870
       62359
       47223
       47224
       47696
       47698
       47699
       47705
       47706
       47707
       47708
       47709
       48185
       48186
       48187
       48189
       48202
       48204
       48205
       48206
       48669
       48673
       48702
       49164
       50144
       50628
       50633
       52585
       53057
       53064
       53069
       53077
       53547
       53548
       54035
       54047
       54525
       55013
       55017
       55020
       55507
       55510
       55993
       55997
       56969
       57460
       57949
       58444
       58447
       59422
       59425
       59426
       59911
       59914
       60395
       60403
       60882
       61372
       61379
       62847
       63818
       63821
       63822
       63823
       64795
       65284
       32521
       32523
       32524
       32525
       33010
       33011
       33012
       36930
       36931
       36932
       36933
       37415
       37416
       37417
       37418
       37419
       37421
       37902
       37903
       37906
       37907
       37908
       38389
       38390
       38392
       38393
       38399
       38400
       38878
       38886
       38887
       38888
       38889
       38890
       39372
       39373
       39374
       39375
       39376
       39377
       39858
       39859
       39860
       39861
       39862
       39863
       39864
       40347
       40348
       40349
       40350
       40835
       40836
       42790
       42791
       42792
       42793
       42794
       42795
       43281
       43282
       43283
       43285
       43771
       43772
       43774
       43775
       43777
       44261
       44262
       44264
       44265
       44267
       44752
       44753
       44754
       44755
       44756
       45244
       45246
       45726
       45727
       46219
       46709
       47149
       47150
       47151
       47152
       47153
       47154
       47155
       47156
       47157
       47158
       47159
       47160
       47161
       47162
       47636
       47637
       47638
       47639
       47640
       47641
       47642
       47643
       47644
       47645
       47646
       47647
       47659
       48124
       48125
       48126
       48127
       48128
       48129
       48130
       48131
       48132
       48134
       48135
       48612
       48613
       48614
       48615
       48616
       48617
       48618
       48619
       48620
       48621
       48622
       48623
       49099
       49100
       49101
       49102
       49103
       49104
       49105
       49106
       49107
       49108
       49109
       49110
       49111
       49125
       49589
       49590
       49591
       49592
       49593
       49594
       49595
       49596
       49597
       49598
       50074
       50075
       50076
       50077
       50078
       50079
       50080
       50081
       50082
       50083
       50084
       50085
       50086
       50087
       50096
       50097
       50098
       50100
       50561
       50562
       50566
       50567
       50568
       50569
       50570
       50571
       50572
       50573
       50574
       50585
       50587
       50588
       50589
       50590
       50591
       50592
       51053
       51054
       51055
       51057
       51058
       51059
       51060
       51061
       51062
       51072
       51073
       51074
       51076
       51077
       51079
       51081
       51082
       51538
       51539
       51540
       51541
       51542
       51543
       51544
       51545
       51546
       51547
       51549
       51550
       51551
       51560
       51561
       51562
       51564
       51565
       51568
       52025
       52028
       52029
       52030
       52031
       52032
       52033
       52034
       52036
       52037
       52038
       52047
       52048
       52049
       52050
       52051
       52052
       52055
       52056
       52514
       52517
       52518
       52519
       52520
       52521
       52522
       52523
       52524
       52525
       52526
       52534
       52535
       52536
       52537
       52539
       52541
       52542
       52543
       53007
       53008
       53009
       53010
       53011
       53012
       53013
       53014
       53021
       53022
       53023
       53024
       53025
       53027
       53028
       53029
       53030
       53496
       53497
       53498
       53499
       53500
       53501
       53502
       53508
       53509
       53510
       53511
       53512
       53513
       53514
       53515
       53516
       53524
       53525
       53986
       53987
       53988
       53989
       53990
       53991
       53996
       53997
       53998
       53999
       54000
       54001
       54002
       54003
       54014
       54475
       54476
       54477
       54478
       54479
       54485
       54486
       54488
       54489
       54490
       54491
       54492
       54496
       54498
       54499
       54500
       54965
       54966
       54967
       54968
       54974
       54975
       54976
       54977
       54978
       54979
       54980
       54981
       54984
       54985
       54986
       54987
       55454
       55455
       55456
       55457
       55462
       55463
       55464
       55465
       55466
       55467
       55468
       55469
       55470
       55471
       55472
       55473
       55475
       55944
       55945
       55946
       55951
       55952
       55953
       55954
       55955
       55956
       55957
       55958
       55959
       55960
       55961
       55962
       55963
       56431
       56433
       56434
       56439
       56440
       56441
       56442
       56443
       56446
       56447
       56448
       56449
       56450
       56451
       56452
       56920
       56921
       56922
       56927
       56928
       56929
       56930
       56931
       56932
       56933
       56934
       56936
       56937
       56938
       56942
       56943
       56946
       56947
       57415
       57416
       57417
       57418
       57419
       57420
       57421
       57423
       57424
       57425
       57427
       57428
       57429
       57432
       57437
       57899
       57903
       57904
       57905
       57906
       57907
       57908
       57909
       57910
       57911
       57912
       58391
       58392
       58393
       58394
       58395
       58396
       58397
       58398
       58399
       58400
       58880
       58881
       58882
       58883
       58884
       58885
       58886
       58887
       58888
       59369
       59370
       59371
       59372
       59373
       59374
       47657
       50116
       50602
       52078
       52565
       52566
       53531
       54029
       54520
       55007
       55499
       56961
       57440
       57445
       57447
       57450
       57457
       57938
       58434
       59408
       59411
       59412
       59900
       60392
       65281
       47206
       47211
       47216
       47217
       47218
       47219
       47220
       47221
       47222
       47700
       47704
       48188
       48193
       48194
       48195
       48196
       48197
       48198
       48199
       48200
       48201
       48203
       48671
       48672
       48677
       48682
       48683
       48684
       48685
       48686
       48687
       48688
       48689
       48690
       48691
       48700
       49166
       49170
       49654
       49655
       50141
       50142
       50629
       50630
       50632
       51116
       51117
       51118
       51119
       51121
       51604
       51606
       51607
       51610
       52093
       52095
       52099
       52582
       52583
       52584
       53071
       53072
       53559
       53560
       49148
       50140
       50631
       51120
       51609
       53553
       53561
       54046
       60890
       61380
       61381
       63336
