          98
         350
         351
         352
         838
         839
         840
        1327
        1328
        1329
        1814
        1815
        1816
        1817
        2303
        2304
        2306
        2792
        2793
        2795
        3280
        3281
        3769
        3770
        4258
        4259
        4746
        5234
        5235
        5723
        5724
        5725
        5727
        5742
        6212
        6213
        6700
        6701
        6702
        6704
        6719
        7189
        7190
        7207
        7677
        7678
        7679
        8166
        8167
        8168
        8654
        8655
        8656
        8657
        8672
        9143
        9144
        9145
        9146
        9632
        9633
        9634
        9636
        9649
       10121
       10122
       10123
       10609
       10610
       10611
       10612
       11098
       11099
       11100
       11101
       11102
       11114
       11587
       11589
       12076
       12078
       12564
       12566
       12567
       12579
       13053
       13055
       13056
       13068
       13542
       13544
       13545
       13556
       14031
       14044
       14532
       15020
       15508
       16973
