         333
       15640
       15641
       15642
       15643
       15644
       15645
       15646
       15647
       15648
       16124
       16125
       16126
       16127
       16128
       16129
       16130
       16131
       16132
       16133
       16134
       16135
       16136
       16137
       16610
       16611
       16612
       16613
       16614
       16615
       16616
       16617
       16618
       16619
       16620
       16621
       16622
       16623
       16624
       16625
       16626
       17097
       17098
       17099
       17100
       17101
       17102
       17103
       17104
       17105
       17106
       17107
       17108
       17109
       17110
       17111
       17112
       17113
       17114
       17115
       17583
       17584
       17585
       17586
       17587
       17588
       17589
       17590
       17591
       17592
       17593
       17594
       17595
       17596
       17597
       17598
       17599
       17600
       17601
       17602
       17603
       17604
       18071
       18072
       18073
       18074
       18075
       18076
       18077
       18078
       18079
       18080
       18081
       18082
       18083
       18084
       18085
       18086
       18087
       18088
       18089
       18090
       18091
       18092
       18093
       18558
       18559
       18560
       18561
       18562
       18563
       18564
       18565
       18566
       18567
       18568
       18569
       18570
       18571
       18572
       18573
       18574
       18575
       18576
       18577
       18578
       18579
       18580
       18581
       18582
       19046
       19047
       19048
       19049
       19050
       19051
       19052
       19053
       19054
       19055
       19056
       19057
       19058
       19059
       19060
       19061
       19062
       19063
       19064
       19065
       19066
       19067
       19068
       19069
       19070
       19071
       19534
       19535
       19536
       19537
       19538
       19539
       19540
       19541
       19542
       19543
       19544
       19545
       19546
       19547
       19548
       19549
       19550
       19551
       19552
       19553
       19554
       19555
       19556
       19557
       19558
       19559
       19560
       20023
       20024
       20025
       20026
       20027
       20028
       20029
       20030
       20031
       20032
       20033
       20034
       20035
       20036
       20037
       20038
       20039
       20040
       20041
       20042
       20043
       20044
       20045
       20046
       20047
       20048
       20049
       20511
       20512
       20513
       20514
       20515
       20516
       20517
       20518
       20519
       20520
       20521
       20522
       20523
       20524
       20525
       20526
       20527
       20528
       20529
       20530
       20531
       20532
       20533
       20534
       20535
       20536
       20537
       21000
       21001
       21002
       21003
       21004
       21005
       21006
       21007
       21008
       21009
       21010
       21011
       21012
       21013
       21014
       21015
       21016
       21017
       21018
       21489
       21490
       21491
       21492
       21493
       21494
       21495
       21496
       21497
       21498
       21499
       21500
       21501
       21502
       21503
       21504
       21978
       21979
       21980
       21981
       21982
       21983
       21984
       21985
       21986
       21987
       21988
       21989
       21990
       22467
       22468
       22469
       22470
       22471
       22472
       22473
       22474
       22475
       22476
       22477
       22956
       22957
       22958
       22959
       22960
       22961
       22962
       22963
       22964
       23445
       23446
       23447
       23448
       23449
       23450
       23451
       23452
       23934
       23935
       23936
       23937
       23938
       23939
       24423
       24424
       24425
       24426
       24427
       24912
       24913
       24914
       24915
       25401
       25402
       25403
       25890
       25891
       26379
