          54
       20926
       21903
       24856
       25344
       26321
       26806
       26807
       26809
       27276
       27293
       27294
       27295
       27296
       27297
       27781
       27782
       27783
       27784
       27785
       28270
       28271
       28272
       28759
       28760
       28761
       28762
       29247
       29248
       29249
       29250
       29735
       29737
       29738
       30224
       30225
       30226
       30227
       30712
       30713
       30714
       30715
       31201
       31202
       31203
       31690
       31691
       31692
       32179
       32668
       33157
       33646
       35112
       36089
       36577
