         197
      101362
      101363
      101364
      101365
      101849
      101850
      101851
      101852
      101853
      101854
      101855
      101856
      102337
      102338
      102339
      102340
      102341
      102342
      102343
      102344
      102345
      102346
      102347
      102348
      102826
      102827
      102828
      102829
      102830
      102831
      102832
      102833
      102834
      102835
      102836
      102837
      102838
      103315
      103316
      103317
      103318
      103319
      103320
      103321
      103322
      103323
      103324
      103325
      103326
      103327
      103804
      103805
      103806
      103807
      103808
      103809
      103810
      103811
      103812
      103813
      103814
      103815
      103816
      104293
      104294
      104295
      104296
      104297
      104298
      104299
      104300
      104301
      104302
      104303
      104304
      104782
      104783
      104784
      104785
      104786
      104787
      104788
      104789
      104790
      104791
      104792
      104793
      105271
      105272
      105273
      105274
      105275
      105276
      105277
      105278
      105279
      105280
      105281
      105282
      105760
      105761
      105762
      105763
      105764
      105765
      105766
      105767
      105768
      105769
      105770
      105771
      106249
      106250
      106251
      106252
      106253
      106254
      106255
      106256
      106257
      106258
      106259
      106260
      106739
      106740
      106741
      106742
      106743
      106744
      106745
      106746
      106747
      106748
      106749
      107228
      107229
      107230
      107231
      107232
      107233
      107234
      107235
      107236
      107237
      107238
      107718
      107719
      107720
      107721
      107722
      107723
      107724
      107725
      107726
      107727
      108207
      108208
      108209
      108210
      108211
      108212
      108213
      108214
      108215
      108216
      108697
      108698
      108699
      108700
      108701
      108702
      108703
      108704
      108705
      109186
      109187
      109188
      109189
      109190
      109191
      109192
      109193
      109194
      109676
      109677
      109678
      109679
      109680
      109681
      109682
      109683
      110165
      110166
      110167
      110168
      110169
      110170
