         358
       79890
       80379
       80867
       81356
       81847
       82332
       82333
       82336
       82821
       82822
       83310
       83311
       83799
       83800
       83801
       84288
       84289
       84290
       84776
       84777
       84778
       85265
       85266
       85267
       85753
       85754
       85755
       85756
       86242
       86243
       86244
       86245
       86731
       86732
       86733
       87219
       87220
       87221
       87222
       87708
       87709
       87710
       88197
       88198
       88199
       88686
       88687
       88688
       89175
       89176
       89177
       89663
       89664
       89665
       89666
       90152
       90153
       90154
       90155
       90641
       90642
       90643
       91130
       91131
       91132
       91619
       91620
       91621
       92108
       92109
       92597
       92598
       93086
       93087
       93575
       94064
       95531
       96020
       96509
       96998
       97487
       98466
       98955
       93576
       94065
       94554
       95043
       95532
       97488
       97977
       99445
      100913
       80871
       81360
       81846
       81848
       81849
       82335
       82337
       82338
       82827
       83316
       83804
       83805
       84293
       84782
       85269
       85270
       85271
       85757
       85758
       85759
       86246
       86247
       86248
       86734
       86735
       87223
       87224
       87712
       87713
       88200
       88201
       88689
       88690
       89178
       89179
       89667
       89668
       90156
       90157
       90644
       90645
       91133
       91134
       91622
       91623
       92110
       92111
       92112
       92599
       92600
       93088
       93089
       93577
       94066
       94555
       95044
       95533
       96021
       96022
       96510
       96511
       96999
       97000
       97489
       97978
       98467
       98956
      100424
       93090
       93091
       93092
       93578
       93579
       93580
       93581
       94067
       94068
       94069
       94070
       94556
       94557
       94558
       94559
       94560
       94561
       95045
       95046
       95047
       95048
       95049
       95050
       95534
       95535
       95536
       95537
       95538
       95539
       96023
       96024
       96025
       96026
       96027
       96028
       96512
       96513
       96514
       96515
       96516
       96517
       96518
       97001
       97002
       97003
       97004
       97005
       97006
       97007
       97490
       97491
       97492
       97493
       97494
       97495
       97496
       97497
       97979
       97980
       97981
       97982
       97983
       97984
       97985
       97986
       98468
       98469
       98470
       98471
       98472
       98473
       98474
       98475
       98476
       98477
       98957
       98958
       98959
       98960
       98961
       98962
       98963
       98964
       98965
       98966
       99446
       99447
       99448
       99449
       99450
       99451
       99454
       99455
       99936
       99937
       99938
       99939
       99940
       99944
       99945
      100427
      100428
      100434
      100435
      100917
      100924
      100925
       80877
       81366
       81854
       81855
       82343
       82344
       82832
       83317
       83321
       83806
       83809
       83810
       84298
       84299
       84783
       84786
       84787
       85272
       85275
       85276
       85760
       85761
       85763
       85764
       85765
       86249
       86250
       86252
       86253
       86736
       86737
       86738
       86740
       87225
       87226
       87227
       87229
       87714
       87715
       87718
       88202
       88203
       88207
       88691
       88695
       89180
       89184
       89669
       89672
       89673
       90158
       90161
       90646
       90649
       90650
       91135
       91138
       91139
       91624
       91627
       91628
       92113
       92114
       92117
       92601
       92602
       92603
       92606
       93095
       93584
       94073
       94562
       94563
       95052
       95541
       96031
       96520
       96521
       97010
       97011
       97500
       97989
       97990
       98479
       98480
       98969
       98970
       99949
      100438
      101417
      101906
