          43
       47816
       48305
       48793
       49281
       49282
       49769
       49770
       49771
       49772
       49773
       50258
       50259
       50260
       50747
       50748
       50749
       50752
       51236
       51237
       51238
       51241
       51242
       51727
       51728
       51729
       52216
       52217
       52218
       52704
       52705
       53193
       53197
       53198
       53199
       53682
       53687
       54172
       54176
       54179
       54665
       55143
       55151
       55154
