         534
       20538
       21019
       21020
       21021
       21022
       21023
       21024
       21025
       21026
       21027
       21505
       21506
       21507
       21508
       21509
       21510
       21511
       21512
       21513
       21514
       21515
       21516
       21991
       21992
       21993
       21994
       21995
       21996
       21997
       21998
       21999
       22000
       22001
       22002
       22003
       22004
       22005
       22478
       22479
       22480
       22481
       22482
       22483
       22484
       22485
       22486
       22487
       22488
       22489
       22490
       22491
       22492
       22493
       22494
       22965
       22966
       22967
       22968
       22969
       22970
       22971
       22972
       22973
       22974
       22975
       22976
       22977
       22978
       22979
       22980
       22981
       22982
       22983
       23453
       23454
       23455
       23456
       23457
       23458
       23459
       23460
       23461
       23462
       23463
       23464
       23465
       23466
       23467
       23468
       23469
       23470
       23471
       23472
       23940
       23941
       23942
       23943
       23944
       23945
       23946
       23947
       23948
       23949
       23950
       23951
       23952
       23953
       23954
       23955
       23956
       23957
       23958
       23959
       23960
       23961
       24428
       24429
       24430
       24431
       24432
       24433
       24434
       24435
       24436
       24437
       24438
       24439
       24440
       24441
       24442
       24443
       24444
       24445
       24446
       24447
       24448
       24449
       24450
       24916
       24917
       24918
       24919
       24920
       24921
       24922
       24923
       24924
       24925
       24926
       24927
       24928
       24929
       24930
       24931
       24932
       24933
       24934
       24935
       24936
       24937
       24938
       24939
       25404
       25405
       25406
       25407
       25408
       25409
       25410
       25411
       25412
       25413
       25414
       25415
       25416
       25417
       25418
       25419
       25420
       25421
       25422
       25423
       25424
       25425
       25426
       25427
       25428
       25892
       25893
       25894
       25895
       25896
       25897
       25898
       25899
       25900
       25901
       25902
       25903
       25904
       25905
       25906
       25907
       25908
       25909
       25910
       25911
       25912
       25913
       25914
       25915
       25916
       25917
       26380
       26381
       26382
       26383
       26384
       26385
       26386
       26387
       26388
       26389
       26390
       26391
       26392
       26393
       26394
       26395
       26396
       26397
       26398
       26399
       26400
       26401
       26402
       26403
       26404
       26405
       26406
       26868
       26869
       26870
       26871
       26872
       26873
       26874
       26875
       26876
       26877
       26878
       26879
       26880
       26881
       26882
       26883
       26884
       26885
       26886
       26887
       26888
       26889
       26890
       26891
       26892
       26893
       26894
       26895
       27357
       27358
       27359
       27360
       27361
       27362
       27363
       27364
       27365
       27366
       27367
       27368
       27369
       27370
       27371
       27372
       27373
       27374
       27375
       27376
       27377
       27378
       27379
       27380
       27381
       27382
       27383
       27384
       27846
       27847
       27848
       27849
       27850
       27851
       27852
       27853
       27854
       27855
       27856
       27857
       27858
       27859
       27860
       27861
       27862
       27863
       27864
       27865
       27866
       27867
       27868
       27869
       27870
       27871
       27872
       27873
       28335
       28336
       28337
       28338
       28339
       28340
       28341
       28342
       28343
       28344
       28345
       28346
       28347
       28348
       28349
       28350
       28351
       28352
       28353
       28354
       28355
       28356
       28357
       28358
       28359
       28360
       28361
       28362
       28824
       28825
       28826
       28827
       28828
       28829
       28830
       28831
       28832
       28833
       28834
       28835
       28836
       28837
       28838
       28839
       28840
       28841
       28842
       28843
       28844
       28845
       28846
       28847
       28848
       28849
       28850
       28851
       29313
       29314
       29315
       29316
       29317
       29318
       29319
       29320
       29321
       29322
       29323
       29324
       29325
       29326
       29327
       29328
       29329
       29330
       29331
       29332
       29333
       29334
       29335
       29336
       29337
       29338
       29339
       29340
       29802
       29803
       29804
       29805
       29806
       29807
       29808
       29809
       29810
       29811
       29812
       29813
       29814
       29815
       29816
       29817
       29818
       29819
       29820
       29821
       29822
       29823
       29824
       29825
       29826
       29827
       29828
       29829
       30292
       30293
       30294
       30295
       30296
       30297
       30298
       30299
       30300
       30301
       30302
       30303
       30304
       30305
       30306
       30307
       30308
       30309
       30310
       30311
       30312
       30313
       30314
       30315
       30316
       30317
       30318
       30781
       30782
       30783
       30784
       30785
       30786
       30787
       30788
       30789
       30790
       30791
       30792
       30793
       30794
       30795
       30796
       30797
       30798
       30799
       30800
       30801
       30802
       30803
       30804
       30805
       30806
       30807
       31270
       31271
       31272
       31273
       31274
       31275
       31276
       31277
       31278
       31279
       31280
       31281
       31282
       31283
       31284
       31285
       31286
       31287
       31288
       31289
       31290
       31291
       31292
       31293
       31294
       31295
       31296
       31759
       31760
       31761
       31762
       31763
       31764
       31765
       31766
       31767
       31768
       31769
       31770
       31771
       32248
       32249
       32250
       32251
