          40
      207678
      208654
      209633
      210121
      210124
      210614
      210616
      221881
      222369
      222858
      223345
      223346
      223347
      223836
      224325
      224814
      225303
      225792
      226281
      226769
      226770
      227258
      227259
      227747
      227748
      227752
      228236
      228237
      228241
      228725
      228726
      229214
      229703
      230192
      230681
      231170
      231658
      231659
      232148
      232641
