          69
         411
         429
         920
        1388
        1408
        1409
        1876
        1894
        1897
        1898
        2383
        2388
        2871
        2872
        2873
        2877
        2885
        3359
        3360
        3361
        3362
        3366
        3849
        3850
        3851
        3852
        3853
        4338
        4339
        4340
        4341
        4342
        4826
        4829
        5315
        5316
        5802
        5803
        5804
        5805
        5806
        5808
        6290
        6291
        6292
        6293
        6294
        6295
        6779
        6780
        6781
        6782
        6783
        6784
        6785
        7267
        7268
        7269
        7270
        7271
        7273
        7755
        7759
        7762
        8248
        8251
        8732
        9241
       11182
