          48
      112514
      112530
      113506
      113508
      113993
      113995
      113999
      114481
      114487
      114974
      115945
      115948
      116435
      116436
      116439
      116925
      116926
      117412
      117413
      117414
      117898
      117899
      117900
      118382
      118383
      118384
      118385
      118387
      118868
      119352
      119353
      120327
      120328
      120333
      120334
      120820
      120821
      121310
      121800
      121802
      121803
      122776
      122780
      122781
      122782
      122788
      122789
      123264
