          89
      104352
      104841
      104842
      105330
      105331
      105819
      105820
      106309
      106798
      107288
      107777
      107778
      108258
      108259
      108267
      108747
      108748
      108749
      108750
      108756
      108757
      108758
      109236
      109237
      109238
      109239
      109246
      109247
      109248
      109724
      109725
      109726
      109727
      109728
      109729
      109735
      109736
      109737
      109738
      110213
      110216
      110226
      110227
      110702
      110703
      110705
      110715
      110716
      111190
      111191
      111192
      111195
      111205
      111679
      111680
      111681
      111684
      111695
      112169
      112170
      112180
      112181
      112183
      112184
      112658
      112659
      112660
      112663
      112664
      112665
      112666
      112667
      112668
      112671
      113147
      113149
      113636
      113638
      114126
      114127
      114128
      114616
      114618
      115106
      115596
      116085
      117064
      117554
      118533
