          47
       83957
       84931
       88841
       91292
       91773
       93256
       93735
      102051
      103497
      103513
      104476
      104484
      104485
      104489
      105453
      106430
      106441
      106915
      107403
      107419
      107891
      107896
      108379
      108393
      108880
      109851
      110338
      110346
      111798
      112774
      113262
      113274
      113284
      114750
       95682
       96668
       97647
       98131
       98613
       99108
       99112
       99591
      101055
      101064
      102032
      105461
      105462
