         922
      103904
      104394
      104395
      104396
      104397
      104881
      104882
      104883
      104886
      105369
      105372
      105373
      105374
      105375
      105376
      105377
      105380
      105858
      105860
      105861
      105862
      105864
      105866
      105867
      105870
      106346
      106347
      106348
      106349
      106350
      106351
      106352
      106353
      106354
      106355
      106356
      106357
      106358
      106359
      106835
      106836
      106837
      106838
      106839
      106840
      106841
      106842
      106843
      106844
      106845
      106846
      106847
      106848
      107323
      107324
      107325
      107326
      107327
      107328
      107329
      107330
      107331
      107332
      107333
      107334
      107335
      107336
      107337
      107811
      107812
      107813
      107814
      107815
      107816
      107817
      107818
      107819
      107820
      107821
      107822
      107823
      107824
      107825
      107826
      108300
      108301
      108302
      108303
      108304
      108305
      108306
      108307
      108308
      108309
      108310
      108311
      108312
      108313
      108314
      108315
      108788
      108789
      108790
      108791
      108792
      108793
      108794
      108795
      108796
      108797
      108798
      108799
      108800
      108801
      108802
      108803
      108804
      109277
      109278
      109279
      109280
      109281
      109282
      109283
      109284
      109285
      109286
      109287
      109288
      109289
      109290
      109291
      109292
      109293
      109765
      109766
      109767
      109768
      109769
      109770
      109771
      109772
      109773
      109774
      109775
      109776
      109777
      109778
      109779
      109780
      109781
      109782
      110254
      110255
      110256
      110257
      110258
      110259
      110260
      110261
      110262
      110263
      110264
      110265
      110266
      110267
      110268
      110269
      110270
      110271
      110742
      110743
      110744
      110745
      110746
      110747
      110748
      110749
      110750
      110751
      110752
      110753
      110754
      110755
      110756
      110757
      110758
      110759
      110760
      111231
      111232
      111233
      111234
      111235
      111236
      111237
      111238
      111239
      111240
      111241
      111242
      111243
      111244
      111245
      111246
      111247
      111248
      111249
      111724
      111725
      111726
      111727
      111728
      111729
      111730
      111731
      111732
      111733
      111734
      111735
      111736
      111737
      111738
      112214
      112215
      112216
      112217
      112218
      112219
      112220
      112221
      112222
      112223
      112224
      112225
      112226
      112227
      112703
      112704
      112705
      112706
      112707
      112708
      112709
      112710
      112711
      112712
      112713
      112714
      112715
      112716
      113194
      113195
      113196
      113197
      113198
      113199
      113200
      113201
      113202
      113203
      113204
      113205
      113683
      113684
      113685
      113686
      113687
      113688
      113689
      113690
      113691
      113692
      113693
      113694
      114174
      114175
      114176
      114178
      114179
      114181
      114182
      114183
      114663
      114664
      114665
      114666
      114667
      114668
      114669
      114670
      114671
      114672
      115154
      115155
      115156
      115157
      115158
      115159
      115160
      115161
      115648
      115649
      115650
      116138
      116139
      116627
      116628
      101481
      101969
      101972
      102460
      102461
      102949
      102950
      102952
      103438
      103439
      103440
      103441
      103442
      103926
      103927
      103928
      103929
      103930
      103931
      103932
      104415
      104416
      104417
      104418
      104419
      104420
      104421
      104904
      104905
      104906
      104907
      104908
      104909
      104910
      104911
      105392
      105393
      105394
      105395
      105396
      105397
      105398
      105399
      105400
      105401
      105871
      105873
      105874
      105875
      105876
      105877
      105878
      105881
      105882
      105883
      105884
      105885
      105886
      105887
      105888
      105889
      105890
      105891
      106360
      106361
      106362
      106363
      106364
      106365
      106366
      106367
      106368
      106369
      106370
      106371
      106372
      106373
      106374
      106375
      106376
      106377
      106378
      106379
      106380
      106381
      106849
      106850
      106851
      106852
      106853
      106854
      106855
      106856
      106857
      106858
      106859
      106860
      106861
      106862
      106863
      106864
      106865
      106866
      106867
      106868
      106869
      106870
      107338
      107339
      107340
      107341
      107342
      107343
      107344
      107345
      107346
      107347
      107348
      107349
      107350
      107351
      107352
      107353
      107354
      107355
      107356
      107357
      107358
      107359
      107360
      107827
      107828
      107829
      107830
      107831
      107832
      107833
      107834
      107835
      107836
      107837
      107838
      107839
      107840
      107841
      107842
      107843
      107844
      107845
      107846
      107847
      107848
      107849
      107850
      108316
      108317
      108318
      108319
      108320
      108321
      108322
      108323
      108324
      108325
      108326
      108327
      108328
      108329
      108330
      108331
      108332
      108333
      108334
      108335
      108336
      108337
      108338
      108339
      108805
      108806
      108807
      108808
      108809
      108810
      108811
      108812
      108813
      108814
      108815
      108816
      108817
      108818
      108819
      108820
      108821
      108822
      108823
      108824
      108825
      108826
      108827
      108828
      108829
      109294
      109295
      109296
      109297
      109298
      109299
      109300
      109301
      109302
      109303
      109304
      109305
      109306
      109307
      109308
      109309
      109310
      109311
      109312
      109313
      109314
      109315
      109316
      109317
      109318
      109319
      109783
      109784
      109785
      109786
      109787
      109788
      109789
      109790
      109791
      109792
      109793
      109794
      109795
      109796
      109797
      109798
      109799
      109800
      109801
      109802
      109803
      109804
      109805
      109806
      109807
      109808
      110272
      110273
      110274
      110275
      110276
      110277
      110278
      110279
      110280
      110281
      110282
      110283
      110284
      110285
      110286
      110287
      110288
      110289
      110290
      110291
      110292
      110293
      110294
      110295
      110296
      110297
      110298
      110761
      110762
      110763
      110764
      110765
      110766
      110767
      110768
      110769
      110770
      110771
      110772
      110773
      110774
      110775
      110776
      110777
      110778
      110779
      110780
      110781
      110782
      110783
      110784
      110785
      110786
      110787
      111250
      111251
      111252
      111253
      111254
      111255
      111256
      111257
      111258
      111259
      111260
      111261
      111262
      111263
      111264
      111265
      111266
      111267
      111268
      111269
      111270
      111271
      111272
      111273
      111274
      111275
      111276
      111277
      111739
      111740
      111741
      111742
      111743
      111744
      111745
      111746
      111747
      111748
      111749
      111750
      111751
      111752
      111753
      111754
      111755
      111756
      111757
      111758
      111759
      111760
      111761
      111762
      111763
      111764
      111765
      111766
      112228
      112229
      112230
      112231
      112232
      112233
      112234
      112235
      112236
      112237
      112238
      112239
      112240
      112241
      112242
      112243
      112244
      112245
      112246
      112247
      112248
      112249
      112250
      112251
      112252
      112253
      112254
      112255
      112256
      112717
      112718
      112719
      112720
      112721
      112722
      112723
      112724
      112725
      112726
      112727
      112728
      112729
      112730
      112731
      112732
      112733
      112734
      112735
      112736
      112737
      112738
      112739
      112740
      112741
      112742
      112743
      112744
      112745
      113206
      113207
      113208
      113209
      113210
      113211
      113212
      113213
      113214
      113215
      113216
      113217
      113218
      113219
      113220
      113221
      113222
      113223
      113224
      113225
      113226
      113227
      113228
      113229
      113230
      113231
      113232
      113233
      113234
      113695
      113696
      113697
      113698
      113699
      113700
      113701
      113702
      113703
      113704
      113705
      113706
      113707
      113708
      113709
      113710
      113711
      113712
      113713
      113714
      113715
      113716
      113717
      113718
      113719
      113720
      113721
      114184
      114185
      114186
      114187
      114188
      114189
      114190
      114191
      114192
      114193
      114194
      114195
      114196
      114197
      114198
      114199
      114200
      114201
      114202
      114203
      114204
      114205
      114206
      114207
      114208
      114209
      114673
      114674
      114675
      114676
      114677
      114678
      114679
      114680
      114681
      114682
      114683
      114684
      114685
      114686
      114687
      114688
      114689
      114690
      114691
      114692
      114693
      114694
      114695
      115162
      115163
      115164
      115165
      115166
      115167
      115168
      115169
      115170
      115171
      115172
      115173
      115174
      115175
      115176
      115177
      115178
      115179
      115180
      115651
      115652
      115653
      115654
      115655
      115656
      115657
      115658
      115659
      115660
      115661
      115662
      115663
      115664
      115665
      115666
      115667
      115668
      116140
      116141
      116142
      116143
      116144
      116145
      116146
      116147
      116148
      116149
      116150
      116151
      116152
      116153
      116154
      116155
      116629
      116630
      116631
      116632
      116633
      116634
      116635
      116636
      116637
      116638
      116639
      116640
      116641
      116642
      116643
      117119
      117120
      117121
      117122
      117123
      117124
      117125
      117126
      117127
      117128
      117609
      117610
      117611
      117612
      117613
      117614
      117615
      117616
