         178
      115075
      115076
      115077
      115078
      115079
      115080
      115081
      115082
      115083
      115564
      115565
      115566
      115567
      115568
      115569
      115570
      115571
      115572
      115573
      115574
      115575
      115576
      115577
      115578
      115579
      115580
      116053
      116054
      116055
      116056
      116057
      116058
      116059
      116060
      116061
      116062
      116063
      116064
      116065
      116066
      116067
      116068
      116069
      116070
      116071
      116541
      116542
      116543
      116544
      116545
      116546
      116547
      116548
      116549
      116550
      116551
      116552
      116553
      116554
      116555
      116556
      116557
      116558
      116559
      116560
      116561
      116562
      116563
      117030
      117031
      117032
      117033
      117034
      117035
      117036
      117037
      117038
      117039
      117040
      117041
      117042
      117043
      117044
      117045
      117046
      117047
      117048
      117049
      117051
      117052
      117518
      117519
      117520
      117521
      117522
      117523
      117524
      117525
      117526
      117527
      117528
      117529
      117530
      117531
      117532
      117533
      117534
      117535
      117536
      117537
      117538
      118007
      118008
      118010
      118011
      118012
      118013
      118014
      118015
      118016
      118017
      118018
      118019
      118020
      118021
      118022
      118023
      118024
      118025
      118026
      118027
      118496
      118497
      118498
      118499
      118500
      118501
      118502
      118503
      118504
      118505
      118506
      118507
      118508
      118509
      118510
      118511
      118512
      118513
      118514
      118515
      118516
      118991
      118992
      118993
      118994
      118995
      118996
      118997
      118998
      118999
      119000
      119001
      119002
      119003
      119004
      119005
      119486
      119487
      119488
      119489
      119490
      119491
      119492
      119493
      119494
      119982
      119983
