          66
         696
        1669
        2160
        2162
        2652
        2653
        4107
        4109
        4603
        5089
        5090
        5095
        5096
        5577
        5578
        5579
        5580
        5581
        5585
        5586
        5588
        5601
        6068
        6071
        6072
        6073
        6074
        6075
        6076
        6078
        6562
        6566
        6567
        6568
        7054
        7056
        7060
        7546
        7548
        7549
        8039
        8040
        8507
        8510
        8511
        8512
        8513
        8530
        8999
        9000
        9010
        9014
        9015
        9016
        9017
        9018
        9493
        9500
        9501
        9505
        9512
       10483
       10975
       11959
       12443
       13429
