         132
         318
         319
         322
         331
         807
         809
         811
         819
        1296
        1298
        1300
        1307
        1308
        1784
        1787
        1789
        1796
        2273
        2277
        2278
        2762
        2764
        2766
        3250
        3253
        3262
        3739
        3741
        3751
        4228
        4230
        4239
        4716
        4717
        4718
        4719
        4720
        4721
        5205
        5206
        5207
        5208
        5209
        5210
        5693
        5695
        5696
        5697
        5698
        5699
        5705
        6181
        6184
        6185
        6186
        6187
        6188
        6194
        6674
        6675
        6676
        6677
        7164
        7165
        7166
        7171
        7647
        7653
        7654
        8132
        8136
        8142
        8143
        8622
        8623
        8631
        8636
        9111
        9112
        9115
        9120
        9125
        9600
        9601
        9604
        9608
        9609
        9613
       10089
       10090
       10093
       10094
       10097
       10098
       10101
       10102
       10578
       10582
       10583
       10586
       10587
       10588
       10589
       10590
       11067
       11071
       11072
       11075
       11076
       11077
       11078
       11556
       11560
       11564
       11565
       11566
       11567
       12045
       12049
       12053
       12054
       12055
       12538
       12541
       12542
       13030
       13031
       13520
       14000
       14003
       14008
       14492
