          71
       23295
       24275
       24772
       25251
       25252
       25748
       26691
       26728
       27186
       27676
       27706
       28680
       28687
       29144
       29145
       29659
       30132
       30135
       30165
       30619
       30620
       30621
       30648
       31098
       31099
       31100
       31110
       31112
       31117
       31599
       31601
       31602
       31610
       31627
       31633
       32075
       32094
       32095
       32096
       32097
       32098
       32099
       32100
       32101
       32102
       32103
       32104
       32584
       32585
       32591
       32602
       33067
       33086
       33096
       33098
       33543
       33552
       33555
       33571
       33580
       33581
       33584
       34067
       34547
       35023
       35024
       35025
       37469
       38450
       38453
       38925
