          43
      197898
      198387
      198876
      199365
      199854
      199856
      200343
      200344
      200345
      200832
      200833
      200834
      201321
      201322
      201810
      201811
      202299
      202300
      202787
      202788
      202789
      203276
      203277
      203278
      203765
      203766
      203767
      204255
      204731
      204744
      204745
      205230
      205231
      205234
      205708
      205710
      206200
      206210
      206211
      206693
      206698
      206699
      207190
