          38
      118811
      119789
      119796
      120278
      122235
      122241
      123218
      124191
      124684
      125174
      126157
      126638
      126639
      127127
      127128
      127616
      127617
      128105
      128106
      128592
      128593
      129081
      129082
      129089
      129571
      129578
      129582
      130052
      130060
      130541
      130555
      131047
      132512
      133487
      133488
      133964
      134453
      134463
