          49
       74780
       75755
       78203
       78204
       78216
       78222
       78705
       78710
       78711
       78712
       79185
       79200
       79667
       79677
       79678
       79683
       79689
       79690
       80158
       80159
       80167
       80170
       80171
       80178
       80179
       80643
       80650
       80654
       80658
       80667
       81145
       81150
       81156
       81157
       81640
       82120
       82121
       82125
       82126
       82129
       82591
       82599
       82607
       82623
       83100
       83101
       83601
       84083
       84090
