         256
         277
         278
         279
         282
         283
         284
         285
         286
         287
         288
         289
         765
         766
         767
         768
         769
         772
         773
         774
         775
         776
         777
         778
        1254
        1255
        1256
        1257
        1258
        1259
        1260
        1261
        1262
        1263
        1264
        1265
        1266
        1267
        1743
        1744
        1745
        1746
        1747
        1748
        1749
        1750
        1751
        1752
        1753
        1754
        2232
        2233
        2234
        2235
        2236
        2237
        2238
        2239
        2240
        2241
        2242
        2243
        2721
        2722
        2723
        2724
        2725
        2726
        2727
        2728
        2729
        2730
        2731
        3210
        3211
        3212
        3213
        3214
        3215
        3216
        3217
        3218
        3219
        3220
        3699
        3700
        3701
        3702
        3703
        3704
        3705
        3706
        3707
        3708
        3709
        4188
        4189
        4190
        4191
        4192
        4193
        4194
        4195
        4196
        4197
        4677
        4678
        4680
        4681
        4682
        4683
        4684
        4685
        4686
        4687
        5166
        5167
        5168
        5169
        5170
        5171
        5172
        5173
        5175
        5176
        5655
        5656
        5657
        5658
        5659
        5660
        5661
        5662
        5663
        5664
        6144
        6145
        6146
        6147
        6148
        6149
        6150
        6151
        6152
        6153
        6633
        6634
        6636
        6637
        6638
        6639
        6640
        6641
        7121
        7122
        7123
        7125
        7126
        7127
        7128
        7129
        7130
        7610
        7611
        7612
        7614
        7615
        7616
        7617
        7618
        7619
        7622
        7623
        8099
        8101
        8103
        8104
        8105
        8106
        8108
        8111
        8113
        8588
        8589
        8590
        8591
        8592
        8593
        8594
        8595
        8596
        8599
        8600
        8601
        8602
        9077
        9078
        9079
        9080
        9081
        9082
        9083
        9084
        9566
        9567
        9568
        9569
        9570
        9571
        9572
        9573
       10055
       10056
       10058
       10059
       10060
       10061
       10062
       10063
       10064
       10065
       10066
       10067
       10068
       10547
       10548
       10549
       10550
       10551
       10552
       10553
       10554
       10555
       10556
       10557
       11036
       11038
       11039
       11040
       11041
       11042
       11043
       11045
       11046
       11047
       11525
       11527
       11528
       11529
       11530
       11531
       11532
       11535
       11536
       12017
       12025
       12506
