          48
        9650
       11115
       12092
       12580
       13069
       14045
       14046
       15022
       15510
       15998
       15999
       16485
       16486
       16487
       16974
       16975
       16976
       17463
       17464
       17465
       17951
       17952
       17953
       17954
       18440
       18441
       18442
       18443
       18929
       18930
       18931
       19418
       19419
       19420
       19907
       20395
       20397
       20884
       21372
       21373
       21374
       21861
       21862
       21863
       22351
       22352
       25772
       26260
