         104
       61210
       61211
       61695
       61703
       61704
       61705
       61708
       61709
       61710
       62182
       62183
       62189
       62190
       62191
       62192
       62193
       62194
       62195
       62196
       62198
       62199
       62203
       62678
       62679
       62681
       62684
       62688
       62690
       63174
       63179
       63664
       63665
       63666
       63667
       63668
       64152
       64636
       64637
       64638
       64639
       65124
       65125
       65612
       65618
       65619
       65620
       65621
       65622
       66101
       66104
       66105
       66106
       66107
       66108
       66109
       66110
       66585
       66586
       66587
       66593
       66594
       66595
       66596
       67072
       67074
       67075
       67076
       67077
       67078
       67079
       67080
       67081
       67082
       67083
       67559
       67560
       67561
       67565
       67566
       67567
       67568
       68049
       68053
       68060
       68061
       68063
       68064
       68066
       68540
       68554
       69023
       69039
       69527
       70017
       70507
       70980
       70984
       70985
       71480
       71964
       71980
       72472
       72929
       74902
