        1435
      193250
      197650
      198138
      200089
      203041
      203044
      204015
      205003
      205489
      205976
      206464
      206466
      206468
      207947
      202609
      203564
      204042
      204043
      204044
      204045
      204046
      204047
      204048
      204071
      205614
      206010
      206104
      206497
      206509
      206595
      206985
      207085
      207472
      207484
      207577
      207959
      208438
      208447
      208459
      208929
      208934
      209419
      209422
      209909
      209921
      210897
      211386
      211874
      212362
      212851
      213339
      213340
      213828
      214315
      215782
      217238
      217739
      217740
      217741
      217742
      217743
      217744
      217745
      217747
      217750
      218227
      218228
      218229
      218232
      218233
      218234
      218243
      218705
      218706
      218708
      218709
      218716
      218720
      218721
      218722
      218725
      218726
      218727
      218729
      219197
      219199
      219207
      219208
      219214
      219215
      219216
      219225
      219226
      219717
      220207
      220208
      220209
      220254
      220667
      220698
      220699
      220700
      220742
      221153
      221183
      221184
      221185
      221186
      221187
      221188
      221189
      221190
      221191
      221192
      221230
      221644
      221672
      221673
      221674
      221675
      221676
      221677
      221678
      221679
      221680
      221681
      221682
      221683
      221684
      221685
      221760
      221761
      222130
      222133
      222162
      222163
      222164
      222165
      222166
      222167
      222168
      222169
      222170
      222171
      222172
      222173
      222174
      222175
      222176
      222247
      222619
      222652
      222653
      222654
      222655
      222656
      222657
      222658
      222659
      222660
      222661
      222662
      222663
      222664
      222665
      222666
      222667
      222668
      223106
      223109
      223112
      223145
      223146
      223147
      223148
      223149
      223150
      223151
      223152
      223153
      223154
      223155
      223156
      223157
      223158
      223159
      223160
      223595
      223596
      223634
      223635
      223636
      223637
      223638
      223639
      223640
      223641
      223642
      223643
      223644
      223645
      223646
      223647
      223648
      223649
      223650
      223651
      223652
      224089
      224090
      224125
      224126
      224127
      224128
      224129
      224130
      224131
      224132
      224133
      224134
      224135
      224136
      224137
      224138
      224139
      224140
      224141
      224142
      224156
      224201
      224578
      224579
      224618
      224619
      224620
      224621
      224622
      224623
      224624
      224625
      224626
      224627
      224628
      224629
      224630
      224631
      224632
      224641
      225110
      225111
      225112
      225113
      225114
      225115
      225116
      225117
      225118
      225119
      225120
      225127
      225128
      225129
      225560
      225600
      225601
      225602
      225603
      225604
      225605
      225606
      225607
      225608
      225609
      225614
      225615
      226052
      226091
      226092
      226093
      226094
      226095
      226096
      226097
      226098
      226099
      226100
      226101
      226102
      226581
      226582
      226583
      226584
      226585
      226586
      226587
      226588
      226644
      227132
      227521
      227522
      227523
      227524
      228010
      228011
      228012
      228013
      228108
      228109
      228497
      228498
      228499
      228500
      228501
      228596
      228986
      228988
      228989
      229084
      229085
      229475
      229476
      229477
      229478
      229572
      229573
      229962
      229963
      229964
      229965
      229966
      230060
      230061
      230452
      230454
      230455
      230548
      230549
      230550
      230939
      230941
      231037
      231038
      231039
      231426
      231427
      231428
      231429
      231430
      231433
      231434
      231525
      231526
      231915
      231916
      231918
      231919
      231923
      232014
      232015
      232404
      232405
      232407
      232408
      232412
      232502
      232503
      232504
      203540
      205979
      206463
      207935
      213795
      213807
      214282
      214293
      214299
      215280
      215757
      215771
      216242
      216259
      216260
      216749
      216750
      217726
      217727
      217728
      218215
      218216
      218217
      218653
      218704
      219172
      219192
      219194
      219683
      220131
      220659
      221622
      221636
      222110
      222127
      222128
      222598
      222612
      222617
      223062
      223081
      223082
      223083
      223084
      223104
      223105
      223587
      223591
      224082
      224084
      224085
      225049
      226003
      226509
      230409
      231398
      192784
      194732
      212308
      213284
      213799
      213806
      213808
      214768
      215166
      215281
      215699
      215700
      215770
      216141
      216187
      216188
      216261
      216721
      217239
      218190
      218634
      218635
      218636
      219121
      219123
      219124
      219127
      219128
      219129
      219193
      219195
      219609
      219610
      219611
      219621
      219622
      219681
      219682
      220098
      220099
      220109
      220113
      220133
      220170
      220171
      220586
      220587
      220617
      220623
      220646
      220662
      221075
      221147
      221150
      221151
      221564
      221604
      221638
      221639
      221640
      222052
      222053
      222124
      222129
      222519
      222541
      222613
      222614
      222615
      222616
      222618
      223007
      223030
      223100
      223102
      223103
      223107
      223495
      223496
      223517
      223519
      223551
      223586
      223590
      223592
      223593
      223594
      223985
      224007
      224008
      224073
      224081
      224083
      224474
      224496
      224561
      224963
      224985
      225452
      225472
      225474
      225941
      225961
      225963
      226001
      226002
      226026
      226429
      226430
      226448
      226450
      226451
      226505
      226508
      226918
      226919
      226937
      226939
      226940
      226999
      227001
      227407
      227408
      227427
      227429
      227489
      227896
      227897
      227916
      227918
      227978
      228385
      228386
      228405
      228406
      228407
      228874
      228894
      228895
      229363
      229383
      229384
      229425
      229852
      229873
      229909
      230341
      230361
      230362
      230399
      230830
      230850
      230851
      230898
      230908
      230909
      231338
      231339
      231387
      231388
      231827
      231828
      231875
      231878
      231886
      232316
      232317
      232356
      232357
      232368
      232374
      232375
      211873
      212361
      213338
      218711
      218732
      219201
      219202
      219222
      219223
      219224
      219690
      219691
      219692
      219693
      219694
      219695
      219706
      219707
      219708
      219709
      219710
      219714
      219715
      219716
      220175
      220176
      220177
      220179
      220180
      220181
      220182
      220183
      220184
      220196
      220197
      220198
      220199
      220200
      220201
      220202
      220203
      220204
      220205
      220206
      220663
      220664
      220665
      220668
      220669
      220670
      220671
      220672
      220673
      220679
      220680
      220681
      220682
      220683
      220684
      220685
      220686
      220687
      220688
      220689
      220690
      220691
      220692
      220693
      220694
      220695
      220696
      221152
      221157
      221158
      221159
      221160
      221161
      221162
      221165
      221166
      221167
      221168
      221169
      221170
      221171
      221172
      221173
      221174
      221175
      221176
      221177
      221178
      221179
      221180
      221181
      221641
      221642
      221643
      221645
      221646
      221647
      221648
      221649
      221650
      221651
      221652
      221654
      221655
      221656
      221657
      221658
      221659
      221660
      221661
      221662
      221663
      221664
      221665
      221666
      221667
      221668
      221669
      221670
      222132
      222135
      222136
      222137
      222138
      222139
      222140
      222141
      222142
      222143
      222144
      222145
      222146
      222147
      222148
      222149
      222150
      222151
      222152
      222153
      222154
      222155
      222156
      222157
      222158
      222620
      222622
      222623
      222624
      222625
      222626
      222627
      222628
      222629
      222630
      222631
      222632
      222633
      222634
      222635
      222636
      222637
      222638
      222639
      222640
      222641
      222642
      222643
      222644
      222645
      222646
      222647
      223108
      223110
      223113
      223114
      223115
      223116
      223117
      223118
      223119
      223120
      223121
      223122
      223123
      223124
      223125
      223126
      223127
      223128
      223129
      223130
      223131
      223132
      223133
      223134
      223135
      223136
      223137
      223138
      223139
      223140
      223141
      223597
      223598
      223601
      223602
      223603
      223604
      223605
      223606
      223607
      223608
      223609
      223610
      223611
      223612
      223613
      223614
      223615
      223616
      223617
      223618
      223619
      223620
      223621
      223622
      223623
      223624
      223625
      223626
      223627
      223628
      223629
      223630
      223631
      224088
      224091
      224092
      224093
      224094
      224095
      224096
      224097
      224098
      224099
      224100
      224101
      224102
      224103
      224104
      224105
      224106
      224107
      224108
      224109
      224110
      224111
      224112
      224113
      224114
      224115
      224116
      224117
      224118
      224119
      224120
      224121
      224122
      224577
      224580
      224584
      224585
      224586
      224587
      224588
      224589
      224590
      224591
      224592
      224593
      224594
      224595
      224596
      224597
      224598
      224599
      224600
      224601
      224602
      224603
      224604
      224605
      224606
      224607
      224608
      224609
      224610
      224611
      224612
      224613
      224614
      224615
      225070
      225073
      225074
      225075
      225076
      225077
      225078
      225079
      225080
      225081
      225082
      225083
      225084
      225085
      225086
      225087
      225088
      225089
      225090
      225091
      225092
      225093
      225094
      225095
      225096
      225097
      225098
      225099
      225100
      225101
      225102
      225103
      225105
      225106
      225107
      225565
      225566
      225567
      225568
      225569
      225570
      225571
      225572
      225573
      225574
      225575
      225576
      225577
      225578
      225579
      225580
      225581
      225582
      225583
      225584
      225585
      225586
      225587
      225588
      225589
      225590
      225591
      225592
      225594
      225595
      225596
      225598
      226050
      226054
      226055
      226056
      226057
      226058
      226059
      226060
      226061
      226062
      226063
      226064
      226065
      226066
      226067
      226068
      226069
      226070
      226071
      226072
      226073
      226074
      226075
      226076
      226077
      226078
      226079
      226080
      226081
      226082
      226083
      226084
      226085
      226086
      226087
      226088
      226089
      226540
      226543
      226544
      226545
      226546
      226547
      226548
      226549
      226550
      226551
      226552
      226553
      226554
      226555
      226556
      226557
      226558
      226559
      226560
      226561
      226562
      226563
      226564
      226565
      226566
      226567
      226568
      226569
      226570
      226571
      226572
      226573
      226574
      226575
      226576
      226577
      226580
      227030
      227031
      227032
      227037
      227038
      227039
      227040
      227041
      227042
      227043
      227044
      227045
      227046
      227047
      227048
      227049
      227050
      227051
      227052
      227053
      227054
      227055
      227059
      227060
      227061
      227062
      227063
      227065
      227066
      227067
      227068
      227069
      227075
      227076
      227519
      227526
      227527
      227528
      227529
      227530
      227531
      227532
      227533
      227534
      227535
      227536
      227537
      227538
      227539
      227540
      227541
      227542
      227543
      227544
      227545
      227546
      227547
      227548
      227549
      227550
      227551
      227552
      227553
      227554
      227555
      227556
      227557
      228008
      228015
      228016
      228017
      228018
      228019
      228020
      228021
      228022
      228023
      228024
      228025
      228026
      228027
      228028
      228029
      228030
      228031
      228035
      228036
      228037
      228038
      228039
      228040
      228041
      228042
      228043
      228044
      228045
      228503
      228504
      228505
      228506
      228507
      228508
      228509
      228510
      228511
      228512
      228513
      228514
      228515
      228516
      228517
      228518
      228524
      228525
      228526
      228527
      228528
      228529
      228530
      228531
      228532
      228533
      228534
      228991
      228992
      228993
      228994
      228995
      228996
      228997
      228998
      228999
      229000
      229001
      229002
      229003
      229004
      229005
      229006
      229007
      229008
      229009
      229010
      229011
      229012
      229013
      229014
      229015
      229016
      229017
      229018
      229019
      229020
      229021
      229022
      229479
      229486
      229487
      229488
      229489
      229490
      229491
      229492
      229493
      229494
      229495
      229496
      229497
      229498
      229499
      229500
      229501
      229502
      229503
      229504
      229505
      229506
      229507
      229508
      229509
      229968
      229975
      229976
      229977
      229978
      229979
      229980
      229981
      229982
      229983
      229984
      229985
      229986
      229987
      229988
      229989
      229990
      229991
      229992
      229993
      229994
      229995
      229996
      230457
      230475
      230476
      230477
      230478
      230479
      230480
      230481
      230482
      230483
      230944
      230946
      230965
      230966
      230967
      230968
      230969
      230970
      231431
      231435
      231436
      231465
      231917
      231920
      231922
      231924
      232409
      232413
      218712
      218713
      218731
      219200
      219203
      219204
      219206
      219221
      219687
      219688
      219689
      219696
      219697
      219698
      219699
      219700
      219701
      219702
      219703
      219704
      219705
      219711
      219712
      219713
      220178
      220185
      220186
      220187
      220188
      220189
      220190
      220191
      220192
      220193
      220194
      220195
      220666
      220674
      220675
      220676
      220677
      220678
      220697
      221154
      221155
      221163
      221164
      221182
      221653
      221671
      222131
      222134
      222159
      222160
      222161
      222621
      222648
      222649
      222650
      222651
      223111
      223142
      223143
      223144
      223599
      223600
      223632
      223633
      224086
      224087
      224123
      224124
      224581
      224582
      224583
      224616
      224617
      225071
      225072
      225108
      225109
      225561
      225562
      225563
      225564
      225597
      225599
      226051
      226053
      226090
      226541
      226542
      227033
      227034
      227035
      227036
      227525
      228009
      228014
      228502
      228990
      229474
      229967
      230456
      230945
      209434
      211385
      212850
      213827
      214316
      214804
      217247
      217735
      217746
      218223
      218224
      218226
      218230
      218231
      218235
      218236
      218237
      218238
      218239
      218240
      218241
      218242
      218714
      218715
      218717
      218718
      218719
      218723
      218724
      218728
      218730
      218733
      218734
      219205
      219209
      219210
      219211
      219212
      219213
      219217
      219218
      219219
      219220
      203563
      205046
      211384
      216759
      217729
      218218
      221156
      216751
      219686
      220174
      224576
      225069
      227029
      231432
