          50
         837
        1326
        1346
        2305
        2794
        3282
        3283
        3300
        3771
        3772
        4260
        4261
        4748
        4749
        5237
        5238
        5259
        5726
        5747
        6214
        6215
        6236
        6703
        7191
        7192
        7680
        7681
        7696
        8169
        8170
        8658
        9147
        9161
        9635
       10124
       10137
       10138
       10613
       10626
       11590
       11603
       12079
       13557
       14533
       15021
       15509
       15997
         862
        1839
        2816
