          80
         684
         685
        1679
        2159
        2163
        3143
        3149
        3619
        3621
        3622
        3634
        3641
        4108
        4112
        4113
        4126
        4605
        5097
        5109
        5575
        5587
        5589
        6067
        6069
        6079
        6560
        6561
        6570
        7053
        7076
        7544
        7550
        7551
        7552
        8036
        8037
        8038
        8041
        8514
        8515
        8524
        8525
        8526
        8527
        8528
        8529
        8531
        8550
        9003
        9009
        9013
        9019
        9020
        9021
        9022
        9494
        9502
        9503
        9504
        9986
        9992
       10005
       10497
       10510
       10989
       11467
       11482
       11483
       11952
       11958
       11972
       11973
       11977
       12449
       12935
       12938
       13426
       13428
       13917
       13918
