          45
      211758
      212245
      212246
      212247
      215174
      215175
      215192
      215660
      215671
      215678
      216170
      216651
      216654
      217634
      218098
      219097
      219099
      219582
      219587
      220073
      220562
      221535
      221538
      222024
      222514
      223001
      223491
      223494
      223982
      225935
      225937
      227403
      227892
      228381
      229846
      230334
      230335
      230823
      230824
      231312
      231313
      231800
      231801
      232288
      232289
