          48
      188672
      189166
      189636
      189655
      190125
      190628
      190633
      191594
      191606
      192082
      192083
      192586
      192587
      193076
      193565
      194055
      194056
      194530
      194537
      195019
      195020
      195023
      195027
      195508
      195509
      195511
      195513
      195514
      195516
      195998
      196000
      196002
      196003
      196496
      196985
      196986
      197475
      197477
      197963
      197965
      198452
      199919
      200395
      200884
      201373
      202363
      202852
      203341
