         637
      108632
      108633
      108634
      109119
      109120
      109121
      109122
      109606
      109607
      109608
      109609
      109610
      109611
      109612
      109613
      109614
      110093
      110094
      110095
      110096
      110097
      110098
      110099
      110100
      110101
      110102
      110103
      110104
      110581
      110582
      110583
      110584
      110585
      110586
      110587
      110588
      110589
      110590
      110591
      110592
      110593
      110594
      111068
      111069
      111070
      111071
      111072
      111073
      111074
      111075
      111076
      111077
      111078
      111079
      111080
      111081
      111082
      111083
      111556
      111557
      111558
      111559
      111560
      111561
      111562
      111563
      111564
      111565
      111566
      111567
      111568
      111569
      111570
      111571
      111572
      111573
      112043
      112044
      112045
      112046
      112047
      112048
      112049
      112050
      112051
      112052
      112053
      112054
      112055
      112056
      112057
      112058
      112059
      112060
      112061
      112062
      112531
      112532
      112533
      112534
      112535
      112536
      112537
      112538
      112539
      112540
      112541
      112542
      112543
      112544
      112545
      112546
      112547
      112548
      112549
      112550
      112551
      112552
      113018
      113019
      113020
      113021
      113022
      113023
      113024
      113025
      113026
      113027
      113028
      113029
      113030
      113031
      113032
      113033
      113034
      113035
      113036
      113037
      113038
      113039
      113040
      113041
      113509
      113510
      113511
      113512
      113513
      113514
      113515
      113516
      113517
      113518
      113519
      113520
      113521
      113522
      113523
      113524
      113525
      113526
      113527
      113528
      113529
      113530
      113531
      113994
      114000
      114001
      114002
      114003
      114004
      114005
      114006
      114007
      114008
      114009
      114010
      114011
      114012
      114013
      114014
      114015
      114016
      114017
      114018
      114019
      114020
      114488
      114489
      114490
      114491
      114492
      114493
      114494
      114495
      114496
      114497
      114498
      114499
      114500
      114501
      114502
      114503
      114504
      114505
      114506
      114507
      114508
      114509
      114510
      114975
      114976
      114977
      114978
      114979
      114980
      114981
      114982
      114983
      114984
      114985
      114986
      114987
      114988
      114989
      114990
      114991
      114992
      114993
      114994
      114995
      114996
      114997
      114998
      114999
      115462
      115463
      115464
      115465
      115466
      115467
      115468
      115469
      115470
      115471
      115472
      115473
      115474
      115475
      115476
      115477
      115478
      115479
      115480
      115481
      115482
      115483
      115484
      115485
      115486
      115487
      115488
      115953
      115954
      115955
      115956
      115957
      115958
      115959
      115960
      115961
      115962
      115963
      115964
      115965
      115966
      115967
      115968
      115969
      115970
      115971
      115972
      115973
      115974
      115975
      115976
      115977
      115978
      116441
      116442
      116443
      116444
      116445
      116446
      116447
      116448
      116449
      116450
      116451
      116452
      116453
      116454
      116455
      116456
      116457
      116458
      116459
      116460
      116461
      116462
      116463
      116464
      116465
      116466
      116467
      116931
      116932
      116933
      116934
      116935
      116936
      116937
      116938
      116939
      116940
      116941
      116942
      116943
      116944
      116945
      116946
      116947
      116948
      116949
      116950
      116951
      116952
      116953
      116954
      116955
      116956
      117422
      117423
      117424
      117425
      117426
      117427
      117428
      117429
      117430
      117431
      117432
      117433
      117434
      117435
      117436
      117437
      117438
      117439
      117440
      117441
      117442
      117443
      117444
      117445
      117910
      117911
      117912
      117913
      117914
      117915
      117916
      117917
      117918
      117919
      117920
      117921
      117922
      117923
      117924
      117925
      117926
      117927
      117928
      117929
      117930
      117931
      117932
      117933
      117934
      117935
      117936
      118400
      118401
      118402
      118403
      118404
      118405
      118406
      118407
      118408
      118409
      118410
      118411
      118412
      118413
      118414
      118415
      118416
      118417
      118418
      118419
      118420
      118421
      118422
      118423
      118424
      118427
      118889
      118890
      118891
      118892
      118893
      118894
      118895
      118896
      118897
      118898
      118899
      118900
      118901
      118902
      118903
      118904
      118905
      118906
      118907
      118908
      118909
      118910
      118911
      118912
      118913
      118914
      119379
      119380
      119381
      119382
      119383
      119384
      119385
      119386
      119387
      119388
      119389
      119390
      119391
      119392
      119393
      119394
      119395
      119396
      119397
      119398
      119399
      119400
      119401
      119402
      119868
      119869
      119870
      119871
      119872
      119873
      119874
      119875
      119876
      119877
      119878
      119879
      119880
      119881
      119882
      119883
      119884
      119885
      119886
      119887
      120357
      120358
      120359
      120360
      120361
      120362
      120363
      120364
      120365
      120366
      120367
      120368
      120369
      120370
      120371
      120846
      120847
      120848
      120849
      120850
      120851
      120852
      120853
      120854
      120855
      120856
      121336
      121337
      121338
      121339
      121340
      121341
      121342
      121825
      121826
      121827
      121828
      121829
      121830
      123781
      123782
      123783
      123784
      123785
      123786
      123787
      123788
      123789
      123790
      123791
      123792
      123793
      123794
      123795
      123796
      123797
      123798
      123799
      123800
      123801
      123802
      123803
      123804
      124269
      124270
      124271
      124272
      124273
      124274
      124275
      124276
      124277
      124278
      124279
      124280
      124281
      124282
      124283
      124284
      124285
      124286
      124287
      124288
      124289
      124290
      124291
      124292
      124758
      124759
      124760
      124761
      124762
      124763
      124764
      124765
      124766
      124767
      124768
      124769
      124770
      124771
      124772
      124773
      124774
      124775
      124776
      124777
      124778
      124779
      124780
      125248
      125249
      125250
      125251
      125252
      125253
      125254
      125255
      125256
      125259
      125260
      125261
      125262
      125263
      125264
      125265
      125266
      125267
      125268
      125736
      125737
      125738
      125739
      125742
      125743
      125744
      125745
      125746
      125747
      125748
      125749
      125750
      125751
      125752
      125753
      125754
      125755
      125756
      125757
