        1832
       75362
       75363
       75364
       75365
       75366
       75849
       75850
       75851
       75852
       75853
       75854
       75855
       76335
       76336
       76337
       76338
       76339
       76341
       76342
       76343
       76344
       76345
       76823
       76824
       76825
       76826
       76827
       76828
       76829
       76830
       76831
       76832
       76833
       76834
       76835
       77311
       77312
       77313
       77314
       77315
       77316
       77317
       77318
       77319
       77320
       77321
       77322
       77323
       77324
       77799
       77800
       77801
       77802
       77803
       77804
       77805
       77806
       77807
       77808
       77809
       77810
       77811
       77812
       77813
       77814
       78286
       78287
       78288
       78289
       78290
       78291
       78292
       78293
       78294
       78295
       78296
       78297
       78298
       78299
       78300
       78301
       78302
       78774
       78775
       78776
       78777
       78778
       78779
       78780
       78781
       78782
       78783
       78784
       78785
       78786
       78787
       78788
       78789
       78790
       78791
       78792
       79262
       79263
       79264
       79265
       79266
       79267
       79268
       79269
       79270
       79271
       79272
       79273
       79274
       79275
       79276
       79277
       79278
       79279
       79280
       79750
       79751
       79752
       79753
       79754
       79755
       79756
       79757
       79758
       79759
       79760
       79761
       79762
       79763
       79764
       79765
       79766
       79767
       79768
       79769
       80239
       80240
       80241
       80242
       80243
       80244
       80245
       80246
       80247
       80248
       80249
       80250
       80251
       80252
       80253
       80254
       80255
       80256
       80257
       80726
       80727
       80728
       80729
       80730
       80731
       80732
       80733
       80734
       80735
       80736
       80737
       80738
       80739
       80740
       80741
       80742
       80743
       80744
       80745
       80746
       81215
       81216
       81217
       81218
       81219
       81220
       81221
       81222
       81223
       81224
       81225
       81226
       81227
       81228
       81229
       81230
       81231
       81232
       81233
       81234
       81703
       81704
       81705
       81706
       81707
       81708
       81709
       81710
       81711
       81712
       81713
       81714
       81715
       81716
       81717
       81718
       81719
       81720
       81721
       81722
       81723
       82177
       82191
       82192
       82193
       82194
       82195
       82196
       82197
       82198
       82199
       82200
       82201
       82202
       82203
       82204
       82205
       82206
       82207
       82208
       82209
       82210
       82211
       82212
       82679
       82680
       82681
       82682
       82683
       82684
       82685
       82686
       82687
       82688
       82689
       82690
       82691
       82692
       82693
       82694
       82695
       82696
       82697
       82698
       82699
       82700
       83167
       83168
       83169
       83170
       83171
       83172
       83173
       83174
       83175
       83176
       83177
       83178
       83179
       83180
       83181
       83182
       83183
       83184
       83185
       83186
       83187
       83188
       83189
       83655
       83656
       83657
       83658
       83659
       83660
       83661
       83662
       83663
       83664
       83665
       83666
       83667
       83668
       83669
       83670
       83671
       83672
       83673
       83674
       83675
       83676
       83677
       83678
       84143
       84144
       84145
       84146
       84147
       84148
       84149
       84150
       84151
       84152
       84153
       84154
       84155
       84156
       84157
       84158
       84159
       84160
       84161
       84162
       84163
       84164
       84165
       84166
       84631
       84632
       84633
       84634
       84635
       84636
       84637
       84638
       84639
       84640
       84641
       84642
       84643
       84644
       84645
       84646
       84647
       84648
       84649
       84650
       84651
       84652
       84653
       84654
       84655
       85119
       85120
       85121
       85122
       85123
       85124
       85125
       85126
       85127
       85128
       85129
       85130
       85131
       85132
       85133
       85134
       85135
       85136
       85137
       85138
       85139
       85140
       85141
       85142
       85143
       85144
       85608
       85609
       85610
       85611
       85612
       85613
       85614
       85615
       85616
       85617
       85618
       85619
       85620
       85621
       85622
       85623
       85624
       85625
       85626
       85627
       85628
       85629
       85630
       85631
       85632
       86096
       86097
       86098
       86099
       86100
       86101
       86102
       86103
       86104
       86105
       86106
       86107
       86108
       86109
       86110
       86111
       86112
       86113
       86114
       86115
       86116
       86117
       86118
       86119
       86120
       86121
       86584
       86585
       86586
       86587
       86588
       86589
       86590
       86591
       86592
       86593
       86594
       86595
       86596
       86597
       86598
       86599
       86600
       86601
       86602
       86603
       86604
       86605
       86606
       86607
       86608
       86609
       86610
       87072
       87073
       87074
       87075
       87076
       87077
       87078
       87079
       87080
       87081
       87082
       87083
       87084
       87085
       87086
       87087
       87088
       87089
       87090
       87091
       87092
       87093
       87094
       87095
       87096
       87097
       87098
       87560
       87561
       87562
       87563
       87564
       87565
       87566
       87567
       87568
       87569
       87570
       87571
       87572
       87573
       87574
       87575
       87576
       87577
       87578
       87579
       87580
       87581
       87582
       87583
       87584
       87585
       87586
       87587
       88048
       88049
       88050
       88051
       88052
       88053
       88054
       88055
       88056
       88057
       88058
       88059
       88060
       88061
       88062
       88063
       88064
       88065
       88066
       88067
       88068
       88069
       88070
       88071
       88072
       88073
       88074
       88075
       88076
       88537
       88538
       88539
       88540
       88541
       88542
       88543
       88544
       88545
       88546
       88547
       88548
       88549
       88550
       88551
       88552
       88553
       88554
       88555
       88556
       88557
       88558
       88559
       88560
       88561
       88562
       88563
       88564
       88565
       89025
       89026
       89028
       89029
       89030
       89031
       89032
       89033
       89034
       89035
       89036
       89037
       89038
       89039
       89040
       89041
       89042
       89043
       89044
       89045
       89046
       89047
       89048
       89049
       89050
       89051
       89052
       89053
       89054
       89514
       89515
       89516
       89517
       89518
       89519
       89520
       89521
       89522
       89523
       89524
       89525
       89526
       89527
       89528
       89529
       89530
       89531
       89532
       89533
       89534
       89535
       89536
       89537
       89538
       89539
       89540
       89541
       89542
       90002
       90003
       90004
       90005
       90006
       90007
       90008
       90009
       90010
       90011
       90012
       90013
       90014
       90015
       90016
       90017
       90018
       90019
       90020
       90021
       90022
       90023
       90024
       90025
       90026
       90027
       90028
       90029
       90030
       90486
       90490
       90491
       90492
       90493
       90494
       90495
       90496
       90497
       90498
       90499
       90500
       90501
       90502
       90503
       90504
       90505
       90506
       90507
       90508
       90509
       90510
       90511
       90512
       90513
       90515
       90516
       90518
       90519
       90520
       90979
       90980
       90981
       90982
       90983
       90984
       90985
       90986
       90987
       90988
       90989
       90990
       90991
       90992
       90993
       90994
       90995
       90996
       90997
       90998
       90999
       91000
       91001
       91002
       91003
       91004
       91005
       91006
       91007
       91008
       91009
       91463
       91467
       91468
       91469
       91470
       91471
       91472
       91473
       91474
       91475
       91476
       91477
       91478
       91479
       91480
       91481
       91482
       91483
       91484
       91485
       91486
       91487
       91488
       91489
       91490
       91491
       91492
       91493
       91494
       91495
       91496
       91951
       91952
       91953
       91956
       91957
       91958
       91959
       91960
       91961
       91962
       91963
       91964
       91965
       91966
       91967
       91968
       91969
       91970
       91971
       91972
       91973
       91974
       91975
       91976
       91977
       91978
       91979
       91980
       91981
       91982
       91983
       91984
       91985
       92440
       92441
       92442
       92443
       92444
       92445
       92446
       92447
       92448
       92449
       92450
       92451
       92452
       92453
       92454
       92455
       92456
       92457
       92458
       92459
       92460
       92461
       92462
       92463
       92464
       92465
       92466
       92467
       92468
       92469
       92470
       92471
       92472
       92473
       92474
       92475
       92928
       92929
       92930
       92931
       92932
       92933
       92934
       92935
       92936
       92937
       92938
       92939
       92940
       92941
       92942
       92943
       92944
       92945
       92946
       92947
       92948
       92949
       92950
       92951
       92952
       92953
       92954
       92955
       92956
       92957
       92958
       92959
       92960
       92961
       92962
       92963
       93418
       93419
       93420
       93421
       93422
       93423
       93424
       93425
       93426
       93427
       93428
       93429
       93430
       93431
       93432
       93433
       93434
       93435
       93436
       93437
       93438
       93439
       93440
       93441
       93442
       93443
       93444
       93445
       93446
       93447
       93448
       93449
       93450
       93451
       93452
       93417
       93905
       93907
       93908
       93909
       93910
       94393
       94394
       94395
       94396
       94397
       94398
       94399
       94882
       94883
       94884
       94885
       94886
       94887
       94888
       95371
       95372
       95373
       95374
       95375
       95376
       95377
       95378
       95859
       95860
       95861
       95862
       95863
       95864
       95865
       95866
       95867
       96348
       96350
       96351
       96352
       96353
       96354
       96355
       96356
       96357
       96836
       96837
       96839
       96840
       96841
       96842
       96843
       96844
       96845
       96846
       96847
       97325
       97326
       97327
       97328
       97329
       97330
       97331
       97332
       97333
       97334
       97335
       97336
       97814
       97816
       97817
       97818
       97819
       97820
       97821
       97822
       97823
       97824
       97825
       97826
       98303
       98304
       98305
       98306
       98307
       98308
       98309
       98310
       98311
       98312
       98313
       98314
       98315
       98316
       98792
       98793
       98794
       98795
       98796
       98797
       98798
       98799
       98800
       98801
       98802
       98803
       98804
       98805
       99281
       99282
       99283
       99284
       99285
       99286
       99287
       99288
       99289
       99290
       99291
       99292
       99293
       99294
       99295
       99771
       99772
       99773
       99774
       99775
       99776
       99777
       99778
       99779
       99780
       99781
       99782
       99783
       99784
       99785
      100260
      100261
      100262
      100263
      100264
      100265
      100266
      100267
      100268
      100269
      100270
      100271
      100272
      100273
      100274
      100275
      100751
      100752
      100753
      100754
      100755
      100756
      100757
      100758
      100759
      100760
      100761
      100762
      100763
      100764
      100765
      101241
      101242
      101243
      101244
      101245
      101246
      101247
      101248
      101249
      101250
      101251
      101252
      101253
      101254
      101255
      101732
      101733
      101734
      101735
      101736
      101737
      101738
      101739
      101740
      101741
      101742
      101743
      101744
      101745
      101746
      102222
      102223
      102224
      102225
      102226
      102227
      102228
      102229
      102230
      102231
      102232
      102233
      102234
      102235
      102236
      102713
      102714
      102715
      102716
      102717
      102718
      102719
      102720
      102721
      102722
      102723
      102724
      102725
      102726
      103205
      103206
      103207
      103208
      103209
      103210
      103211
      103212
      103213
      103697
      103698
      103699
      103700
       93912
       93913
       93914
       93915
       93916
       93917
       93918
       93919
       93920
       93921
       93922
       93923
       93924
       93925
       93926
       93927
       93928
       93929
       93930
       93931
       93932
       93933
       93934
       93935
       93936
       93937
       93939
       93940
       94400
       94401
       94402
       94403
       94404
       94405
       94406
       94407
       94408
       94409
       94410
       94411
       94412
       94413
       94414
       94415
       94416
       94417
       94418
       94419
       94420
       94421
       94422
       94423
       94424
       94425
       94426
       94428
       94429
       94430
       94889
       94890
       94891
       94892
       94893
       94894
       94895
       94896
       94897
       94898
       94899
       94900
       94901
       94902
       94903
       94904
       94905
       94906
       94907
       94908
       94909
       94910
       94911
       94912
       94913
       94914
       94915
       94916
       94917
       94918
       95379
       95380
       95381
       95382
       95383
       95384
       95385
       95386
       95387
       95388
       95389
       95390
       95391
       95392
       95393
       95394
       95395
       95396
       95397
       95398
       95399
       95400
       95401
       95402
       95403
       95404
       95405
       95406
       95407
       95868
       95869
       95870
       95871
       95872
       95873
       95874
       95875
       95876
       95877
       95878
       95879
       95880
       95881
       95882
       95883
       95884
       95885
       95886
       95887
       95888
       95889
       95890
       95891
       95892
       95893
       95894
       95895
       95896
       96358
       96359
       96360
       96361
       96362
       96363
       96364
       96365
       96366
       96367
       96368
       96369
       96370
       96371
       96372
       96373
       96374
       96375
       96376
       96377
       96378
       96379
       96380
       96381
       96382
       96383
       96384
       96385
       96848
       96849
       96850
       96851
       96852
       96853
       96854
       96855
       96856
       96857
       96858
       96859
       96860
       96861
       96862
       96863
       96864
       96865
       96866
       96867
       96868
       96869
       96870
       96871
       96872
       96873
       97337
       97338
       97339
       97340
       97341
       97342
       97343
       97344
       97345
       97346
       97347
       97348
       97349
       97350
       97351
       97352
       97353
       97354
       97355
       97356
       97357
       97358
       97359
       97360
       97361
       97827
       97828
       97829
       97830
       97831
       97832
       97833
       97834
       97835
       97836
       97837
       97838
       97839
       97840
       97841
       97842
       97843
       97844
       97845
       97846
       97847
       97848
       97849
       97850
       97851
       98317
       98318
       98319
       98320
       98321
       98322
       98323
       98324
       98325
       98326
       98327
       98328
       98329
       98330
       98331
       98332
       98333
       98334
       98335
       98336
       98337
       98338
       98339
       98806
       98807
       98808
       98809
       98810
       98811
       98812
       98813
       98814
       98815
       98816
       98817
       98818
       98819
       98820
       98821
       98822
       98823
       98824
       98825
       98826
       98827
       99296
       99297
       99298
       99299
       99300
       99301
       99302
       99303
       99304
       99305
       99306
       99307
       99308
       99309
       99310
       99311
       99312
       99313
       99314
       99315
       99316
       99786
       99787
       99788
       99789
       99790
       99791
       99792
       99793
       99794
       99795
       99796
       99797
       99798
       99799
       99800
       99801
       99802
       99803
       99804
       99805
       99806
      100276
      100277
      100278
      100279
      100280
      100281
      100282
      100283
      100284
      100285
      100286
      100287
      100288
      100289
      100290
      100291
      100292
      100293
      100294
      100295
      100766
      100767
      100768
      100769
      100770
      100771
      100772
      100773
      100774
      100775
      100776
      100777
      100778
      100779
      100780
      100781
      100782
      101256
      101257
      101258
      101259
      101260
      101261
      101262
      101263
      101264
      101265
      101266
      101267
      101268
      101269
      101270
      101271
      101747
      101748
      101749
      101750
      101751
      101752
      101753
      101754
      101755
      101756
      101757
      101758
      101759
      101760
      101761
      102237
      102238
      102239
      102240
      102241
      102242
      102243
      102245
      102246
      102247
      102248
      102249
      102727
      102728
      102729
      102730
      102731
      102732
      102733
      102734
      102735
      102736
      102737
      102738
       84598
       84599
       84600
       84601
       84602
       84603
       85087
       85088
       85089
       85090
       85091
       85092
       85093
       85094
       85095
       85576
       85577
       85578
       85579
       85580
       85581
       85582
       85583
       86065
       86066
       86067
       86068
       86069
       86070
       86071
       86072
       86554
       86555
       86556
       86557
       86559
       86560
       87043
       87044
       87045
       87046
       87047
       87048
       87532
       87533
       87534
       87535
       87536
       87543
       88021
       88022
       88023
       88024
       88025
       88031
       88510
       88511
       88512
       88513
       88519
       88520
       88999
       89000
       89001
       89002
       89007
       89008
       89488
       89489
       89490
       89491
       89495
       89496
       89497
       89977
       89979
       89980
       89983
       89984
       89985
       89986
       90466
       90467
       90468
       90469
       90470
       90471
       90472
       90473
       90474
       90475
       90955
       90956
       90957
       90958
       90959
       90960
       90961
       90962
       90963
       90964
       91444
       91445
       91446
       91447
       91448
       91449
       91450
       91451
       91452
       91453
       91933
       91934
       91935
       91936
       91937
       91938
       91939
       91940
       91941
       91942
       92422
       92423
       92424
       92425
       92426
       92427
       92428
       92429
       92430
       92431
       92439
       92911
       92912
       92913
       92914
       92915
       92916
       92917
       92918
       92919
       92920
       93400
       93401
       93402
       93403
       93404
       93405
       93406
       93407
       93408
       93889
       93890
       93891
       93892
       93893
       93894
       93895
       93896
       93897
       94378
       94379
       94380
       94381
       94382
       94383
       94384
       94385
       94386
       94867
       94868
       94869
       94870
       94871
       94872
       94873
       94874
       94875
       95356
       95357
       95358
       95359
       95360
       95361
       95362
       95363
       95364
       95845
       95846
       95847
       95848
       95849
       95850
       95851
       95852
       96334
       96335
       96336
       96337
       96338
       96339
       96340
       96341
       96823
       96824
       96825
       96826
       96827
       96828
       96829
       96830
       97312
       97313
       97314
       97315
       97316
       97317
       97318
       97319
       97801
       97802
       97803
       97804
       97805
       97806
       97807
       97808
       98290
       98291
       98292
       98293
       98294
       98295
       98296
       98302
       98779
       98780
       98781
       98782
       98783
       98784
       98785
       98791
       99268
       99269
       99270
       99271
       99273
       99274
       99279
       99280
       99757
       99759
       99760
       99762
       99763
       99768
       99769
       99770
      100246
      100248
      100249
      100251
