         490
      158485
      158973
      158974
      158975
      158976
      159462
      159463
      159464
      159465
      159466
      159951
      159952
      159953
      159954
      159955
      160439
      160441
      160442
      160443
      160444
      160445
      160928
      160929
      160930
      160931
      160932
      160933
      160934
      161416
      161417
      161418
      161419
      161420
      161421
      161422
      161423
      161424
      161905
      161906
      161907
      161908
      161909
      161910
      161911
      161912
      161913
      162393
      162394
      162395
      162396
      162397
      162398
      162399
      162400
      162401
      162402
      162403
      162882
      162883
      162884
      162885
      162886
      162887
      162888
      162889
      162890
      162891
      162892
      163371
      163372
      163373
      163374
      163375
      163376
      163377
      163378
      163379
      163380
      163381
      163382
      163859
      163860
      163861
      163862
      163863
      163864
      163865
      163866
      163867
      163868
      163869
      163870
      163871
      164348
      164349
      164350
      164351
      164352
      164353
      164354
      164355
      164356
      164357
      164358
      164359
      164360
      164361
      164837
      164838
      164839
      164840
      164841
      164842
      164843
      164844
      164845
      164846
      164847
      164848
      164849
      164850
      165325
      165326
      165327
      165328
      165329
      165330
      165331
      165332
      165333
      165334
      165335
      165336
      165337
      165338
      165339
      165340
      165814
      165815
      165816
      165817
      165818
      165819
      165820
      165821
      165822
      165823
      165824
      165825
      165826
      165827
      165828
      165829
      166303
      166304
      166305
      166306
      166307
      166308
      166309
      166310
      166311
      166312
      166313
      166314
      166315
      166316
      166317
      166318
      166319
      166790
      166791
      166792
      166793
      166794
      166795
      166796
      166797
      166798
      166799
      166800
      166801
      166802
      166803
      166804
      166805
      166806
      166807
      166808
      166809
      167280
      167281
      167282
      167283
      167284
      167285
      167286
      167287
      167288
      167289
      167290
      167291
      167292
      167293
      167294
      167295
      167296
      167297
      167298
      167769
      167770
      167771
      167772
      167773
      167774
      167775
      167776
      167777
      167778
      167779
      167780
      167781
      167782
      167783
      167784
      167785
      167786
      167787
      167788
      168257
      168258
      168259
      168260
      168261
      168262
      168263
      168264
      168265
      168266
      168267
      168268
      168269
      168270
      168271
      168272
      168273
      168274
      168275
      168276
      168277
      168278
      168745
      168746
      168747
      168748
      168749
      168750
      168751
      168752
      168753
      168754
      168755
      168756
      168757
      168758
      168759
      168760
      168761
      168762
      168763
      168764
      168765
      168766
      168767
      168768
      169233
      169235
      169236
      169237
      169238
      169239
      169240
      169241
      169242
      169243
      169244
      169245
      169246
      169247
      169248
      169249
      169250
      169251
      169252
      169253
      169254
      169255
      169256
      169257
      169724
      169725
      169726
      169727
      169728
      169729
      169730
      169731
      169732
      169733
      169734
      169735
      169736
      169737
      169738
      169739
      169740
      169741
      169742
      169743
      169744
      169745
      169746
      169747
      170213
      170214
      170215
      170216
      170217
      170218
      170219
      170220
      170221
      170222
      170223
      170224
      170225
      170226
      170227
      170228
      170229
      170230
      170231
      170232
      170233
      170234
      170235
      170236
      170701
      170702
      170703
      170704
      170705
      170706
      170707
      170708
      170709
      170710
      170711
      170712
      170713
      170714
      170715
      170716
      170717
      170718
      170719
      170720
      170721
      171190
      171191
      171192
      171193
      171194
      171195
      171196
      171197
      171198
      171199
      171200
      171201
      171202
      171203
      171204
      171205
      171206
      171207
      171208
      171209
      171679
      171680
      171681
      171682
      171683
      171684
      171685
      171686
      171687
      171688
      171689
      171690
      171691
      171692
      171693
      171694
      171695
      171696
      171697
      171707
      172168
      172169
      172170
      172171
      172172
      172173
      172174
      172175
      172176
      172177
      172178
      172179
      172180
      172181
      172182
      172183
      172184
      172196
      172657
      172658
      172659
      172660
      172661
      172662
      172663
      172664
      172665
      172666
      172667
      172669
      172670
      172671
      173146
      173147
      173148
      173149
      173150
      173151
      173152
      173153
      173154
      173155
      173156
      173157
      173158
      173159
      173160
      173633
      173634
      173635
      173636
      173637
      173638
      173639
      173640
      173641
      173642
      173643
      173644
      173645
      173646
      173647
      173651
      174124
      174125
      174126
      174127
      174128
      174129
      174130
      174131
      174132
      174133
      174134
      174140
      174141
      174618
      174619
      174620
      174621
      174622
      174630
