         321
      203998
      203999
      204486
      204487
      204488
      204489
      204975
      204976
      204977
      204978
      204979
      204980
      205463
      205464
      205465
      205466
      205467
      205468
      205469
      205951
      205952
      205953
      205954
      205955
      205956
      205957
      205958
      206439
      206440
      206441
      206442
      206443
      206444
      206445
      206446
      206447
      206448
      206927
      206928
      206929
      206930
      206931
      206932
      206933
      206934
      206935
      206936
      207415
      207416
      207417
      207418
      207419
      207420
      207421
      207422
      207423
      207424
      207425
      207902
      207903
      207904
      207905
      207906
      207907
      207908
      207909
      207910
      207911
      207912
      207913
      208391
      208392
      208393
      208394
      208396
      208397
      208398
      208399
      208401
      208878
      208879
      208880
      208881
      208882
      208883
      208885
      208886
      208887
      208889
      209367
      209368
      209369
      209370
      209371
      209372
      209373
      209374
      209375
      209376
      209378
      209854
      209855
      209856
      209857
      209858
      209859
      209860
      209861
      209862
      209864
      209865
      209866
      210342
      210343
      210344
      210345
      210346
      210347
      210348
      210349
      210350
      210351
      210352
      210353
      210830
      210831
      210832
      210833
      210834
      210835
      210836
      210837
      210838
      210839
      210840
      210841
      211318
      211319
      211321
      211322
      211323
      211324
      211325
      211326
      211327
      211328
      211329
      211330
      211806
      211807
      211808
      211809
      211810
      211811
      211812
      211813
      211814
      211815
      211816
      211817
      211818
      212295
      212296
      212297
      212298
      212299
      212300
      212301
      212302
      212303
      212304
      212306
      212783
      212784
      212785
      212786
      212787
      212788
      212789
      212790
      212791
      212794
      213271
      213272
      213273
      213274
      213275
      213276
      213277
      213279
      213280
      213281
      213282
      213759
      213760
      213761
      213763
      213764
      213765
      213766
      213767
      213769
      213770
      214247
      214248
      214249
      214250
      214251
      214252
      214253
      214255
      214257
      214258
      214259
      214736
      214737
      214738
      214739
      214740
      214741
      214742
      214743
      214745
      214747
      215224
      215225
      215226
      215227
      215228
      215229
      215230
      215231
      215232
      215233
      215234
      215235
      215712
      215713
      215714
      215716
      215717
      215718
      215720
      215721
      215723
      216199
      216200
      216201
      216203
      216204
      216205
      216206
      216208
      216209
      216211
      216688
      216689
      216690
      216691
      216692
      216693
      216695
      216696
      216697
      216698
      216699
      217172
      217173
      217174
      217175
      217176
      217177
      217179
      217180
      217182
      217184
      217185
      217187
      217664
      217665
      217666
      217667
      217668
      217669
      217670
      217671
      217672
      217673
      217675
      218150
      218151
      218152
      218155
      218156
      218157
      218158
      218159
      218160
      218161
      218162
      218164
      218641
      218642
      218643
      218644
      218645
      218646
      218648
      218649
      218652
      219132
      219133
      219134
      219135
      219136
      219137
      219139
      219140
      219625
      219626
      219628
