          58
       72390
       73860
       73862
       74353
       75813
       76302
       76304
       76791
       76793
       77768
       77772
       78257
       78259
       78260
       78746
       79236
       80213
       80701
       81677
       81688
       82665
       83628
       84117
       84607
       85607
       86558
       86583
       87537
       87542
       88032
       88514
       89009
       89027
       89978
       90975
       91462
       91464
       91955
       93409
       93416
       93898
       93906
       93911
       94387
       95853
       97813
       97815
       98790
       99761
       99767
      100250
      100252
      100744
      101232
      101716
      103676
      105628
      108075
