         121
       64253
       69631
       70120
       70609
       72076
       73053
       73542
       74031
       74520
       75008
       75497
       75986
       75987
       76475
       76476
       76964
       76965
       77453
       77454
       77942
       77943
       78431
       78432
       78919
       78920
       79407
       79408
       79896
       79897
       80385
       80386
       80873
       80874
       81362
       81363
       81851
       82340
       82829
       82833
       83318
       83322
       83811
       84295
       84300
       84788
       84789
       85277
       85278
       85766
       85767
       86254
       86255
       86256
       86741
       86742
       86743
       87230
       87231
       87232
       87719
       87720
       87721
       88208
       88209
       88210
       88696
       88697
       88698
       89185
       89186
       89187
       89674
       89675
       89676
       90162
       90163
       90164
       90651
       91140
       91629
       92118
       92607
       93096
       93585
       94074
       94564
       94565
       94566
       94567
       95053
       95054
       95055
       95056
       95542
       95543
       95544
       95545
       96032
       96033
       96034
       96035
       96522
       96523
       96524
       96525
       97012
       97013
       97014
       97501
       97502
       97503
       97991
       97992
       97993
       98481
       98482
       98971
       99460
       99950
      100439
      101418
