         273
      150225
      150226
      150711
      150712
      150713
      150714
      150715
      150716
      151195
      151196
      151197
      151198
      151199
      151200
      151201
      151202
      151203
      151204
      151205
      151683
      151684
      151685
      151686
      151687
      151688
      151689
      151690
      151691
      151692
      151693
      151694
      152174
      152175
      152176
      152177
      152178
      152179
      152180
      152181
      152182
      152183
      152184
      152663
      152664
      152665
      152666
      152667
      152668
      152669
      152670
      152671
      152672
      152673
      153150
      153151
      153152
      153153
      153154
      153155
      153156
      153157
      153158
      153159
      153160
      153161
      153162
      153640
      153641
      153642
      153643
      153644
      153645
      153646
      153647
      153648
      153649
      153650
      153651
      153652
      154129
      154130
      154131
      154132
      154133
      154134
      154135
      154136
      154137
      154138
      154139
      154140
      154141
      154618
      154619
      154620
      154621
      154622
      154623
      154624
      154625
      154626
      154627
      154628
      154629
      154630
      155108
      155109
      155110
      155111
      155112
      155113
      155114
      155115
      155116
      155117
      155118
      155119
      155120
      155597
      155598
      155599
      155600
      155601
      155602
      155603
      155604
      155605
      155606
      155607
      155608
      155609
      156087
      156088
      156089
      156090
      156091
      156092
      156093
      156094
      156095
      156096
      156097
      156098
      156576
      156577
      156578
      156579
      156580
      156581
      156582
      156583
      156584
      156585
      156586
      156587
      157065
      157066
      157067
      157068
      157069
      157070
      157071
      157072
      157073
      157074
      157075
      157076
      157077
      157555
      157556
      157557
      157558
      157559
      157560
      157561
      157562
      157563
      157564
      157565
      157566
      158044
      158045
      158046
      158047
      158048
      158049
      158050
      158051
      158052
      158053
      158054
      158055
      158533
      158534
      158535
      158536
      158537
      158538
      158539
      158540
      158541
      158542
      158543
      158544
      159023
      159024
      159025
      159026
      159027
      159028
      159029
      159030
      159031
      159032
      159033
      159512
      159513
      159514
      159515
      159516
      159517
      159518
      159519
      159520
      159521
      159522
      160001
      160002
      160003
      160004
      160005
      160006
      160007
      160008
      160009
      160010
      160011
      160491
      160492
      160493
      160494
      160495
      160496
      160497
      160498
      160499
      160500
      160981
      160982
      160983
      160984
      160985
      160986
      160987
      160988
      160989
      161470
      161471
      161472
      161473
      161474
      161475
      161476
      161477
      161478
      161958
      161961
      161962
      161963
      161964
      162448
      162449
      162450
