          42
        1276
        2253
        2739
        2741
        3228
        3717
        4206
        4207
        4696
        5670
        6158
        7138
        7627
        9585
       10073
       10074
       10562
       10563
       11050
       11051
       11052
       11539
       11540
       12029
       12504
       12516
       13004
       13487
       13488
       14942
       14953
       15923
       15935
       16894
       16912
       16914
       17403
       18872
       19363
       20821
       21319
       22795
