         198
      116192
      116679
      116680
      116681
      116682
      117166
      117167
      117168
      117169
      117170
      117171
      117653
      117655
      117656
      117657
      117658
      117659
      117660
      117661
      118145
      118146
      118147
      118148
      118149
      118628
      118633
      118634
      118635
      118636
      118637
      119122
      119123
      119124
      119125
      119600
      119606
      119607
      119611
      119614
      120102
      120587
      121072
      121076
      121078
      122067
      122553
      122555
      122556
      123527
      124015
      124016
      124017
      124019
      124020
      124022
      124024
      124025
      124026
      124027
      124503
      124506
      124507
      124509
      124511
      124512
      124513
      124514
      124515
      124516
      124518
      124984
      124991
      124993
      124994
      124995
      124996
      124997
      124998
      124999
      125000
      125002
      125003
      125004
      125005
      125480
      125481
      125482
      125483
      125484
      125485
      125486
      125487
      125488
      125489
      125490
      125491
      125492
      125493
      125494
      125958
      125968
      125969
      125970
      125971
      125972
      125973
      125975
      125976
      125977
      125978
      125979
      125980
      125981
      125982
      125990
      126457
      126458
      126459
      126460
      126462
      126463
      126464
      126467
      126469
      126470
      126478
      126479
      126480
      126947
      126949
      126950
      126952
      126953
      126955
      126956
      126966
      126967
      127433
      127435
      127436
      127437
      127438
      127442
      127443
      127444
      127445
      127454
      127455
      127921
      127922
      127923
      127926
      127929
      127932
      127933
      127943
      127944
      128408
      128412
      128417
      128418
      128420
      128430
      128431
      128432
      128433
      128898
      128900
      128902
      128903
      128904
      128905
      128908
      128918
      128920
      128921
      129386
      129390
      129392
      129393
      129394
      129396
      129406
      129408
      129410
      129877
      129878
      129879
      129880
      129881
      129882
      129884
      129894
      129895
      129897
      129898
      130365
      130366
