         151
      171053
      171054
      171055
      171056
      171057
      171058
      171059
      171541
      171542
      171543
      171544
      171545
      171546
      171547
      171548
      171549
      172030
      172031
      172032
      172033
      172034
      172035
      172036
      172037
      172038
      172518
      172519
      172520
      172521
      172522
      172523
      172524
      172525
      172526
      172527
      173006
      173007
      173008
      173009
      173010
      173011
      173012
      173013
      173014
      173015
      173016
      173017
      173495
      173496
      173497
      173498
      173499
      173500
      173501
      173502
      173503
      173504
      173505
      173506
      173983
      173984
      173985
      173986
      173987
      173988
      173989
      173990
      173991
      173992
      173993
      173994
      173995
      173996
      174472
      174473
      174474
      174475
      174476
      174477
      174478
      174479
      174480
      174481
      174482
      174483
      174484
      174485
      174961
      174962
      174963
      174964
      174965
      174966
      174967
      174968
      174969
      174970
      174971
      174972
      174973
      174974
      175451
      175452
      175453
      175454
      175455
      175456
      175457
      175458
      175459
      175460
      175461
      175462
      175463
      175940
      175941
      175942
      175943
      175944
      175945
      175946
      175947
      175948
      175949
      175950
      175951
      176429
      176430
      176431
      176432
      176433
      176434
      176435
      176436
      176437
      176438
      176918
      176919
      176920
      176921
      176922
      176923
      176924
      177407
      177408
      177409
      177410
      177411
      177896
      177897
      177898
