         154
       28852
       28853
       28854
       28855
       28856
       28857
       28858
       28859
       28860
       29341
       29342
       29343
       29344
       29345
       29346
       29347
       29348
       29349
       29830
       29831
       29832
       29833
       29834
       29835
       29836
       29837
       29838
       30319
       30320
       30321
       30322
       30323
       30324
       30325
       30326
       30327
       30808
       30809
       30810
       30811
       30812
       30813
       30814
       30815
       30817
       31297
       31298
       31299
       31300
       31301
       31302
       31303
       31304
       31305
       31306
       31786
       31787
       31788
       31789
       31790
       31791
       31792
       31793
       31794
       31795
       32275
       32276
       32277
       32278
       32279
       32280
       32281
       32282
       32283
       32284
       32764
       32765
       32766
       32767
       32768
       32769
       32770
       32771
       32774
       32775
       33253
       33254
       33255
       33256
       33257
       33258
       33259
       33260
       33261
       33263
       33264
       33269
       33742
       33743
       33744
       33745
       33746
       33747
       33748
       33749
       33750
       33751
       33753
       33754
       33757
       34231
       34232
       34233
       34234
       34235
       34236
       34237
       34238
       34243
       34244
       34245
       34720
       34721
       34722
       34723
       34724
       34725
       34726
       34727
       34728
       34729
       34730
       35209
       35210
       35211
       35212
       35213
       35214
       35215
       35216
       35219
       35698
       35699
       35700
       35701
       35702
       35703
       35704
       35705
       36187
       36188
       36189
       36190
       36191
