          71
      209087
      209569
      209570
      210054
      210055
      210056
      210058
      210062
      210541
      210550
      210551
      211027
      211029
      211034
      211035
      211036
      211513
      211520
      211521
      212979
      215919
      215920
      215921
      215922
      215923
      215924
      216408
      216409
      216410
      216416
      216417
      216418
      216895
      216896
      216897
      216900
      216901
      216902
      217384
      217385
      217392
      217393
      217394
      217397
      217877
      217880
      217881
      217882
      217883
      217884
      217885
      217886
      217887
      217888
      217889
      218366
      218367
      218368
      218373
      218374
      218375
      218376
      218377
      218378
      218379
      218380
      218381
      218382
      218870
      218871
      220298
