          39
      208827
      209806
      210780
      211761
      212249
      212738
      212739
      212746
      212748
      212752
      213227
      213228
      213230
      213234
      213237
      213240
      213241
      213716
      213717
      213718
      213719
      213720
      213727
      213730
      214205
      214206
      214207
      214208
      214209
      214210
      214684
      214696
      214697
      214698
      215186
      215187
      215675
      215683
      218612
