         231
      160796
      161284
      161285
      161286
      161287
      161288
      161289
      161290
      161291
      161772
      161773
      161774
      161775
      161776
      161777
      161778
      161779
      161780
      161781
      161782
      161783
      161784
      161785
      162261
      162262
      162263
      162264
      162265
      162266
      162267
      162268
      162269
      162270
      162271
      162272
      162273
      162274
      162275
      162277
      162278
      162749
      162750
      162751
      162752
      162753
      162754
      162755
      162756
      162757
      162758
      162759
      162760
      162761
      162762
      162763
      162764
      162765
      162766
      162767
      162769
      163237
      163238
      163239
      163240
      163241
      163242
      163243
      163244
      163245
      163246
      163247
      163248
      163249
      163250
      163251
      163252
      163253
      163254
      163256
      163257
      163726
      163727
      163728
      163729
      163730
      163731
      163732
      163733
      163734
      163735
      163736
      163737
      163738
      163739
      163740
      163741
      163742
      163743
      163745
      163746
      164215
      164216
      164217
      164218
      164219
      164220
      164221
      164222
      164223
      164224
      164225
      164226
      164227
      164228
      164229
      164230
      164231
      164232
      164234
      164235
      164705
      164706
      164707
      164708
      164709
      164710
      164711
      164712
      164713
      164714
      164715
      164716
      164717
      164718
      164719
      164720
      164721
      164722
      164723
      165194
      165195
      165196
      165197
      165198
      165199
      165200
      165201
      165202
      165203
      165204
      165205
      165206
      165207
      165208
      165209
      165210
      165212
      165213
      165683
      165684
      165685
      165686
      165687
      165688
      165689
      165690
      165691
      165692
      165693
      165694
      165695
      165696
      165697
      165698
      165699
      165700
      165701
      166173
      166174
      166175
      166176
      166177
      166178
      166179
      166180
      166181
      166182
      166183
      166184
      166185
      166186
      166187
      166189
      166662
      166663
      166664
      166665
      166666
      166667
      166668
      166669
      166670
      166671
      166672
      166673
      166674
      166675
      166676
      167152
      167153
      167154
      167155
      167156
      167157
      167158
      167159
      167160
      167161
      167162
      167163
      167164
      167165
      167166
      167641
      167642
      167643
      167644
      167645
      167646
      167647
      167648
