         818
      140815
      144728
      145217
      146674
      147163
      148140
      148149
      148629
      148638
      149118
      149127
      149616
      150105
      150584
      150594
      151073
      151083
      151562
      151572
      152051
      152061
      152540
      152550
      153029
      153039
      153528
      154017
      181844
      183798
      184287
      185266
      185756
      186245
      186716
      186734
      187223
      186701
      187679
      187693
      187700
      188168
      188657
      188678
      189146
      189635
      189639
      189646
      190129
      190130
      190131
      190132
      190134
      190136
      190137
      190623
      190626
      191111
      187712
      188200
      188201
      188689
      188690
      188691
      189178
      189179
      189180
      189668
      189669
      190150
      190152
      190158
      190159
      190635
      190636
      190640
      190647
      190648
      191134
      191136
      191614
      191615
      191623
      191625
      192108
      192110
      192112
      192114
      192599
      192603
      193082
      193084
      193089
      193091
      193092
      193569
      193578
      193579
      193580
      193581
      194067
      194068
      194069
      194070
      194556
      194557
      194558
      194559
      195042
      195043
      195048
      195530
      195531
      195532
      196019
      196020
      196021
      196506
      196995
      152504
      153485
      153974
      156420
      157947
      158923
      159411
      161314
      162281
      164236
      165702
      166191
      166679
      167657
      168147
      168162
      168637
      168651
      169126
      169615
      170105
      170594
      170608
      171083
      171097
      171572
      171573
      172062
      172063
      172551
      172552
      173041
      173529
      173530
      173531
      174509
      174998
      175010
      175023
      175488
      175499
      175977
      175982
      175989
      176040
      176466
      176471
      176478
      176527
      176959
      176960
      176980
      176983
      177449
      177456
      177464
      177469
      177470
      177471
      177472
      177500
      177959
      177960
      177985
      178435
      178439
      178441
      178484
      178485
      178908
      178914
      178924
      178927
      178971
      178972
      178973
      178974
      179403
      179414
      179460
      179461
      179462
      179463
      179872
      179885
      179886
      179904
      179948
      179951
      179952
      180362
      180374
      180393
      180394
      180435
      180436
      180437
      180438
      180439
      180440
      180441
      180850
      180854
      180863
      180864
      180882
      180924
      180925
      180928
      180929
      180930
      181340
      181341
      181371
      181409
      181413
      181414
      181415
      181416
      181417
      181418
      181419
      181828
      181829
      181830
      181860
      181903
      181904
      181905
      182320
      182392
      182808
      182809
      182881
      183297
      183367
      183369
      183370
      183785
      183786
      183787
      183788
      183855
      183858
      184273
      184274
      184275
      184276
      184284
      184345
      184762
      184763
      184764
      184765
      184766
      184768
      184775
      184834
      184840
      185251
      185252
      185253
      185254
      185255
      185264
      185329
      185735
      185739
      185741
      185742
      185743
      185745
      185748
      185749
      185750
      185753
      185812
      186211
      186226
      186230
      186231
      186232
      186236
      186242
      186302
      186306
      186699
      186700
      186702
      186714
      186717
      186718
      186721
      186787
      187188
      187189
      187191
      187192
      187207
      187208
      187210
      187211
      187219
      187283
      187690
      190611
      191100
      187682
      187692
      188167
      188173
      188664
      188665
      188666
      187678
      188174
      188180
      188656
      189145
      189634
      190123
      190612
      191101
      191590
      192079
      192568
      193057
      193546
      186698
      186704
      187194
      187200
      187677
      188165
      188654
      189143
      189632
      190121
      190610
      191099
      191588
      192077
      192566
      193055
      193544
      194033
      194522
      188184
      188188
      189651
      190140
      190142
      190143
      190631
      190632
      191609
      192588
      193563
      194052
      186719
      186720
      187209
      188252
      189233
      189235
      189724
      190701
      190708
      191192
      191199
      191686
      192162
      192167
      192656
      194617
      195103
      195590
      187688
      188166
      188655
      189144
      189633
      190122
      187681
      188171
      189150
      189157
      189640
      189641
      189642
      189643
      189645
      189647
      189648
      190124
      190133
      190613
      190622
      187698
      187694
      188659
      189638
      189649
      190138
      190617
      190627
      191107
      191116
      191596
      191597
      191598
      191602
      191603
      191605
      192086
      192087
      192088
      192090
      192093
      192570
      192575
      192577
      192578
      192579
      192583
      193059
      193066
      193067
      193068
      193072
      193548
      194037
      194549
      195035
      195524
      196013
      186730
      187212
      187216
      187217
      187218
      187705
      188194
      188685
      188686
      189660
      176439
      176440
      176441
      176925
      176926
      176927
      176928
      176929
      176930
      177412
      177413
      177414
      177415
      177416
      177417
      177418
      177419
      177420
      177899
      177900
      177901
      177902
      177903
      177904
      177905
      177906
      177907
      177908
      177909
      177910
      178386
      178387
      178388
      178389
      178390
      178391
      178392
      178393
      178394
      178395
      178396
      178397
      178398
      178399
      178875
      178876
      178877
      178878
      178879
      178880
      178881
      178882
      178883
      178884
      178885
      178886
      178887
      178888
      178889
      179364
      179365
      179366
      179367
      179368
      179369
      179370
      179371
      179372
      179373
      179374
      179375
      179376
      179377
      179378
      179853
      179854
      179855
      179856
      179857
      179858
      179859
      179860
      179861
      179862
      179863
      179864
      179865
      179866
      179867
      179868
      180342
      180343
      180344
      180345
      180346
      180347
      180348
      180349
      180350
      180351
      180352
      180353
      180354
      180355
      180356
      180357
      180358
      180831
      180832
      180833
      180834
      180835
      180836
      180837
      180838
      180839
      180840
      180841
      180842
      180843
      180844
      180845
      180846
      180847
      181320
      181321
      181322
      181323
      181324
      181325
      181326
      181327
      181328
      181329
      181330
      181331
      181332
      181333
      181334
      181335
      181336
      181337
      181809
      181810
      181811
      181812
      181813
      181814
      181815
      181816
      181817
      181818
      181819
      181820
      181821
      181822
      181823
      181824
      181825
      181826
      182299
      182300
      182301
      182302
      182303
      182304
      182305
      182306
      182307
      182308
      182309
      182310
      182311
      182312
      182313
      182314
      182315
      182316
      182788
      182789
      182790
      182791
      182792
      182793
      182794
      182795
      182796
      182797
      182798
      182799
      182800
      182801
      182802
      182803
      182804
      182805
      183277
      183278
      183279
      183280
      183281
      183282
      183283
      183284
      183285
      183286
      183287
      183288
      183289
      183290
      183291
      183292
      183293
      183294
      183766
      183767
      183768
      183769
      183770
      183771
      183772
      183773
      183774
      183775
      183776
      183777
      183778
      183779
      183780
      183781
      183782
      183783
      184255
      184256
      184257
      184258
      184259
      184260
      184261
      184262
      184263
      184264
      184265
      184266
      184267
      184268
      184269
      184270
      184271
      184272
      184744
      184745
      184746
      184747
      184748
      184749
      184750
      184751
      184752
      184753
      184754
      184755
      184756
      184757
      184758
      184759
      184760
      185232
      185233
      185234
      185235
      185236
      185237
      185238
      185239
      185240
      185241
      185242
      185243
      185244
      185245
      185246
      185247
      185248
      185249
      185722
      185723
      185724
      185725
      185726
      185727
      185728
      185729
      185730
      185731
      185732
      185733
      185734
      185736
      185737
      186210
      186213
      186214
      186215
      186216
      186217
      186218
      186219
      186220
      186221
      186222
      186223
      186224
      186225
      186705
      186706
      186707
      186708
      186709
      186710
      186711
      186712
      186713
      187195
      187196
      187197
      187198
      187199
      187201
      187202
      185740
      186229
      183308
      184774
      186212
      186234
      186235
      186241
      186703
      186715
      187193
      187203
      187684
      187685
      187686
      187687
      187689
      187691
      188179
      187683
      188175
      188176
      188177
      188178
