         762
       34156
       34158
       34159
       34164
       34645
       34647
       34653
       35133
       35134
       35135
       35142
       35146
       35622
       35623
       35624
       35631
       36114
       36119
       36120
       36608
       36611
       36613
       36614
       37096
       37097
       37100
       37104
       37585
       37586
       37589
       38072
       38073
       38074
       38075
       38076
       38560
       38561
       38562
       38563
       38564
       38565
       38566
       39050
       39051
       39052
       39053
       39054
       39055
       39539
       39540
       39541
       39542
       40026
       40027
       40028
       40029
       40030
       40031
       40032
       40515
       40516
       40517
       40518
       40519
       40520
       40521
       40523
       41004
       41005
       41006
       41007
       41008
       41009
       41010
       41011
       41012
       41493
       41494
       41495
       41496
       41497
       41498
       41499
       41500
       41983
       41984
       41985
       41986
       41987
       41988
       41989
       41990
       42472
       42473
       42474
       42475
       42476
       42477
       42478
       42479
       42961
       42962
       42963
       42964
       42965
       42966
       42967
       43450
       43451
       43452
       43453
       43454
       43455
       43456
       43938
       43939
       43943
       43944
       43945
       44430
       44431
       44432
       44433
       44434
       44919
       44920
       44921
       44922
       45410
       46386
       46873
       46874
       46875
       46367
       46368
       46369
       46370
       46371
       46372
       46373
       46374
       46375
       46376
       46377
       46378
       46379
       46380
       46381
       46382
       46383
       46384
       46385
       46856
       46857
       46858
       46859
       46860
       46861
       46862
       46863
       46864
       46865
       46866
       46867
       46868
       46869
       46870
       46871
       46872
       47345
       47346
       47347
       47348
       47349
       47350
       47351
       47352
       47353
       47354
       47355
       47356
       47357
       47358
       47359
       47360
       47361
       47362
       47363
       47835
       47836
       47837
       47838
       47839
       47840
       47841
       47842
       47843
       47844
       47845
       47846
       47847
       47848
       47849
       47851
       48325
       48326
       48327
       48328
       48329
       48330
       48331
       48332
       48333
       48334
       48335
       48336
       48337
       48338
       48815
       48816
       48817
       48818
       48819
       48820
       48821
       48822
       48823
       48824
       48825
       48826
       48827
       48828
       49305
       49306
       49307
       49308
       49309
       49310
       49311
       49312
       49313
       49314
       49315
       49316
       49796
       49797
       49798
       49799
       49800
       49803
       50286
       50288
       50289
       50291
       50778
       50779
       50780
       46387
       47364
       48340
       49805
       52246
       34169
       34644
       35132
       35136
       35137
       35621
       35625
       35637
       36111
       36112
       36113
       36115
       36116
       36118
       36122
       36124
       36600
       36601
       36602
       36603
       36604
       36605
       36606
       36607
       37073
       37088
       37089
       37090
       37091
       37092
       37093
       37094
       37095
       37561
       37577
       37578
       37579
       37580
       37581
       37582
       37583
       37584
       38065
       38066
       38067
       38068
       38069
       38070
       38071
       38540
       38541
       38553
       38554
       38555
       38556
       38557
       38558
       38559
       39030
       39031
       39041
       39042
       39043
       39044
       39045
       39046
       39047
       39048
       39049
       39519
       39529
       39530
       39531
       39532
       39533
       39534
       39535
       39536
       39537
       39538
       40005
       40006
       40017
       40018
       40019
       40020
       40021
       40022
       40023
       40024
       40025
       40034
       40494
       40495
       40505
       40506
       40507
       40508
       40509
       40510
       40511
       40512
       40513
       40514
       40983
       40994
       40995
       40996
       40997
       40998
       40999
       41000
       41001
       41002
       41003
       41471
       41481
       41482
       41483
       41484
       41485
       41486
       41487
       41488
       41489
       41490
       41491
       41492
       41956
       41959
       41960
       41970
       41971
       41972
       41973
       41974
       41975
       41976
       41977
       41978
       41979
       41980
       41981
       41982
       42446
       42447
       42448
       42459
       42460
       42461
       42462
       42463
       42464
       42465
       42466
       42467
       42468
       42469
       42470
       42471
       42936
       42948
       42949
       42950
       42952
       42953
       42954
       42955
       42956
       42957
       42958
       42959
       42960
       43424
       43425
       43437
       43438
       43439
       43441
       43442
       43443
       43444
       43445
       43446
       43447
       43448
       43449
       43910
       43922
       43923
       43924
       43925
       43926
       43927
       43928
       43929
       43930
       43931
       43932
       43933
       43934
       43935
       43936
       43937
       43940
       43941
       43942
       44411
       44412
       44413
       44414
       44415
       44416
       44417
       44418
       44419
       44420
       44421
       44422
       44423
       44424
       44425
       44426
       44427
       44428
       44429
       44900
       44901
       44902
       44903
       44904
       44905
       44906
       44907
       44908
       44909
       44910
       44911
       44912
       44913
       44914
       44915
       44918
       45380
       45389
       45390
       45391
       45392
       45393
       45394
       45395
       45396
       45397
       45398
       45399
       45400
       45401
       45402
       45403
       45404
       45405
       45407
       45408
       45409
       45868
       45878
       45879
       45880
       45881
       45882
       45883
       45884
       45885
       45886
       45887
       45888
       45889
       45890
       45891
       45892
       45893
       45894
       45895
       45896
       45897
       45898
       46356
       26333
       26822
       27792
       28280
       28298
       28301
       28787
       28790
       29257
       29276
       29279
       29282
       29760
       29765
       29771
       30248
       30249
       30250
       30254
       30260
       30722
       30737
       30738
       30739
       30742
       30743
       30749
       31225
       31226
       31227
       31230
       31231
       31238
       31714
       31715
       31716
       31719
       31720
       31727
       32202
       32203
       32204
       32208
       32209
       32210
       32211
       32212
       32214
       32216
       32691
       32692
       32697
       32698
       32699
       32703
       32705
       33165
       33180
       33181
       33186
       33187
       33188
       33192
       33653
       33668
       33669
       33670
       33675
       33676
       33677
       34157
       34165
       34166
       34630
       34646
       34654
       34655
       35143
       35144
       35145
       35149
       35607
       35632
       35633
       35634
       35635
       35638
       36121
       36123
       36127
       36609
       36610
       36612
       37098
       37099
       37101
       37102
       37103
       37587
       37588
       37590
       37591
       37592
       37593
       38077
       38078
       38079
       38080
       38081
       38567
       38568
       38569
       39056
       39057
       39058
       39543
       39544
       39545
       39547
       40033
       40036
       40522
       41501
       42968
       43457
       44923
       45899
       47832
       47833
       47834
       48311
       48321
       48322
       48323
       48324
       48809
       48810
       48811
       48812
       48813
       48814
       49297
       49298
       49299
       49300
       49301
       49302
       49303
       49304
       49785
       49786
       49787
       49788
       49789
       49790
       49791
       49792
       49793
       49794
       49795
       50274
       50275
       50276
       50277
       50278
       50279
       50280
       50281
       50282
       50283
       50284
       50285
       50287
       50763
       50764
       50765
       50768
       50769
       50770
       50771
       50772
       50773
       50774
       50775
       50776
       50777
       51253
       51257
       51258
       51259
       51260
       51261
       51262
       51263
       51264
       51266
       51267
       51268
       51745
       51749
       51750
       51751
       51752
       51753
       51755
       51756
       52240
       52241
       52242
       52243
       52244
       52245
       52731
