         323
      192352
      192353
      192354
      192355
      192356
      192357
      192358
      192359
      192360
      192361
      192362
      192363
      192841
      192843
      192844
      192845
      192846
      192847
      192848
      192849
      192850
      192851
      192852
      192853
      192854
      193330
      193332
      193333
      193334
      193335
      193336
      193337
      193338
      193339
      193340
      193341
      193342
      193343
      193344
      193345
      193819
      193821
      193822
      193823
      193824
      193825
      193826
      193827
      193828
      193829
      193830
      193831
      193832
      193833
      193834
      193835
      194306
      194307
      194309
      194310
      194311
      194312
      194313
      194314
      194315
      194316
      194317
      194318
      194319
      194320
      194321
      194322
      194323
      194324
      194325
      194795
      194796
      194798
      194799
      194800
      194801
      194802
      194803
      194804
      194805
      194806
      194807
      194808
      194809
      194810
      194811
      194812
      194813
      194814
      195285
      195287
      195288
      195289
      195290
      195291
      195292
      195293
      195294
      195295
      195296
      195297
      195298
      195299
      195300
      195301
      195302
      195303
      195774
      195775
      195776
      195777
      195778
      195779
      195780
      195781
      195782
      195783
      195784
      195785
      195786
      195787
      195788
      195789
      195790
      196263
      196264
      196265
      196266
      196267
      196268
      196269
      196270
      196271
      196272
      196273
      196274
      196275
      196276
      196277
      196278
      196279
      196750
      196751
      196752
      196753
      196754
      196755
      196756
      196757
      196758
      196759
      196760
      196761
      196762
      196763
      196764
      196765
      196766
      196767
      196768
      197239
      197240
      197241
      197243
      197244
      197245
      197246
      197247
      197248
      197249
      197250
      197251
      197252
      197253
      197254
      197255
      197256
      197257
      197729
      197730
      197731
      197732
      197733
      197734
      197735
      197736
      197737
      197738
      197739
      197740
      197741
      197742
      197743
      197744
      197745
      197746
      198218
      198219
      198220
      198221
      198222
      198223
      198224
      198225
      198226
      198227
      198228
      198229
      198230
      198231
      198232
      198233
      198234
      198235
      198705
      198706
      198708
      198711
      198712
      198713
      198714
      198715
      198716
      198717
      198718
      198719
      198720
      198721
      198722
      198723
      198724
      198725
      199194
      199195
      199200
      199201
      199202
      199203
      199204
      199205
      199206
      199207
      199208
      199209
      199210
      199211
      199212
      199215
      199684
      199689
      199690
      199691
      199692
      199693
      199694
      199695
      199696
      199697
      199698
      199699
      199702
      200173
      200174
      200176
      200177
      200178
      200179
      200180
      200181
      200182
      200183
      200184
      200185
      200186
      200187
      200663
      200664
      200665
      200666
      200667
      200668
      200669
      200670
      200671
      200672
      200673
      200674
      201152
      201153
      201154
      201155
      201156
      201157
      201158
      201159
      201160
      201161
      201640
      201641
      201642
      201643
      201644
      201645
      201646
      201647
      201648
      202129
      202130
      202131
      202132
      202133
      202134
      202135
      202617
      202619
      202622
      203110
      203596
