          48
       57064
       57554
       58043
       59509
       59511
       61941
       61955
       62444
       62936
       63424
       63425
       63913
       64401
       64402
       64890
       64891
       65379
       65380
       65382
       65868
       65871
       67336
       67823
       67825
       68312
       68313
       68314
       68316
       68801
       68802
       69290
       69293
       69779
       69782
       70268
       70757
       71246
       71735
       72223
       72226
       72714
       73187
       73203
       73689
       73692
       74671
       75648
       76133
