         122
       17396
       17399
       17887
       17888
       17889
       17890
       18366
       18378
       18379
       18380
       18854
       18855
       18856
       18857
       18869
       18870
       18871
       19344
       19345
       19346
       19347
       19348
       19359
       19835
       19837
       19838
       20325
       20326
       20327
       20328
       20329
       20330
       20815
       20816
       20817
       20818
       20820
       21306
       21307
       21308
       21309
       21794
       21795
       21796
       21797
       21799
       22281
       22282
       22283
       22284
       22285
       22286
       22287
       22289
       22290
       22767
       22768
       22769
       22772
       22773
       22774
       22775
       22780
       23256
       23257
       23258
       23259
       23260
       23261
       23262
       23265
       23266
       23267
       23268
       23269
       23743
       23744
       23745
       23746
       23747
       23748
       23749
       23750
       23751
       23752
       23753
       23754
       23757
       23758
       24232
       24233
       24234
       24235
       24241
       24242
       24243
       24244
       24245
       24246
       24734
       24735
       25217
       25218
       25219
       25220
       25221
       25222
       25223
       25224
       25699
       25700
       25701
       25702
       25703
       25704
       25705
       25706
       25707
       25709
       25710
       25711
       25712
