         275
      115848
      115849
      115850
      115851
      116336
      116337
      116338
      116339
      116340
      116341
      116824
      116825
      116826
      116827
      116828
      116829
      116830
      116831
      117311
      117312
      117313
      117314
      117315
      117316
      117317
      117318
      117319
      117320
      117799
      117800
      117801
      117802
      117803
      117804
      117805
      117806
      117807
      117808
      117809
      118287
      118288
      118289
      118290
      118291
      118292
      118293
      118294
      118295
      118296
      118297
      118298
      118299
      118775
      118776
      118777
      118778
      118779
      118780
      118781
      118782
      118783
      118784
      118785
      118786
      118787
      118788
      119263
      119264
      119265
      119266
      119267
      119268
      119269
      119270
      119271
      119272
      119273
      119274
      119275
      119276
      119277
      119751
      119752
      119753
      119754
      119755
      119756
      119757
      119758
      119759
      119760
      119761
      119762
      119763
      119764
      119765
      119766
      120239
      120240
      120241
      120242
      120243
      120244
      120245
      120246
      120247
      120248
      120249
      120250
      120251
      120252
      120253
      120254
      120255
      120728
      120729
      120730
      120731
      120732
      120733
      120734
      120735
      120736
      120737
      120738
      120739
      120740
      120741
      120742
      120743
      120744
      121217
      121218
      121219
      121220
      121221
      121222
      121223
      121224
      121225
      121226
      121227
      121228
      121229
      121230
      121231
      121232
      121233
      121234
      121706
      121707
      121708
      121709
      121710
      121711
      121712
      121713
      121714
      121715
      121716
      121717
      121718
      121719
      121720
      121721
      121722
      121723
      122195
      122196
      122197
      122198
      122199
      122200
      122201
      122202
      122203
      122204
      122205
      122206
      122207
      122208
      122209
      122210
      122211
      122212
      122684
      122685
      122686
      122687
      122688
      122689
      122690
      122691
      122692
      122693
      122694
      122695
      122696
      122697
      122698
      122699
      122700
      122701
      123173
      123174
      123175
      123176
      123177
      123178
      123179
      123180
      123181
      123182
      123183
      123184
      123185
      123186
      123187
      123188
      123189
      123190
      123662
      123663
      123664
      123665
      123666
      123667
      123668
      123669
      123670
      123671
      123672
      123673
      123674
      123675
      123676
      123677
      123678
      124151
      124152
      124153
      124154
      124155
      124156
      124157
      124158
      124159
      124160
      124161
      124162
      124163
      124640
      124641
      124642
      124643
      124644
      124645
      124646
      124647
      124648
      124649
      125129
      125130
      125131
      125132
      125133
      125134
      125135
      125618
      125619
      125620
      125621
      125622
      126108
      126109
