         280
       64790
       65276
       70650
       70651
       70652
       71136
       71137
       71139
       71626
       72113
       72615
       76519
       76530
       77507
       70667
       75064
       75066
       75552
       76531
       76532
       75553
       76533
       77020
       77514
       82397
       82886
       83375
       83376
       83864
       83865
       84353
       84354
       84355
       84842
       84843
       84844
       85331
       85332
       85333
       85820
       85821
       85822
       85823
       86309
       86310
       86311
       86312
       86800
       86801
       86802
       87291
       87292
       87293
       87294
       87786
       88275
       88276
       88765
       89252
       90231
       90238
       90720
       90724
       90727
       91696
       91704
       92195
       92680
       92682
       93170
       93172
       93654
       93661
       58923
       63815
       64791
       65277
       65278
       65279
       65767
       65768
       65769
       65770
       65771
       65772
       71135
       71140
       71141
       73579
       77018
       77019
       77494
       77498
       77506
       77508
       81904
       81905
       82390
       82391
       82392
       82393
       82394
       82395
       82396
       82878
       82879
       82880
       82881
       82882
       82883
       82884
       83367
       83370
       83371
       83372
       83373
       83374
       83855
       83857
       83859
       83860
       83861
       83862
       83863
       84344
       84346
       84349
       84350
       84352
       84833
       84835
       84836
       84837
       84841
       85319
       85321
       85324
       85325
       85329
       85330
       85818
       86307
       87748
       87749
       87750
       87751
       87752
       87753
       87754
       87755
       87759
       87767
       87773
       88240
       88241
       88242
       88256
       94150
       94151
       94635
       94641
       94642
       95128
       95619
       97087
       97556
       97573
       98046
       98535
       98552
       98554
       99024
       99025
       99531
       63825
       64313
       64801
       65775
       65776
       71158
       75086
       77021
       77024
       77036
       77043
       77533
       78015
       78507
       78508
       78509
       79001
       79486
       80468
       80951
       83398
       70668
       71639
       73114
       75065
       75067
       75575
       77513
       77525
       77530
       77531
       77532
       78004
       78005
       78019
       78020
       78021
       78022
       78494
       78510
       78511
       78984
       78997
       78998
       78999
       79487
       79488
       79490
       79975
       79976
       79979
       80463
       81440
       81445
       81929
       94609
       95096
       95098
       95101
       95593
       96084
       97550
       98532
       94118
       95097
       95592
       96078
       96575
       97059
       58425
       58435
       59898
       60388
       61365
       61366
       61854
       61856
       62344
       62834
       63323
       64298
       64789
       65764
       65765
       65766
       66257
       66736
       70157
       70158
       70160
       70161
       70162
       70163
       70164
       70645
       70646
       70647
       70648
       70649
       70653
       71138
       71624
       72114
       73090
       73578
       77004
