         544
       16987
       23336
       23825
       24314
       24328
       25291
       25780
       25794
       26283
       26286
       26771
       26775
       27264
       27736
       28238
       28727
       29216
       29705
       30194
       31171
       31660
       33619
       34107
       34108
       34109
       34596
       34597
       34598
       35085
       35086
       35574
       35575
       39482
       39970
       40458
       40459
       40948
       19933
       20421
       21398
       21885
       21886
       21887
       22374
       22375
       22376
       24342
       25308
       25309
       25797
       25798
       26287
       26776
       27265
       27266
       27752
       27753
       27754
       27755
       28241
       28243
       28249
       28730
       28731
       28732
       28733
       29219
       29221
       29222
       29708
       29715
       30197
       30686
       30687
       31175
       31664
       31666
       31669
       32155
       32644
       32646
       33134
       33620
       33621
       34110
       34111
       34599
       35087
       35576
       15522
       16009
       16011
       16498
       17965
       18452
       18940
       18941
       19429
       19917
       19918
       20410
       22358
       22359
       22847
       22848
       23335
       23337
       23823
       23824
       23826
       24312
       24313
       24315
       24801
       24802
       24803
       24804
       25290
       25292
       25293
       25294
       25305
       25776
       25779
       25782
       25783
       25784
       26265
       26269
       26272
       26273
       26753
       26754
       26758
       26762
       27242
       27243
       27247
       27731
       27732
       27748
       28220
       28221
       28223
       28234
       28709
       28710
       28723
       29197
       29199
       29685
       29687
       30662
       30664
       30682
       31152
       17476
       22863
       23352
       23841
       24329
       24330
       24817
       24818
       24819
       25306
       25307
       25795
       25796
       26284
       26285
       26772
       26773
       26774
       27260
       27261
       27262
       27263
       27749
       27750
       27751
       28239
       28240
       28242
       28728
       28729
       29217
       29218
       29220
       29706
       29707
       29709
       30195
       30196
       30198
       30683
       30684
       30685
       31172
       31173
       31174
       31176
       31661
       31662
       31663
       31665
       32152
       32153
       32154
       32641
       32642
       32643
       33130
       33131
       33132
       28217
       28237
       28725
       28726
       29203
       29213
       29214
       29215
       29691
       29701
       29702
       29703
       29704
       30190
       30191
       30192
       30193
       30679
       30680
       30681
       31151
       31168
       31169
       31170
       31657
       31658
       31659
       32145
       32147
       32148
       32149
       32151
       32636
       32637
       32638
       32640
       33126
       33127
       33128
       33129
       33616
       33617
       33618
       34105
       34106
       34595
       35084
       35573
       36062
       36063
       40457
       16514
       16515
       17003
       17004
       17005
       17006
       17491
       17492
       17493
       17494
       17495
       17496
       17497
       17980
       17981
       17982
       17983
       17984
       17985
       17986
       17987
       17988
       18468
       18469
       18470
       18471
       18472
       18473
       18474
       18475
       18476
       18477
       18478
       18956
       18957
       18958
       18959
       18960
       18961
       18962
       18963
       18964
       18965
       18966
       18967
       19445
       19446
       19447
       19448
       19449
       19450
       19451
       19452
       19453
       19454
       19455
       19934
       19935
       19936
       19937
       19938
       19939
       19940
       19941
       19942
       19943
       19944
       20422
       20423
       20424
       20425
       20426
       20427
       20428
       20429
       20430
       20431
       20432
       20433
       20434
       20910
       20911
       20912
       20913
       20914
       20915
       20916
       20917
       20918
       20919
       20920
       20921
       20922
       21399
       21400
       21401
       21402
       21403
       21404
       21405
       21406
       21407
       21408
       21409
       21410
       21411
       21888
       21889
       21890
       21891
       21892
       21893
       21894
       21895
       21896
       21897
       21898
       21899
       21900
       22377
       22378
       22379
       22380
       22381
       22382
       22383
       22384
       22385
       22386
       22387
       22388
       22864
       22865
       22866
       22867
       22868
       22869
       22870
       22871
       22872
       22873
       22874
       22875
       22876
       23353
       23354
       23355
       23356
       23357
       23358
       23359
       23360
       23361
       23362
       23363
       23364
       23842
       23843
       23844
       23845
       23846
       23847
       23848
       23849
       23850
       23851
       23852
       23853
       24331
       24332
       24333
       24334
       24335
       24336
       24337
       24338
       24339
       24340
       24341
       24820
       24821
       24822
       24823
       24824
       24825
       24826
       24827
       24828
       24829
       24830
       25310
       25311
       25312
       25313
       25314
       25315
       25316
       25317
       25318
       25799
       25800
       25801
       25802
       25803
       25804
       25805
       25806
       25807
       26288
       26289
       26290
       26291
       26292
       26293
       26294
       26295
       26777
       26778
       26779
       26780
       26781
       26782
       26783
       26784
       27267
       27268
       27269
       27270
       27271
       27272
       27756
       27757
       27758
       27759
       27760
       27761
       28244
       28245
       28246
       28247
       28248
       28250
       28734
       28735
       28736
       28737
       28738
       29223
       29224
       29225
       29226
       29227
       29710
       29711
       29712
       29713
       29714
       30199
       30200
       30201
       30202
       30203
       30688
       30689
       30690
       30691
       30692
       31177
       31178
       31179
       31180
       31667
       31668
       32156
       32157
       32645
       33133
       33622
