          76
      202858
      203347
      203836
      204321
      204324
      204810
      204813
      205299
      205301
      205302
      205788
      205789
      205790
      205791
      206277
      206278
      206279
      206766
      206767
      206768
      207255
      207256
      207744
      207745
      208233
      208235
      208722
      208724
      208731
      208732
      209211
      209212
      209213
      209220
      209221
      209226
      209700
      209701
      209702
      209709
      209710
      209711
      209714
      210189
      210190
      210191
      210198
      210199
      210200
      210678
      210679
      210680
      210687
      210688
      211168
      211169
      211657
      211658
      212145
      212147
      212150
      212154
      212634
      212636
      212639
      213123
      213125
      213128
      213612
      213614
      213617
      213621
      214101
      214108
      214593
      214594
