         298
      110997
      111476
      111477
      111478
      111479
      111480
      111481
      111486
      111965
      111966
      111967
      111968
      111969
      111970
      111971
      111972
      111973
      111975
      111976
      111977
      111979
      111981
      112454
      112455
      112456
      112457
      112458
      112459
      112460
      112461
      112462
      112464
      112465
      112468
      112469
      112470
      112943
      112944
      112945
      112946
      112947
      112948
      112949
      112950
      112951
      112953
      112954
      112956
      112957
      113432
      113433
      113434
      113435
      113436
      113437
      113438
      113439
      113440
      113442
      113443
      113445
      113446
      113921
      113922
      113923
      113924
      113925
      113926
      113927
      113928
      113929
      113931
      113932
      113934
      114410
      114411
      114412
      114413
      114414
      114415
      114416
      114417
      114418
      114421
      114422
      114423
      114899
      114900
      114901
      114902
      114903
      114904
      114905
      114906
      114907
      114908
      114909
      115388
      115389
      115390
      115391
      115392
      115393
      115394
      115395
      115396
      115397
      115398
      115400
      115404
      115878
      115879
      115880
      115881
      115882
      115883
      115884
      115888
      115892
      115893
      116367
      116368
      116369
      116370
      116371
      116372
      116373
      116374
      116376
      116377
      116381
      116382
      116856
      116857
      116858
      116859
      116860
      116861
      116862
      116863
      116865
      116869
      116871
      117345
      117346
      117347
      117349
      117350
      117351
      117353
      117358
      117360
      117834
      117835
      117836
      117838
      117839
      117840
      117842
      117846
      117848
      117849
      118322
      118323
      118324
      118325
      118328
      118330
      118336
      118338
      118812
      118813
      118814
      118815
      118817
      118818
      118823
      118825
      118826
      118827
      119301
      119302
      119303
      119304
      119307
      119311
      119312
      119313
      119315
      119316
      119790
      119791
      119792
      119793
      119794
      119795
      119800
      119802
      119803
      119804
      119805
      120280
      120281
      120282
      120283
      120288
      120289
      120291
      120292
      120293
      120294
      120769
      120770
      120771
      120777
      120778
      120779
      120781
      120782
      120783
      121257
      121258
      121259
      121260
      121265
      121266
      121267
      121268
      121270
      121271
      121272
      121746
      121747
      121749
      121753
      121754
      121755
      121757
      121758
      121759
      121761
      122236
      122237
      122242
      122243
      122244
      122245
      122246
      122247
      122248
      122249
      122250
      122724
      122725
      122730
      122731
      122732
      122733
      122734
      122735
      122736
      122737
      122738
      122739
      123213
      123219
      123220
      123221
      123222
      123223
      123224
      123225
      123226
      123227
      123228
      123702
      123707
      123708
      123709
      123710
      123711
      123712
      123713
      123714
      123715
      123716
      123717
      124198
      124199
      124200
      124201
      124202
      124203
      124204
      124205
      124206
      124694
      124695
