          85
       30479
       34882
       34900
       35390
       35857
       36351
       36370
       36847
       36852
       39282
       39772
       40261
       40262
       40263
       40264
       40265
       40266
       40273
       40274
       40275
       40276
       40766
       41235
       41236
       41237
       41238
       41239
       41240
       41241
       41254
       41255
       41257
       41258
       41259
       41260
       41733
       41734
       41748
       42225
       42226
       43699
       44668
       45156
       45644
       46132
       47602
       48113
       48578
       48601
       49553
       49570
       49577
       51027
       51514
       51521
       51999
       52009
       52485
       52486
       52497
       52503
       52972
       52973
       52985
       52991
       53457
       53458
       53459
       53473
       53478
       53943
       53944
       53945
       53946
       53961
       53962
       53966
       54432
       54450
       54451
       54452
       54917
       54918
       54940
       54941
