          42
         360
         362
         363
         850
         851
         853
        1331
        1336
        1340
        1342
        1343
        1820
        1830
        1831
        2313
        2318
        2319
        2797
        2801
        2807
        2808
        3286
        3289
        3295
        3297
        3298
        3774
        3775
        3778
        3784
        3785
        4264
        4273
        4274
        4755
        6708
        7197
        7198
        7685
        8172
        8174
        8663
