          55
      205920
      206897
      206900
      206901
      207386
      207389
      207390
      208362
      208850
      208851
      209322
      209335
      209336
      209337
      209338
      209339
      209824
      209825
      209826
      209827
      210300
      210313
      210314
      210315
      210316
      210802
      210803
      210804
      210805
      211276
      211291
      211292
      211293
      211294
      211779
      211780
      211781
      211786
      212267
      212268
      212269
      212270
      212275
      212286
      212756
      212757
      212758
      213243
      213245
      213246
      213261
      213752
      214220
      214222
      215684
