          62
       23244
       23727
       25684
       25685
       26169
       26170
       26656
       26658
       27647
       27648
       27649
       27659
       27660
       27661
       28124
       28130
       28142
       28646
       29121
       29131
       29132
       29589
       29592
       29593
       29617
       30084
       30085
       30086
       30094
       30095
       30096
       30097
       30098
       30099
       30107
       30108
       30109
       30581
       30582
       30602
       31073
       31548
       31549
       31550
       31564
       32044
       32045
       32046
       32051
       32052
       33026
       33033
       33034
       33035
       33512
       33520
       34002
       34003
       34006
       34483
       34484
       34968
