         426
      104226
      104229
      104231
      104232
      104233
      104234
      104235
      104717
      104718
      104720
      104721
      104722
      104723
      104724
      104725
      104726
      105205
      105206
      105208
      105209
      105210
      105211
      105212
      105693
      105696
      105710
      105711
      105712
      106198
      106199
      106200
      106201
      106202
      106685
      106686
      106687
      106688
      106689
      106690
      106691
      106692
      106693
      107171
      107172
      107173
      107174
      107175
      107176
      107177
      107178
      107179
      107180
      107181
      107182
      107183
      107659
      107660
      107661
      107662
      107663
      107664
      107665
      107666
      107667
      107668
      107669
      107670
      107671
      107672
      107673
      108145
      108146
      108147
      108148
      108149
      108150
      108151
      108152
      108153
      108154
      108155
      108156
      108157
      108158
      108159
      108160
      108161
      108162
      108163
      108631
      108635
      108636
      108637
      108638
      108639
      108640
      108641
      108642
      108643
      108644
      108645
      108646
      108647
      108648
      108649
      108650
      108651
      108652
      108653
      109125
      109126
      109127
      109128
      109129
      109130
      109131
      109132
      109133
      109134
      109135
      109136
      109137
      109138
      109139
      109140
      109141
      109142
      109143
      109615
      109617
      109618
      109619
      109620
      109621
      109622
      109623
      109624
      109625
      109626
      109627
      109628
      109629
      109630
      109631
      109632
      109633
      110105
      110106
      110107
      110108
      110109
      110110
      110111
      110112
      110113
      110114
      110115
      110116
      110117
      110118
      110119
      110120
      110121
      110122
      110595
      110596
      110597
      110598
      110599
      110600
      110601
      110602
      110603
      110604
      110605
      110606
      110607
      110608
      110609
      110610
      110611
      110612
      111084
      111085
      111086
      111087
      111088
      111089
      111090
      111091
      111092
      111093
      111094
      111095
      111096
      111097
      111098
      111099
      111100
      111101
      111574
      111575
      111576
      111577
      111578
      111579
      111580
      111581
      111582
      111583
      111584
      111585
      111586
      111587
      111588
      111589
      111590
      112063
      112064
      112065
      112066
      112067
      112068
      112069
      112070
      112071
      112072
      112073
      112074
      112075
      112076
      112077
      112078
      112079
      112553
      112554
      112555
      112556
      112557
      112558
      112559
      112560
      112561
      112562
      112563
      112564
      112565
      112566
      112567
      112568
      113042
      113043
      113044
      113045
      113046
      113047
      113048
      113049
      113050
      113051
      113052
      113053
      113054
      113055
      113056
      113057
      113532
      113533
      113534
      113535
      113536
      113537
      113538
      113539
      113540
      113541
      113542
      113543
      113544
      113545
      113546
      114021
      114022
      114023
      114024
      114025
      114026
      114027
      114028
      114029
      114030
      114031
      114032
      114033
      114034
      114035
      114511
      114512
      114513
      114514
      114515
      114516
      114517
      114518
      114519
      114520
      114521
      114522
      114523
      114524
      115000
      115001
      115002
      115003
      115004
      115005
      115006
      115007
      115008
      115009
      115010
      115011
      115012
      115013
      115489
      115490
      115491
      115492
      115493
      115494
      115495
      115496
      115497
      115498
      115499
      115500
      115501
      115502
      115503
      115979
      115980
      115981
      115982
      115983
      115984
      115985
      115986
      115987
      115988
      115989
      115990
      115991
      115992
      116468
      116469
      116470
      116471
      116472
      116473
      116474
      116475
      116476
      116477
      116478
      116479
      116480
      116481
      116957
      116958
      116959
      116960
      116961
      116962
      116963
      116964
      116965
      116966
      116967
      116968
      116969
      116970
      117446
      117447
      117448
      117449
      117450
      117451
      117452
      117453
      117454
      117455
      117456
      117457
      117458
      117459
      117937
      117938
      117939
      117940
      117941
      117942
      117943
      117944
      117945
      117946
      117947
      117948
      118425
      118426
      118428
      118429
      118430
      118431
      118432
      118433
      118434
      118435
      118436
      118437
      118915
      118916
      118917
      118918
      118919
      118920
      118921
