         221
      142104
      142105
      142106
      142591
      142592
      142593
      142594
      142595
      142596
      142597
      143082
      143083
      143084
      143085
      143086
      143570
      143571
      143572
      143573
      143574
      143575
      144061
      146514
      146993
      146994
      146995
      146996
      146997
      146998
      146999
      147000
      147001
      147002
      147003
      147004
      147005
      147006
      147482
      147483
      147484
      147486
      147487
      147488
      147489
      147490
      147491
      147494
      147495
      147496
      147970
      147971
      147972
      147973
      147974
      147975
      147976
      147977
      147978
      147981
      147982
      147983
      147984
      148461
      148462
      148463
      148464
      148465
      148466
      148467
      148468
      148469
      148470
      148473
      148952
      148953
      148954
      148955
      148956
      148957
      148958
      148959
      148960
      148961
      148964
      148966
      149441
      149442
      149444
      149445
      149452
      149453
      149454
      149455
      149456
      149928
      149929
      149930
      149931
      149932
      149933
      149939
      149940
      149941
      149945
      149946
      150419
      150426
      150427
      150428
      150431
      150432
      150433
      150435
      150436
      150437
      150439
      150911
      150912
      150913
      150914
      150915
      150916
      150917
      150918
      150923
      150925
      150928
      151398
      151402
      151403
      151409
      151410
      151413
      151414
      151415
      151416
      151886
      151887
      151888
      151889
      151890
      151897
      151900
      151901
      151903
      152376
      152383
      152385
      152386
      152389
      152390
      152391
      152392
      152870
      152871
      152872
      152873
      152874
      152875
      152876
      152877
      152878
      152879
      152882
      152883
      153357
      153358
      153359
      153360
      153362
      153366
      153367
      153371
      153372
      153373
      153845
      153846
      153850
      153851
      153852
      153853
      153854
      153861
      153862
      153863
      154335
      154336
      154337
      154338
      154350
      154351
      154352
      154827
      154828
      154829
      154838
      154839
      154842
      155314
      155315
      155316
      155327
      155328
      155329
      155330
      155331
      155815
      155816
      155818
      155819
      155820
      156303
      156304
      156305
      156307
      156308
      156793
      156794
      156795
      157281
      157282
