          63
       56619
       57108
       57598
       57599
       58088
       58089
       58577
       58578
       58595
       59060
       59061
       59062
       59066
       59067
       59550
       59551
       59552
       59553
       59554
       59555
       59556
       59557
       59558
       60043
       60044
       60045
       60046
       60047
       60532
       60533
       60534
       60535
       60536
       60537
       60538
       60539
       61021
       61022
       61023
       61024
       61025
       61026
       61027
       61028
       61510
       61511
       61512
       61513
       61514
       61515
       61999
       62000
       62001
       62002
       62488
       62489
       62490
       62496
       62977
       62978
       63468
       64942
       65430
