          64
      169989
      170970
      172436
      172927
      173902
      174391
      174393
      174879
      174880
      175365
      175375
      175856
      176343
      176841
      177329
      177334
      177341
      177822
      178307
      178309
      178797
      183199
      183681
      183682
      183683
      183684
      183685
      183686
      183687
      183688
      183689
      184164
      184165
      184169
      184170
      184171
      184172
      184173
      184647
      184656
      184657
      184658
      184659
      184660
      184661
      184662
      184663
      184664
      184665
      184666
      185133
      185151
      185152
      185619
      185640
      185641
      186129
      186130
      186619
      186620
      186621
      187111
      188571
      189057
