          78
       68831
       69321
       69811
       70301
       70312
       70313
       70790
       71280
       71769
       71776
       71777
       72258
       72265
       72266
       72267
       72747
       72748
       72753
       72754
       72755
       72756
       73236
       73237
       73242
       73243
       73726
       73729
       73730
       73731
       73732
       74215
       74218
       74219
       74220
       74221
       74704
       74707
       74708
       74709
       74710
       75191
       75192
       75194
       75195
       75196
       75197
       75198
       75680
       75681
       75682
       75683
       75684
       75685
       75686
       75687
       76169
       76170
       76171
       76172
       76173
       76174
       76175
       76177
       76657
       76658
       76659
       76660
       76661
       76662
       76663
       76664
       77146
       77147
       77148
       77153
       77154
       77635
       77636
