         387
       20509
       20510
       20991
       20992
       20993
       20994
       20995
       20996
       20997
       20998
       20999
       21465
       21466
       21467
       21468
       21469
       21470
       21471
       21472
       21473
       21474
       21475
       21476
       21477
       21478
       21479
       21480
       21481
       21482
       21483
       21484
       21485
       21486
       21487
       21488
       21954
       21955
       21956
       21957
       21958
       21959
       21960
       21961
       21962
       21963
       21964
       21965
       21966
       21967
       21968
       21969
       21970
       21971
       21972
       21973
       21974
       21975
       21976
       21977
       22442
       22443
       22444
       22445
       22446
       22447
       22448
       22449
       22450
       22451
       22452
       22453
       22454
       22455
       22456
       22457
       22458
       22459
       22460
       22461
       22462
       22463
       22464
       22465
       22466
       22931
       22932
       22933
       22934
       22935
       22936
       22937
       22938
       22939
       22940
       22941
       22942
       22943
       22944
       22945
       22946
       22947
       22948
       22949
       22950
       22951
       22952
       22953
       22954
       22955
       23420
       23421
       23422
       23423
       23424
       23425
       23426
       23427
       23428
       23429
       23430
       23431
       23432
       23433
       23434
       23435
       23436
       23437
       23438
       23439
       23440
       23441
       23442
       23443
       23444
       23909
       23910
       23911
       23912
       23913
       23914
       23915
       23916
       23917
       23918
       23919
       23920
       23921
       23922
       23923
       23924
       23925
       23926
       23927
       23928
       23929
       23930
       23931
       23932
       23933
       24398
       24399
       24400
       24401
       24402
       24403
       24404
       24405
       24406
       24407
       24408
       24409
       24410
       24411
       24412
       24413
       24414
       24415
       24416
       24417
       24418
       24419
       24420
       24421
       24422
       24887
       24888
       24889
       24890
       24891
       24892
       24893
       24894
       24895
       24896
       24897
       24898
       24899
       24900
       24901
       24902
       24903
       24904
       24905
       24906
       24907
       24908
       24909
       24910
       24911
       25376
       25377
       25378
       25379
       25380
       25381
       25382
       25383
       25384
       25385
       25386
       25387
       25388
       25389
       25390
       25391
       25392
       25393
       25394
       25395
       25396
       25397
       25398
       25399
       25400
       25865
       25866
       25867
       25868
       25869
       25870
       25871
       25872
       25873
       25874
       25875
       25876
       25877
       25878
       25879
       25880
       25881
       25882
       25883
       25884
       25885
       25886
       25887
       25888
       25889
       26354
       26355
       26356
       26357
       26358
       26359
       26360
       26361
       26362
       26363
       26364
       26365
       26366
       26367
       26368
       26369
       26370
       26371
       26372
       26373
       26374
       26375
       26376
       26843
       26844
       26845
       26846
       26847
       26848
       26849
       26850
       26851
       26852
       26853
       26854
       26855
       26856
       26857
       26858
       26859
       26860
       26861
       26862
       26863
       26864
       27332
       27333
       27334
       27335
       27336
       27337
       27338
       27339
       27340
       27341
       27342
       27343
       27344
       27345
       27346
       27347
       27348
       27349
       27350
       27351
       27821
       27822
       27823
       27824
       27825
       27826
       27827
       27828
       27829
       27830
       27831
       27832
       27833
       27834
       27835
       27836
       27837
       27838
       27839
       28309
       28310
       28311
       28312
       28313
       28314
       28315
       28316
       28317
       28318
       28319
       28320
       28321
       28322
       28323
       28324
       28325
       28326
       28798
       28799
       28800
       28801
       28802
       28803
       28804
       28805
       28806
       28807
       28808
       28809
       28810
       28811
       28812
       29287
       29288
       29289
       29290
       29291
       29292
       29293
       29294
       29295
       29296
       29297
