          38
       25634
       25635
       26608
       26609
       27096
       31520
       31521
       31981
       31982
       31983
       31984
       31985
       31986
       31987
       31988
       31989
       31990
       31991
       31994
       31995
       31996
       31997
       31998
       31999
       32000
       32001
       32015
       32475
       32476
       32477
       32965
       32966
       32967
       32968
       32980
       32981
       32982
       32988
