         100
       24463
       28372
       29839
       32772
       36689
       37669
       38656
       43054
       43550
       44035
       44036
       44517
       46472
       47941
       48430
       53322
       54786
       54791
       55282
       56260
       56261
       56265
       57238
       57239
       61174
       63118
       63619
       64101
       64104
       64587
       64593
       65071
       65074
       65076
       65083
       65087
       65088
       65559
       65563
       65571
       65574
       66050
       66054
       66056
       66059
       66062
       66066
       66544
       67023
       67025
       67032
       67034
       67035
       67036
       67509
       67522
       67528
       68000
       68008
       68015
       68485
       68497
       68498
       68501
       68503
       68983
       68984
       68987
       68988
       68991
       69464
       69471
       69478
       69952
       69960
       69963
       69964
       69966
       70445
       70451
       70925
       70928
       70934
       70935
       70942
       71417
       71422
       71424
       71906
       71910
       71914
       72887
       72891
       73376
       73856
       73865
       73867
       74345
       74357
       74838
