          92
       51099
       51100
       54507
       54995
       54997
       55483
       55484
       56462
       56463
       56952
       58906
       58907
       59404
       59880
       59881
       59894
       59896
       60370
       60381
       60382
       60383
       60384
       60858
       60859
       60870
       60873
       61361
       61835
       61847
       61849
       61850
       61859
       62341
       62826
       62829
       62835
       62836
       62837
       64293
       64782
       64785
       65267
       65268
       65269
       65270
       65760
       66247
       60905
       62371
       62860
       63344
       63831
       64319
       64807
       65295
       65783
       66760
       67733
       67734
       67738
       68227
       68717
       69206
       69696
       71164
       71654
       71655
       71656
       71657
       72147
       72148
       72636
       73124
       73125
       73126
       73613
       73614
       73615
       74103
       76056
       76057
       76545
       76558
       78502
       78993
       47197
       52082
       53062
       53549
       53550
       53551
       54039
