         276
      117199
      118177
      118669
      119152
      119154
      119159
      119639
      119643
      119651
      120128
      120140
      120620
      120629
      120640
      121109
      121110
      121111
      121115
      121117
      121118
      121598
      121599
      121600
      121601
      121602
      121604
      121606
      122086
      122087
      122088
      122089
      122090
      122091
      122092
      122093
      122094
      122095
      122096
      122098
      122101
      122104
      122575
      122576
      122577
      122578
      122579
      122580
      122581
      122582
      122583
      122584
      122585
      122589
      122594
      123063
      123064
      123065
      123066
      123067
      123068
      123069
      123070
      123071
      123072
      123073
      123074
      123075
      123076
      123077
      123078
      123080
      123081
      123552
      123553
      123554
      123555
      123556
      123557
      123558
      123559
      123560
      123561
      123562
      123563
      123564
      123565
      123566
      123567
      123568
      123569
      123570
      123571
      124041
      124042
      124043
      124044
      124045
      124046
      124047
      124048
      124049
      124050
      124051
      124052
      124053
      124054
      124055
      124056
      124057
      124058
      124059
      124529
      124530
      124531
      124532
      124533
      124534
      124535
      124536
      124537
      124538
      124539
      124540
      124541
      124542
      124543
      124544
      124545
      124546
      124547
      124548
      125018
      125019
      125020
      125021
      125022
      125023
      125024
      125025
      125026
      125027
      125028
      125029
      125030
      125031
      125032
      125033
      125034
      125035
      125036
      125506
      125508
      125509
      125510
      125511
      125512
      125515
      125516
      125517
      125518
      125519
      125520
      125521
      125522
      125523
      125525
      125994
      125995
      125996
      125997
      125998
      125999
      126000
      126001
      126003
      126004
      126005
      126006
      126007
      126008
      126009
      126010
      126011
      126012
      126013
      126483
      126485
      126486
      126487
      126488
      126489
      126492
      126493
      126494
      126495
      126496
      126497
      126498
      126499
      126500
      126501
      126502
      126971
      126972
      126974
      126975
      126976
      126977
      126978
      126982
      126983
      126984
      126985
      126986
      126987
      126988
      126990
      127460
      127461
      127462
      127463
      127465
      127466
      127471
      127472
      127473
      127474
      127475
      127476
      127477
      127478
      127479
      127950
      127952
      127954
      127959
      127960
      127961
      127962
      127963
      127964
      127965
      127966
      127967
      127968
      128443
      128447
      128448
      128449
      128450
      128451
      128452
      128453
      128454
      128455
      128456
      128936
      128937
      128938
      128939
      128940
      128941
      128942
      128943
      128944
      129427
      129428
      129429
      129430
      129432
      129433
      129919
      129921
      129922
      130409
      130410
