          77
       56297
       60701
       61184
       61191
       64121
       64122
       66070
       66576
       68507
       69013
       69988
       70476
       71433
       71452
       71461
       71938
       71939
       72409
       72426
       72427
       72439
       73401
       73402
       73873
       73890
       74390
       74848
       74864
       75336
       75353
       75371
       75828
       75829
       75830
       75838
       75840
       76312
       76313
       76314
       76315
       76316
       76319
       76331
       76332
       76800
       76801
       76814
       76819
       77289
       77290
       77296
       77784
       77789
       78264
       78265
       78272
       78277
       78282
       78283
       78770
       79239
       79249
       79253
       79258
       79738
       79741
       79770
       80226
       80227
       80229
       80706
       81203
       81205
       81236
       81692
       81693
       82181
