          86
      200246
      203156
      203644
      203651
      204133
      204622
      205111
      205601
      206582
      206597
      207564
      207565
      208057
      208068
      208546
      209524
      209525
      210012
      210999
      212453
      212464
      213429
      213929
      214406
      214427
      214906
      215402
      215868
      216356
      216371
      216372
      216378
      216842
      216843
      216859
      217330
      217347
      217817
      218304
      218329
      218791
      218812
      219279
      219767
      219790
      220255
      220743
      221231
      221719
      222252
      222694
      223181
      223668
      224155
      224642
      195860
      196836
      197328
      197811
      199272
      199274
      200257
      201228
      201233
      201719
      207621
      208592
      211995
      212477
      212478
      212479
      212480
      212964
      213940
      219343
      219347
      219828
      220315
      220795
      220796
      220797
      220800
      220802
      220803
      221281
      222256
