         116
      115454
      116429
      116916
      117403
      118376
      120315
      120811
      120812
      120813
      123260
      123749
      123755
      123756
      123757
      123763
      123764
      123765
      123766
      123767
      124240
      124244
      124245
      124246
      124248
      124249
      124254
      124255
      124256
      124257
      124731
      124733
      124744
      124745
      124746
      124747
      124750
      124751
      125235
      125236
      125721
      125722
      125723
      125724
      125725
      125726
      125727
      126210
      126211
      126212
      126213
      126697
      126698
      126699
      126700
      126701
      126715
      127183
      127184
      127185
      127186
      127187
      127188
      127189
      127190
      127201
      127671
      127672
      127673
      127674
      127675
      127676
      127678
      127688
      128159
      128160
      128161
      128163
      128164
      128175
      128646
      128647
      128648
      128661
      128662
      129136
      129149
      129150
      129628
      129629
      129630
      129631
      129636
      129637
      129638
      130119
      130126
      130609
      130611
      130612
      130613
      130614
      131097
      131585
      131586
      131588
      132074
      132075
      132562
      132563
      133050
      133051
      133052
      133556
      133557
      133558
      135504
