          56
      113935
      114424
      114912
      116366
      116855
      116870
      117344
      117833
      117841
      118326
      118337
      118819
      119300
      119314
      119801
      120290
      120768
      120776
      120780
      121261
      121748
      122726
      123214
      124195
      124680
      125659
      125661
      126147
      126148
      126149
      126150
      126636
      126637
      127125
      127126
      127140
      127614
      127615
      128103
      128104
      128117
      128605
      129570
      130059
      130549
      132504
      132993
      137891
      138868
      140333
      140810
      141798
      143254
      143263
      145695
      147161
