          48
       12170
       12657
       12658
       13145
       13146
       13147
       13633
       13634
       13635
       13636
       14121
       14122
       14125
       14614
       15098
       15104
       15587
       15590
       15593
       16076
       16078
       16079
       16565
       17054
       17538
       17539
       17542
       17543
       18026
       18027
       18031
       18514
       18516
       18519
       18520
       19007
       19008
       19496
       19982
       19985
       20467
       20471
       20960
       20961
       20962
       22438
       22908
       25350
