         120
      188410
      188431
      188432
      188433
      188434
      188899
      188920
      188921
      188922
      188930
      189388
      189389
      189390
      189391
      189403
      189404
      189405
      189406
      189407
      189408
      189409
      189410
      189411
      189419
      189882
      189888
      189889
      189890
      189891
      189892
      189893
      189894
      189895
      189896
      189897
      189898
      189899
      189908
      190371
      190372
      190373
      190374
      190375
      190376
      190377
      190378
      190379
      190380
      190381
      190382
      190383
      190384
      190385
      190386
      190395
      190857
      190858
      190859
      190860
      190863
      190864
      190865
      190866
      190867
      190868
      190869
      190870
      190871
      190872
      190873
      190874
      190875
      190876
      191346
      191347
      191348
      191349
      191352
      191353
      191354
      191355
      191356
      191357
      191358
      191359
      191360
      191361
      191362
      191363
      191364
      191365
      191372
      191833
      191840
      191841
      191842
      191843
      191844
      191845
      191846
      191847
      191848
      191849
      191850
      191851
      191852
      191853
      192331
      192332
      192333
      192336
      192337
      192338
      192340
      192341
      192822
      192823
      192824
      198208
      202613
