          40
      112515
      113488
      113489
      113976
      113991
      115942
      116430
      116917
      117890
      117891
      118377
      118378
      118862
      119344
      119345
      119346
      119347
      119348
      119828
      119829
      119830
      119831
      119832
      120316
      120317
      120318
      120814
      120815
      121305
      121794
      122283
      122284
      123261
      123750
      123751
      123752
      123753
      123754
      124239
      124732
