          46
      208280
      208769
      209258
      209747
      210238
      210726
      210727
      210728
      211215
      211216
      211217
      211704
      211705
      211706
      212195
      212202
      212684
      212691
      213173
      213174
      213180
      213661
      213662
      213663
      213669
      214150
      214151
      214152
      214158
      214639
      214640
      214641
      214647
      215128
      215129
      215130
      215131
      215136
      215617
      215618
      215619
      215620
      215625
      216109
      216598
      217088
