         138
      153906
      155842
      155843
      156333
      156818
      156826
      156827
      156834
      157311
      157333
      157820
      158290
      158309
      158773
      158774
      158775
      158780
      158783
      158784
      158785
      159262
      159263
      159264
      159271
      159272
      159273
      159274
      159275
      159753
      159759
      159760
      159761
      159762
      159763
      159764
      159767
      159768
      160242
      160248
      160249
      160250
      160251
      160252
      160253
      160254
      160255
      160256
      160257
      160731
      160737
      160738
      160739
      160742
      160743
      160744
      160745
      160746
      160747
      161230
      161231
      161232
      161233
      161235
      161236
      161237
      161238
      161718
      161719
      161720
      161721
      161722
      161724
      161725
      161726
      161727
      162206
      162207
      162208
      162209
      162210
      162211
      162213
      162214
      162215
      162216
      162691
      162698
      162699
      162702
      162703
      162704
      162705
      163190
      163191
      163192
      163193
      163194
      163679
      163680
      163681
      163682
      163683
      163684
      164162
      164168
      164170
      164171
      164172
      164173
      164657
      164660
      164661
      164662
      165136
      165145
      165146
      165147
      165148
      165149
      165150
      165151
      165152
      165153
      165632
      165635
      165636
      165637
      165648
      166120
      166612
      166615
      166616
      167102
      167103
      167104
      168091
      168577
      168578
