          39
      187768
      188249
      188257
      188747
      189725
      190197
      190215
      190686
      190704
      191180
      191181
      191193
      191671
      192163
      192641
      192648
      192649
      193129
      193130
      193136
      193137
      193138
      193620
      193640
      194109
      194117
      194118
      194619
      195093
      195095
      195096
      195107
      195576
      195577
      195588
      196066
      196077
      197533
      198023
