          58
       26301
       26302
       26793
       27278
       27282
       27766
       27771
       28260
       28749
       29237
       29238
       29719
       29726
       30215
       30703
       30704
       31192
       31193
       31673
       31681
       31682
       31683
       32170
       32171
       32172
       32650
       32659
       32660
       32661
       33147
       33148
       33149
       33150
       33635
       33636
       33637
       33638
       33639
       34117
       34118
       34123
       34124
       34126
       34127
       34128
       34607
       34608
       34609
       34610
       34611
       34615
       34616
       35098
       35104
       35593
       36081
       36083
       36570
