          43
      124571
      125060
      125549
      126038
      126527
      127016
      127505
      127994
      128483
      128972
      129461
      129949
      130438
      130927
      131416
      131905
      132394
      132883
      133372
      133861
      134350
      134839
      135328
      135817
      136306
      136795
      137284
      137773
      138262
      138751
      139240
      139729
      140218
      140707
      141196
      145596
      146084
      146085
      147061
      147549
      147550
      148038
      148039
