         145
      147724
      148215
      149186
      149187
      149199
      149691
      149692
      149693
      150170
      150171
      150184
      150185
      150676
      151158
      151159
      151168
      151169
      151647
      151648
      151649
      151650
      151660
      152136
      152137
      152138
      152139
      152140
      152141
      152142
      152143
      152152
      152603
      152604
      152605
      152606
      152607
      152608
      152623
      152624
      152625
      152626
      152627
      152630
      152631
      152632
      152633
      152634
      152644
      153098
      153099
      153100
      153101
      153102
      153103
      153104
      153105
      153116
      153117
      153118
      153119
      153120
      153122
      153123
      153587
      153588
      153589
      153590
      153591
      153592
      153593
      153594
      153606
      153608
      153609
      153610
      153611
      153612
      154076
      154077
      154078
      154079
      154080
      154081
      154082
      154083
      154084
      154085
      154086
      154087
      154099
      154100
      154571
      154572
      154573
      154574
      154575
      154576
      154577
      154578
      154579
      154580
      155064
      155070
      155538
      155551
      155552
      155553
      155559
      155560
      156028
      156029
      156030
      156045
      156046
      156047
      156049
      156517
      156519
      156520
      156529
      156538
      157010
      157011
      157012
      157016
      157017
      157025
      157027
      157502
      157503
      157504
      157516
      157994
      158004
      158005
      158484
      158486
      158487
      158488
      158491
      158493
      158494
      158980
      158982
      159959
