          55
      114609
      115586
      115587
      116075
      116076
      116564
      117053
      117055
      118031
      118033
      118034
      118520
      118522
      118523
      119009
      119011
      119498
      119500
      119987
      120476
      120965
      120966
      121454
      121455
      121943
      121944
      121945
      122432
      122433
      122434
      122921
      122922
      122923
      123410
      123411
      123412
      123899
      123900
      123901
      124388
      124389
      124877
      124878
      125366
      125367
      125854
      125855
      126343
      126344
      126832
      126833
      127322
      127811
      128300
      128789
