         258
      109987
      109988
      109989
      109990
      109991
      109992
      110475
      110476
      110477
      110478
      110479
      110480
      110481
      110482
      110483
      110484
      110485
      110486
      110487
      110488
      110489
      110490
      110491
      110963
      110964
      110965
      110966
      110967
      110968
      110969
      110970
      110971
      110972
      110973
      110974
      110975
      110976
      110977
      110978
      110979
      110980
      110981
      111452
      111453
      111454
      111455
      111456
      111457
      111458
      111459
      111460
      111461
      111462
      111463
      111464
      111465
      111466
      111467
      111468
      111469
      111470
      111940
      111941
      111942
      111943
      111944
      111945
      111946
      111947
      111948
      111949
      111950
      111951
      111952
      111953
      111954
      111955
      111956
      111957
      111958
      111959
      112428
      112429
      112430
      112431
      112432
      112433
      112434
      112435
      112436
      112437
      112438
      112439
      112440
      112441
      112442
      112443
      112444
      112445
      112446
      112447
      112448
      112916
      112917
      112918
      112919
      112920
      112921
      112922
      112923
      112924
      112925
      112926
      112927
      112928
      112929
      112930
      112931
      112932
      112933
      112934
      112935
      112936
      112937
      113405
      113406
      113407
      113408
      113409
      113410
      113411
      113412
      113413
      113414
      113415
      113416
      113417
      113418
      113419
      113420
      113421
      113422
      113423
      113424
      113425
      113426
      113894
      113895
      113896
      113897
      113898
      113899
      113900
      113901
      113902
      113903
      113904
      113905
      113906
      113907
      113908
      113909
      113910
      113911
      113912
      113913
      113914
      113915
      114383
      114384
      114385
      114386
      114387
      114388
      114389
      114390
      114391
      114392
      114393
      114394
      114395
      114396
      114397
      114398
      114399
      114400
      114401
      114402
      114403
      114404
      114872
      114873
      114874
      114875
      114876
      114877
      114878
      114879
      114880
      114881
      114882
      114883
      114884
      114885
      114886
      114887
      114888
      114889
      114890
      114891
      114892
      114893
      115361
      115362
      115363
      115364
      115365
      115366
      115367
      115368
      115369
      115370
      115371
      115372
      115373
      115374
      115375
      115376
      115377
      115378
      115379
      115380
      115381
      115382
      115852
      115853
      115854
      115855
      115856
      115857
      115858
      115859
      115860
      115861
      115862
      115863
      115864
      115865
      115866
      115867
      115868
      116342
      116343
      116344
      116345
      116346
      116347
      116348
