         507
      205092
      205093
      205094
      205581
      205582
      205583
      205584
      205585
      205586
      205587
      205588
      206069
      206070
      206071
      206072
      206073
      206074
      206075
      206076
      206077
      206078
      206079
      206080
      206081
      206082
      206083
      206558
      206559
      206560
      206561
      206562
      206563
      206564
      206565
      206566
      206567
      206568
      206569
      206570
      206571
      206572
      206573
      206574
      206577
      207047
      207048
      207049
      207050
      207051
      207052
      207053
      207054
      207055
      207056
      207057
      207058
      207059
      207060
      207061
      207062
      207063
      207064
      207067
      207068
      207069
      207535
      207536
      207537
      207538
      207539
      207540
      207541
      207542
      207543
      207544
      207545
      207546
      207547
      207548
      207549
      207550
      207551
      207552
      207553
      207555
      207556
      207557
      207558
      207559
      208024
      208025
      208026
      208027
      208028
      208029
      208030
      208031
      208032
      208033
      208034
      208035
      208036
      208037
      208038
      208039
      208040
      208041
      208042
      208043
      208044
      208045
      208046
      208047
      208048
      208049
      208513
      208514
      208515
      208516
      208517
      208518
      208519
      208520
      208521
      208522
      208523
      208524
      208525
      208526
      208527
      208528
      208529
      208530
      208531
      208532
      208533
      208534
      208535
      208536
      208537
      208538
      208539
      208540
      208541
      209001
      209002
      209003
      209004
      209005
      209006
      209007
      209008
      209009
      209010
      209011
      209012
      209013
      209014
      209015
      209016
      209017
      209018
      209019
      209020
      209021
      209022
      209023
      209024
      209025
      209026
      209027
      209028
      209029
      209030
      209490
      209491
      209492
      209493
      209494
      209495
      209496
      209497
      209498
      209499
      209500
      209501
      209502
      209503
      209504
      209505
      209506
      209507
      209508
      209509
      209510
      209511
      209512
      209513
      209514
      209515
      209516
      209517
      209519
      209520
      209521
      209979
      209980
      209981
      209982
      209983
      209984
      209985
      209986
      209987
      209988
      209989
      209990
      209991
      209992
      209993
      209994
      209995
      209996
      209997
      209998
      209999
      210000
      210001
      210002
      210003
      210004
      210005
      210006
      210008
      210009
      210469
      210470
      210471
      210472
      210473
      210474
      210475
      210476
      210477
      210478
      210479
      210480
      210481
      210482
      210483
      210484
      210485
      210486
      210487
      210488
      210489
      210490
      210491
      210492
      210493
      210494
      210495
      210496
      210497
      210498
      210959
      210960
      210961
      210962
      210963
      210964
      210965
      210966
      210967
      210968
      210969
      210970
      210971
      210972
      210973
      210974
      210975
      210976
      210977
      210978
      210979
      210980
      210981
      210982
      210983
      210984
      210985
      210986
      211449
      211450
      211451
      211452
      211453
      211454
      211455
      211456
      211457
      211458
      211459
      211460
      211461
      211462
      211463
      211464
      211465
      211466
      211467
      211468
      211469
      211470
      211471
      211472
      211473
      211474
      211475
      211938
      211939
      211940
      211941
      211942
      211943
      211944
      211945
      211946
      211947
      211948
      211949
      211950
      211951
      211952
      211953
      211954
      211955
      211956
      211957
      211958
      211959
      211960
      211961
      211962
      211963
      212428
      212429
      212430
      212431
      212432
      212433
      212434
      212435
      212436
      212437
      212438
      212439
      212440
      212441
      212442
      212443
      212444
      212445
      212446
      212447
      212448
      212449
      212450
      212451
      212918
      212919
      212920
      212921
      212922
      212923
      212924
      212925
      212926
      212927
      212928
      212929
      212930
      212931
      212932
      212933
      212934
      212935
      212936
      212937
      212938
      212939
      213407
      213408
      213409
      213410
      213411
      213412
      213413
      213414
      213415
      213416
      213417
      213418
      213419
      213420
      213421
      213422
      213423
      213424
      213425
      213426
      213427
      213428
      213897
      213898
      213899
      213900
      213901
      213902
      213903
      213904
      213905
      213906
      213907
      213908
      213909
      213910
      213911
      213912
      213913
      213914
      213915
      213916
      213917
      214387
      214388
      214389
      214390
      214391
      214392
      214393
      214394
      214395
      214396
      214397
      214398
      214399
      214400
      214401
      214402
      214403
      214404
      214876
      214877
      214878
      214879
      214880
      214881
      214882
      214883
      214884
      214885
      214886
      214887
      214889
      214890
      214891
      215366
      215367
      215368
      215369
      215370
      215371
      215372
      215373
      215374
      215375
      215376
      215377
      215378
      215379
      215856
      215857
      215858
      215859
      215860
      215861
      215862
      215863
      215864
      215865
      215866
      216346
      216347
      216348
      216349
      216350
      216351
      216352
      216835
      216837
      216838
      216839
      217325
      217326
      217814
