         309
      115810
      116298
      116299
      116300
      116786
      116787
      116788
      116789
      116790
      116791
      117273
      117274
      117275
      117276
      117277
      117278
      117279
      117280
      117281
      117761
      117762
      117763
      117764
      117765
      117766
      117767
      117768
      117769
      117770
      117771
      117772
      118249
      118250
      118251
      118252
      118253
      118254
      118255
      118256
      118257
      118258
      118259
      118260
      118261
      118262
      118736
      118737
      118738
      118739
      118740
      118741
      118742
      118743
      118744
      118745
      118746
      118747
      118748
      118749
      118750
      118751
      118752
      118753
      119224
      119225
      119226
      119227
      119228
      119229
      119230
      119231
      119232
      119233
      119234
      119235
      119236
      119237
      119238
      119239
      119240
      119241
      119242
      119243
      119713
      119714
      119715
      119716
      119717
      119718
      119719
      119720
      119721
      119722
      119723
      119724
      119725
      119726
      119727
      119728
      119729
      119730
      119731
      119732
      119733
      120202
      120203
      120204
      120205
      120206
      120207
      120208
      120209
      120210
      120211
      120212
      120213
      120214
      120215
      120216
      120217
      120218
      120219
      120220
      120221
      120690
      120691
      120692
      120693
      120694
      120695
      120696
      120697
      120698
      120699
      120700
      120701
      120702
      120703
      120704
      120705
      120706
      120707
      120708
      120709
      120710
      121179
      121180
      121181
      121182
      121183
      121184
      121185
      121186
      121187
      121188
      121189
      121190
      121191
      121192
      121193
      121194
      121195
      121196
      121197
      121198
      121668
      121669
      121670
      121671
      121672
      121673
      121674
      121675
      121676
      121677
      121678
      121679
      121680
      121681
      121682
      121683
      121684
      121685
      121686
      121687
      122157
      122158
      122159
      122160
      122161
      122162
      122163
      122164
      122165
      122166
      122167
      122168
      122169
      122170
      122171
      122172
      122173
      122174
      122175
      122176
      122646
      122647
      122648
      122649
      122650
      122651
      122652
      122653
      122654
      122655
      122656
      122657
      122658
      122659
      122660
      122661
      122662
      122663
      122664
      123135
      123136
      123137
      123138
      123139
      123140
      123141
      123142
      123143
      123144
      123145
      123146
      123147
      123148
      123149
      123150
      123151
      123152
      123153
      123624
      123625
      123626
      123627
      123628
      123629
      123630
      123631
      123632
      123633
      123634
      123635
      123636
      123637
      123638
      123639
      123640
      123641
      124113
      124114
      124115
      124116
      124117
      124118
      124119
      124120
      124121
      124122
      124123
      124124
      124125
      124126
      124127
      124128
      124129
      124603
      124604
      124605
      124606
      124607
      124608
      124609
      124610
      124611
      124612
      124613
      124614
      124615
      124616
      125093
      125094
      125095
      125096
      125097
      125098
      125099
      125100
      125101
      125102
      125583
      125584
      125585
      125586
      125587
      125588
      126073
