         342
       59097
       60563
       60564
       60565
       61050
       61051
       61052
       61055
       61537
       61538
       61544
       61545
       62026
       62027
       62031
       62032
       62033
       62034
       62515
       62516
       62520
       62521
       62522
       62523
       62524
       62525
       62526
       62527
       63004
       63005
       63008
       63009
       63010
       63011
       63012
       63013
       63014
       63015
       63490
       63491
       63492
       63493
       63494
       63495
       63496
       63497
       63498
       63499
       63500
       63501
       63502
       63503
       63504
       63505
       63979
       63980
       63981
       63982
       63983
       63984
       63985
       63986
       63987
       63988
       63989
       63990
       63991
       63992
       63993
       63994
       64468
       64469
       64470
       64471
       64472
       64473
       64474
       64475
       64476
       64477
       64478
       64479
       64480
       64481
       64482
       64483
       64484
       64485
       64486
       64957
       64958
       64959
       64960
       64961
       64962
       64963
       64964
       64965
       64966
       64967
       64968
       64969
       64970
       64971
       64972
       64973
       64974
       64975
       64976
       65444
       65445
       65446
       65447
       65448
       65449
       65450
       65451
       65452
       65453
       65454
       65455
       65456
       65457
       65458
       65459
       65460
       65461
       65462
       65463
       65464
       65932
       65933
       65934
       65935
       65936
       65937
       65938
       65939
       65940
       65941
       65942
       65943
       65944
       65945
       65946
       65947
       65948
       65949
       65950
       65951
       65952
       66421
       66422
       66423
       66424
       66425
       66426
       66427
       66428
       66429
       66430
       66431
       66432
       66433
       66434
       66435
       66436
       66437
       66438
       66439
       66440
       66441
       66910
       66911
       66914
       66915
       66916
       66917
       66918
       66919
       66920
       66921
       66922
       66923
       66924
       66925
       66926
       66927
       66928
       66929
       67397
       67398
       67399
       67402
       67403
       67404
       67405
       67406
       67407
       67408
       67409
       67410
       67411
       67412
       67413
       67414
       67415
       67886
       67887
       67888
       67891
       67892
       67893
       67894
       67895
       67896
       67897
       67898
       67899
       67900
       67901
       67902
       67903
       67904
       68374
       68375
       68380
       68381
       68382
       68383
       68384
       68385
       68386
       68387
       68388
       68389
       68390
       68391
       68392
       68863
       68868
       68869
       68870
       68871
       68872
       68873
       68874
       68875
       68876
       68877
       68878
       68879
       68880
       69351
       69356
       69357
       69358
       69359
       69360
       69361
       69362
       69363
       69364
       69365
       69366
       69367
       69368
       69839
       69845
       69846
       69847
       69848
       69849
       69850
       69851
       69852
       69853
       69854
       69855
       70334
       70335
       70336
       70337
       70338
       70339
       70340
       70341
       70342
       70343
       70816
       70823
       70824
       70825
       70826
       70827
       70828
       70829
       70830
       70831
       70832
       71311
       71312
       71313
       71314
       71315
       71316
       71317
       71318
       71319
       71320
       71800
       71801
       71802
       71803
       71804
       71805
       71806
       71807
       71808
       72288
       72289
       72290
       72291
       72292
       72293
       72294
       72295
       72777
       72778
       72779
       72780
       72781
       72782
       72783
       72784
       73266
       73268
       73269
       73271
       73272
       73758
       74247
