          47
      110496
      110985
      111473
      111474
      111962
      111963
      112451
      112452
      112941
      113430
      113919
      114405
      114407
      114408
      114894
      114896
      114897
      115383
      115385
      115386
      115403
      115872
      115874
      115875
      116361
      116363
      116364
      116850
      116852
      116853
      116868
      117339
      117341
      117342
      117828
      117830
      117831
      118317
      118319
      118806
      119295
      119784
      120285
      120765
      121254
      121743
      122231
