          60
       50295
       51760
       53225
       54202
       54690
       55666
       55667
       55668
       56155
       56156
       56157
       56643
       56644
       56645
       56646
       56647
       57133
       57134
       57135
       57136
       57620
       57621
       57622
       57623
       57624
       57625
       58109
       58110
       58111
       58112
       58113
       58114
       58598
       58599
       58600
       58601
       58602
       58603
       59087
       59089
       59090
       59091
       59092
       59574
       59579
       59580
       59581
       60063
       60067
       60068
       60069
       60552
       60554
       60556
       61039
       61040
       61041
       61044
       61528
       61529
