          67
      202398
      202887
      202888
      203376
      203377
      203865
      203866
      204354
      204355
      204843
      204844
      204845
      205332
      205333
      205334
      205820
      205821
      205822
      205823
      206309
      206310
      206311
      206312
      206798
      206799
      206800
      206801
      206802
      207287
      207288
      207289
      207290
      207291
      207776
      207777
      207778
      207779
      207780
      208266
      208267
      208270
      208273
      208755
      208756
      208759
      208762
      209243
      209244
      209245
      209248
      209732
      209734
      210221
      210227
      210710
      210716
      211199
      211688
      212173
      212174
      212661
      212662
      212663
      213149
      213153
      214132
      214622
