         112
       11422
       11896
       11904
       11907
       11911
       11923
       12389
       12390
       12391
       12396
       12402
       12403
       12404
       12405
       12406
       12407
       12408
       12409
       12410
       12891
       12892
       12893
       12894
       12895
       12900
       14366
       14367
       14852
       14853
       14854
       15340
       15341
       15342
       15343
       15344
       15346
       15828
       15829
       15830
       15834
       15835
       15854
       16314
       16315
       16316
       16317
       16318
       16319
       16803
       16804
       16805
       16806
       16807
       17292
       17293
       17294
       17295
       17296
       17303
       17781
       17782
       17783
       17784
       17785
       18269
       18270
       18271
       18272
       18273
       18757
       18758
       18759
       18760
       18761
       18762
       18763
       18770
       19246
       19247
       19248
       19249
       19250
       19251
       19252
       19735
       19736
       19737
       19738
       19739
       19740
       19741
       20224
       20225
       20227
       20228
       20229
       20714
       20715
       20716
       20717
       20718
       21205
       21206
       21207
       21696
       21697
       21698
       21699
       21703
       22189
       22191
       22680
