         298
      122711
      122712
      122713
      122714
      122715
      122716
      122717
      123195
      123196
      123197
      123198
      123199
      123200
      123201
      123202
      123203
      123204
      123205
      123206
      123681
      123682
      123683
      123684
      123685
      123686
      123687
      123688
      123689
      123690
      123691
      123692
      123693
      123694
      123695
      124170
      124171
      124172
      124173
      124174
      124175
      124176
      124177
      124178
      124179
      124180
      124181
      124182
      124183
      124184
      124659
      124660
      124661
      124662
      124663
      124664
      124665
      124666
      124667
      124668
      124669
      124670
      124671
      124672
      124673
      125148
      125149
      125150
      125151
      125152
      125153
      125154
      125155
      125156
      125157
      125158
      125159
      125160
      125161
      125162
      125637
      125638
      125639
      125640
      125641
      125642
      125643
      125644
      125645
      125646
      125647
      125648
      125649
      125650
      125651
      126126
      126127
      126128
      126129
      126130
      126131
      126132
      126133
      126134
      126135
      126136
      126137
      126138
      126139
      126140
      126615
      126616
      126617
      126618
      126619
      126620
      126621
      126622
      126623
      126624
      126625
      126626
      126627
      126628
      126629
      127104
      127105
      127106
      127107
      127108
      127109
      127110
      127111
      127112
      127113
      127114
      127115
      127116
      127117
      127118
      127593
      127594
      127595
      127596
      127597
      127598
      127599
      127600
      127601
      127602
      127603
      127604
      127605
      127606
      127607
      128083
      128084
      128085
      128086
      128087
      128088
      128089
      128090
      128091
      128092
      128093
      128094
      128095
      128096
      128572
      128573
      128574
      128575
      128576
      128577
      128578
      128579
      128580
      128581
      128582
      128583
      128584
      128585
      129061
      129062
      129063
      129064
      129065
      129066
      129067
      129068
      129069
      129070
      129071
      129072
      129073
      129074
      129550
      129551
      129552
      129553
      129554
      129555
      129556
      129557
      129558
      129559
      129560
      129561
      129562
      129563
      130039
      130040
      130041
      130042
      130043
      130044
      130045
      130046
      130047
      130048
      130049
      130050
      130051
      130528
      130529
      130530
      130531
      130532
      130533
      130534
      130535
      130536
      130537
      130538
      130539
      130540
      131017
      131018
      131019
      131020
      131021
      131022
      131023
      131024
      131025
      131026
      131027
      131028
      131029
      131030
      131507
      131508
      131509
      131510
      131511
      131512
      131513
      131514
      131515
      131516
      131517
      131518
      131519
      131997
      131998
      131999
      132000
      132001
      132002
      132003
      132004
      132005
      132006
      132007
      132008
      132488
      132489
      132490
      132491
      132492
      132493
      132494
      132495
      132496
      132497
      132979
      132980
      132981
      132982
      132983
      132984
      132985
      132986
      133472
      133473
      133474
      133475
      133962
