          64
      220614
      224079
      225050
      226489
      226979
      226983
      226984
      226986
      226987
      226988
      226989
      226993
      226994
      226995
      226996
      226997
      227466
      227468
      227469
      227470
      227471
      227472
      227473
      227483
      227484
      227486
      227487
      227957
      227963
      227975
      228444
      228445
      228449
      228450
      228451
      228459
      228465
      228466
      228931
      228938
      228939
      228940
      228941
      228942
      228954
      229430
      229431
      229432
      229435
      229436
      229439
      229442
      229443
      229921
      229924
      229925
      229926
      229928
      229929
      230419
      230420
      230910
      231399
      232376
