         179
       12421
       12435
       12436
       12437
       12438
       12919
       12921
       12930
       13423
       13914
       13934
       13935
       14390
       14405
       14418
       14419
       14420
       14421
       14427
       14896
       14905
       14906
       15394
       15857
       15878
       15883
       16348
       16352
       16353
       16370
       16371
       16372
       16373
       16834
       16835
       16838
       16843
       17324
       17333
       17813
       17814
       17822
       18303
       18304
       18312
       18797
       18802
       18803
       18804
       19280
       19286
       19291
       19292
       19293
       19294
       19770
       19775
       19776
       19779
       19780
       20268
       20756
       20757
       21267
       21744
       21745
       21760
       22228
       22247
       22248
       23689
       23709
       24197
       25660
       27629
       11019
       12977
       13939
       13941
       13948
       14428
       14430
       14431
       14432
       15415
       15416
       16396
       16887
       16895
       17869
       18358
       20785
       24211
       22761
       23243
       26657
       27650
       27651
       27652
       27653
       27654
       27657
       27658
       28131
       28140
       28141
       28639
       28645
       29130
       29594
       29603
       29604
       29608
       29609
       29610
       29611
       29612
       29613
       29614
       29615
       29616
       30087
       30088
       30089
       30090
       30091
       30092
       30093
       30100
       30101
       30106
       31093
       31545
       31546
       31547
       31583
       32053
       32069
       32537
       32538
       32548
       32549
       32550
       32551
       32552
       32553
       32554
       33025
       33059
       33547
       34004
       34007
       34482
       34485
       34534
       34969
       35004
       35979
       36957
       36961
       37446
       37447
       37448
       37934
       37935
       38426
       38441
       39416
       39875
       39900
       40876
       41348
       41351
       41389
       41853
       41854
       42333
       42357
       43304
