         219
      200194
      200195
      200196
      200197
      200198
      200199
      200200
      200683
      200684
      200685
      200686
      200687
      200688
      200689
      201171
      201172
      201173
      201174
      201175
      201176
      201177
      201178
      201660
      201661
      201662
      201663
      201664
      201665
      201666
      201667
      202148
      202149
      202150
      202151
      202152
      202153
      202154
      202155
      202156
      202637
      202638
      202639
      202640
      202641
      202642
      202643
      202644
      202645
      203125
      203126
      203127
      203128
      203129
      203130
      203131
      203132
      203133
      203134
      203614
      203615
      203616
      203617
      203618
      203619
      203620
      203621
      203622
      203623
      203624
      204102
      204103
      204104
      204105
      204106
      204107
      204108
      204109
      204110
      204111
      204112
      204113
      204591
      204592
      204593
      204594
      204595
      204596
      204597
      204598
      204599
      204600
      204601
      204602
      205080
      205081
      205082
      205083
      205084
      205085
      205086
      205087
      205088
      205089
      205090
      205091
      205568
      205569
      205570
      205571
      205572
      205573
      205574
      205575
      205576
      205577
      205578
      205579
      205580
      206057
      206058
      206059
      206060
      206061
      206062
      206063
      206064
      206065
      206066
      206067
      206068
      206546
      206547
      206548
      206549
      206550
      206551
      206552
      206553
      206554
      206555
      206556
      206557
      207034
      207035
      207036
      207037
      207038
      207039
      207040
      207041
      207042
      207043
      207044
      207045
      207046
      207523
      207524
      207525
      207526
      207527
      207528
      207529
      207530
      207531
      207532
      207533
      207534
      208012
      208013
      208014
      208015
      208016
      208017
      208018
      208019
      208020
      208021
      208022
      208023
      208501
      208502
      208503
      208504
      208505
      208506
      208507
      208508
      208509
      208510
      208511
      208512
      208989
      208990
      208991
      208992
      208993
      208994
      208995
      208996
      208997
      208998
      208999
      209000
      209478
      209479
      209480
      209481
      209482
      209483
      209484
      209485
      209486
      209487
      209488
      209489
      209968
      209969
      209970
      209971
