         173
       66449
       66450
       66937
       66938
       66939
       67426
       67427
       67428
       67429
       67430
       67914
       67916
       67917
       67918
       67919
       67920
       68402
       68403
       68406
       68407
       68408
       68409
       68410
       68890
       68891
       68892
       68893
       68894
       68895
       68896
       68897
       68898
       68899
       69378
       69379
       69380
       69381
       69382
       69383
       69384
       69385
       69386
       69867
       69868
       69869
       69870
       69871
       69872
       69873
       69874
       69875
       70355
       70356
       70357
       70358
       70359
       70360
       70361
       70362
       70363
       70364
       70365
       70843
       70844
       70845
       70846
       70847
       70848
       70849
       70850
       70851
       70852
       70853
       70854
       70855
       70856
       71333
       71334
       71335
       71336
       71337
       71338
       71339
       71340
       71341
       71822
       71823
       71824
       71825
       71826
       71827
       71828
       71829
       71830
       71831
       72310
       72311
       72312
       72313
       72314
       72315
       72317
       72318
       72319
       72320
       72321
       72798
       72799
       72800
       72801
       72802
       72803
       72804
       72808
       72809
       72810
       72811
       73287
       73288
       73289
       73290
       73298
       73299
       73300
       73301
       73302
       73775
       73776
       73777
       73778
       73788
       73789
       73790
       73791
       74264
       74265
       74266
       74277
       74278
       74279
       74280
       74281
       74753
       74754
       74767
       74768
       74769
       74770
       74771
       75240
       75241
       75242
       75256
       75257
       75259
       75730
       75745
       75746
       75752
       76234
       76235
       76237
       76723
       76724
       77212
       77213
       77217
       77702
       78191
       78680
       79163
       79170
       80633
