          98
      193914
      193921
      193922
      194401
      194403
      194404
      194405
      194406
      194407
      194408
      194409
      194410
      194411
      194889
      194890
      194893
      194894
      194895
      194896
      194900
      194901
      195376
      195377
      195378
      195379
      195380
      195381
      195382
      195385
      195386
      195387
      195388
      195389
      195390
      195864
      195865
      195866
      195867
      195868
      195869
      195870
      195871
      195872
      195873
      195874
      195875
      195876
      195877
      195878
      195879
      196353
      196354
      196355
      196356
      196357
      196358
      196359
      196360
      196361
      196362
      196363
      196364
      196365
      196366
      196367
      196368
      196842
      196843
      196844
      196845
      196846
      196847
      196848
      196849
      196850
      196851
      196852
      196853
      196854
      196855
      196856
      197329
      197330
      197337
      197338
      197339
      197340
      197341
      197342
      197343
      197344
      197819
      197829
      197830
      197831
      197832
      198307
      198320
