          46
       67047
       68023
       68999
       69486
       69487
       70471
       70949
       70950
       70959
       71436
       71437
       71438
       71446
       71923
       71924
       71925
       71934
       72412
       72413
       72414
       72421
       72903
       72909
       73390
       73391
       73397
       73879
       73880
       73884
       73894
       74368
       74372
       74856
       74860
       75345
       75347
       75348
       75833
       75834
       75835
       76321
       76323
       76809
       76811
       77298
       77299
