         400
       19361
       19851
       19852
       20341
       20342
       20343
       20832
       20833
       21320
       21321
       21323
       21324
       21809
       21810
       21812
       21814
       21815
       21816
       21817
       22296
       22297
       22299
       22301
       22302
       22303
       22304
       22305
       22306
       22307
       22308
       22311
       22312
       22781
       22784
       22787
       22788
       22789
       22790
       22791
       22793
       22802
       22803
       23271
       23275
       23276
       23278
       23279
       23280
       23281
       23282
       23293
       23294
       23760
       23761
       23762
       23763
       23765
       23766
       23767
       23769
       23771
       23772
       23785
       24249
       24250
       24251
       24252
       24253
       24254
       24255
       24256
       24257
       24258
       24259
       24260
       24261
       24262
       24736
       24737
       24738
       24739
       24740
       24741
       24742
       24743
       24744
       24745
       24746
       24747
       24748
       24749
       24750
       24751
       24752
       24753
       24755
       24774
       25225
       25226
       25227
       25228
       25229
       25230
       25231
       25232
       25233
       25234
       25235
       25236
       25237
       25238
       25239
       25240
       25241
       25242
       25243
       25244
       25245
       25246
       25247
       25249
       25254
       25255
       25259
       25264
       25265
       25713
       25714
       25715
       25716
       25717
       25718
       25719
       25720
       25721
       25722
       25723
       25724
       25725
       25726
       25727
       25728
       25729
       25730
       25733
       25734
       25735
       25736
       25737
       25738
       25739
       25742
       25745
       25746
       25747
       26203
       26204
       26205
       26206
       26207
       26208
       26209
       26210
       26211
       26212
       26213
       26214
       26215
       26216
       26217
       26218
       26219
       26220
       26221
       26222
       26223
       26225
       26226
       26227
       26228
       26229
       26230
       26231
       26233
       26234
       26237
       26694
       26697
       26698
       26699
       26700
       26701
       26702
       26703
       26704
       26705
       26706
       26707
       26708
       26709
       26710
       26711
       26712
       26713
       26714
       26715
       26716
       26717
       26718
       26720
       26721
       26724
       26725
       26727
       27188
       27189
       27190
       27191
       27192
       27193
       27194
       27195
       27196
       27197
       27200
       27202
       27203
       27204
       27207
       27208
       27214
       27215
       27216
       27217
       27218
       27679
       27680
       27681
       27682
       27683
       27684
       27685
       27686
       27687
       27688
       27689
       27690
       27691
       27692
       27693
       27694
       27695
       27696
       27697
       27698
       28162
       28163
       28164
       28165
       28166
       28167
       28168
       28169
       28170
       28171
       28172
       28173
       28174
       28175
       28176
       28177
       28178
       28179
       28180
       28181
       28182
       28183
       28184
       28185
       28186
       28187
       28188
       28656
       28657
       28658
       28659
       28660
       28662
       28663
       28664
       28665
       28666
       28667
       28668
       28669
       28670
       28671
       28672
       28675
       28676
       28677
       28678
       29150
       29151
       29152
       29154
       29155
       29156
       29157
       29158
       29159
       29160
       29161
       29162
       29163
       29164
       29165
       29166
       29167
       29168
       29626
       29627
       29629
       29630
       29631
       29632
       29633
       29634
       29635
       29636
       29637
       29638
       29641
       29642
       29643
       29647
       29648
       29653
       29654
       29655
       29656
       29657
       29658
       30115
       30116
       30117
       30118
       30119
       30120
       30121
       30122
       30123
       30124
       30125
       30126
       30127
       30128
       30129
       30130
       30131
       30137
       30138
       30139
       30140
       30141
       30143
       30144
       30145
       30605
       30606
       30607
       30608
       30609
       30611
       30612
       30613
       30614
       30616
       30617
       30618
       30623
       30624
       30625
       30626
       30631
       30633
       31102
       31103
       31104
       31119
       31120
       31121
       31591
       31592
       31593
       31594
       32079
       33069
       33070
       33553
