          41
       66850
       68806
       69295
       69784
       70273
       70762
       71244
       71733
       72206
       72222
       72228
       74183
       75144
       75155
       75162
       75649
       76628
       77115
       77116
       77117
       77599
       77604
       77605
       78066
       78076
       78093
       78094
       78583
       79072
       79554
       79560
       80032
       80049
       80517
       80521
       80538
       81020
       81496
       81498
       81514
       81986
