          64
         353
         849
        1338
        1345
        1819
        1826
        1827
        1828
        2308
        2314
        2315
        2316
        2317
        2802
        2803
        2804
        2805
        3285
        3291
        3292
        3293
        3294
        3299
        3779
        3780
        3781
        3782
        3783
        3787
        4268
        4269
        4270
        4271
        4272
        4275
        4276
        4751
        4756
        4759
        4760
        4761
        4762
        4763
        4764
        5240
        5245
        5248
        5249
        5250
        5251
        5252
        5728
        5729
        5733
        5737
        5738
        5739
        5740
        6217
        6222
        6226
        6227
        6229
        6710
