          68
         788
        5186
        6160
        6650
        8118
        8120
       10076
       11056
       11546
       12031
       12500
       12519
       12523
       12989
       12993
       13006
       13007
       13483
       13484
       13493
       13968
       13976
       13980
       13981
       14451
       14461
       14462
       14468
       14470
       14949
       14954
       14958
       14959
       15431
       15432
       15446
       15936
       16401
       16427
       17378
       17404
       17406
       17877
       17880
       17892
       17894
       17899
       17900
       18360
       18368
       18376
       18387
       18388
       18877
       19350
       19831
       20321
       20331
       20811
       21788
       21789
       22294
       22762
       24265
       24723
       24724
       24725
       24726
