          56
      123895
      124384
      124385
      124873
      124874
      125362
      125363
      125364
      125850
      125851
      125852
      125853
      126339
      126340
      126341
      126342
      126828
      126829
      126830
      126831
      127317
      127318
      127319
      127320
      127805
      127806
      127807
      127808
      127809
      128294
      128295
      128296
      128297
      128298
      128783
      128784
      128785
      128786
      128787
      129271
      129272
      129273
      129274
      129275
      129276
      129762
      129763
      129764
      129765
      129766
      130251
      130252
      130253
      130740
      130741
      131230
