          38
         380
         381
         384
         868
         869
         870
        1357
        1358
        1359
        1367
        1846
        1847
        1851
        2334
        2335
        2336
        2339
        2344
        2824
        2828
        2832
        3316
        3320
        3804
        3808
        4289
        4290
        4293
        4782
        5755
        5759
        5763
        6247
        6251
        6735
        7228
        7711
        8689
