         166
      213629
      213633
      214603
      214607
      214611
      215091
      215092
      215096
      215097
      215100
      215102
      215589
      215590
      216079
      216080
      216081
      216568
      216569
      216570
      217057
      217058
      217059
      217546
      217547
      217548
      217549
      218035
      218036
      218037
      218524
      218525
      218526
      219013
      219014
      219015
      219016
      219017
      219502
      219503
      219504
      219505
      219990
      219991
      219992
      219993
      219994
      219995
      219996
      220479
      220480
      220481
      220482
      220483
      220484
      220485
      220486
      220968
      220969
      220970
      220971
      220972
      220973
      220974
      220975
      220976
      220977
      220978
      220980
      220981
      221457
      221458
      221459
      221460
      221461
      221462
      221463
      221464
      221468
      221470
      221471
      221472
      221945
      221946
      221947
      221948
      221949
      221950
      221951
      221952
      221953
      221958
      221959
      221960
      222434
      222435
      222436
      222437
      222438
      222439
      222440
      222441
      222442
      222447
      222448
      222449
      222450
      222923
      222924
      222925
      222926
      222927
      222928
      222929
      222930
      222942
      222943
      223412
      223413
      223414
      223415
      223416
      223417
      223418
      223422
      223890
      223893
      223900
      223901
      223902
      223903
      223904
      223905
      223906
      223907
      224383
      224384
      224389
      224390
      224391
      224392
      224393
      224394
      224395
      224396
      224878
      224879
      224880
      224882
      224883
      224884
      224885
      225371
      225372
      225373
      225374
      225860
      225861
      225862
      225863
      226349
      226350
      226351
      226839
      226840
      227328
      227329
