          40
      200523
      201484
      201491
      201500
      201973
      202459
      202477
      202945
      202948
      203437
      203926
      203942
      204426
      204919
      205391
      205394
      205407
      205888
      206377
      206383
      206862
      207348
      207351
      207359
      207360
      207847
      208327
      208334
      208819
      208824
      209306
      209313
      209796
      209798
      210775
      211265
      213216
      213703
      214678
      216629
