         150
         333
         337
         825
        1314
        1803
        2287
        2292
        2775
        2780
        3263
        3757
        3762
        3763
        4246
        4251
        4252
        4729
        4730
        4734
        4739
        4740
        5218
        5223
        5228
        5229
        5712
        5716
        5717
        5718
        6195
        6206
        6689
        6695
        7178
        7182
        7184
        7661
        7667
        7671
        7672
        8150
        8156
        8160
        8161
        8638
        8644
        8647
        8648
        8649
        9127
        9133
        9135
        9136
        9137
        9138
        9139
        9615
        9616
        9621
        9622
        9623
        9624
        9625
        9626
        9627
        9628
        9637
       10104
       10109
       10110
       10111
       10112
       10113
       10114
       10115
       10116
       10117
       10118
       10126
       10131
       10593
       10598
       10599
       10600
       10601
       10602
       10603
       10604
       10605
       10607
       10614
       11081
       11082
       11087
       11088
       11089
       11090
       11091
       11092
       11093
       11094
       11096
       11108
       11570
       11571
       11576
       11577
       11578
       11579
       11580
       11581
       11582
       11583
       12059
       12060
       12065
       12066
       12067
       12068
       12071
       12072
       12547
       12548
       12553
       12554
       12555
       12556
       12560
       12569
       12574
       13036
       13042
       13043
       13044
       13045
       13049
       13058
       13063
       13531
       13532
       13533
       13538
       13539
       14021
       14022
       14027
       14028
       14510
       14516
       14517
