          45
       68997
       69485
       69972
       70460
       70947
       71435
       71922
       71935
       72410
       72898
       72899
       73386
       73387
       73388
       73398
       73874
       73876
       73877
       74363
       74364
       74365
       74373
       74849
       74850
       74851
       74852
       74853
       74855
       74861
       75343
       75349
       75836
       76320
       76324
       76812
       77300
       77788
       78273
       78274
       78275
       78276
       78762
       79251
       79728
       79729
