         351
      129278
      129767
      130256
      130745
      131234
      131723
      132212
      132701
      133190
      133679
      134168
      134655
      134656
      134657
      135143
      135144
      135145
      135146
      135632
      135633
      135634
      136121
      136122
      136123
      136609
      136610
      136611
      136612
      137098
      137099
      137100
      137101
      137588
      138077
      138565
      138566
      139054
      139543
      140032
      139544
      140033
      140521
      141010
      141498
      141499
      141987
      141988
      142476
      142477
      142965
      142966
      143454
      143455
      143943
      143944
      144432
      144433
      144921
      144922
      145410
      145899
      146388
      146877
      147366
      147855
      148344
      148833
      124390
      124879
      125368
      125856
      126345
      126834
      127323
      127812
      128301
      128790
      129279
      129768
      130257
      130746
      131235
      131724
      132213
      132702
      133191
      133680
      134169
      134658
      135147
      135635
      135636
      136124
      136613
      137102
      137589
      137590
      137591
      138078
      138079
      138080
      138567
      138568
      138569
      139055
      139056
      139057
      139058
      139545
      139546
      140034
      139547
      139548
      140035
      140036
      140522
      140523
      140524
      140525
      141011
      141012
      141013
      141014
      141500
      141501
      141502
      141989
      141990
      141991
      142478
      142479
      142967
      142968
      143456
      143945
      144434
      144923
      145411
      145900
      146389
      146878
      147367
      147856
      148345
      148834
      121947
      122436
      123413
      123902
      125857
      126346
      126835
      127324
      127813
      128302
      128303
      128791
      128792
      129280
      129281
      129769
      130258
      130747
      131236
      131237
      131725
      131726
      132214
      132215
      132703
      132704
      133192
      133193
      133681
      134170
      134659
      135148
      135637
      136125
      136126
      136614
      137103
      137592
      137593
      138081
      138082
      138570
      138571
      139059
      140037
      139549
      139550
      140038
      140039
      140526
      140527
      140528
      141015
      141016
      141017
      141503
      141504
      141505
      141992
      141993
      141994
      142480
      142481
      142482
      142483
      142969
      142970
      142971
      143457
      143458
      143459
      143946
      143947
      144435
      144436
      144924
      144925
       96508
       98465
      100422
      101401
      101890
      102379
      103358
      103847
      104336
      106782
      108250
      109229
      130748
      131238
      131727
      132216
      132705
      133194
      133682
      133683
      134171
      134172
      134660
      134661
      135149
      135150
      135638
      136127
      136615
      137104
      137594
      138083
      138572
      139060
      139061
      133684
      134173
      134662
      135151
      135639
      135640
      136128
      136616
      136617
      137105
      137106
      137595
      138084
      138573
      139062
      139551
      140040
      140529
      141018
      141506
      141507
      141995
      141996
      142484
      142485
      142972
      142973
      143460
      143461
      143462
      143948
      143949
      143950
      143951
      144437
      144438
      144439
      144926
      144927
      144928
      145412
      145413
      145414
      145415
      145416
      145901
      145902
      145903
      145904
      145905
      146390
      146391
      146392
      146393
      146394
      146879
      146880
      146881
      146882
      146883
      147368
      147369
      147370
      147371
      147372
      147857
      147858
      147859
      147860
      147861
      148346
      148347
      148348
      148349
      148350
      148835
      148836
      148837
      148838
      148839
      149324
      149325
      149326
      149327
      149813
      149814
      149816
      150302
      150303
      150304
      150305
      150792
      150793
      151282
