         180
      169872
      169873
      170359
      170360
      172313
      172314
      172315
      172804
      172805
      172806
      172807
      172808
      173294
      173295
      173296
      173297
      173783
      173784
      173785
      173786
      174269
      174270
      174271
      174272
      174275
      174756
      174758
      174759
      174760
      174761
      174762
      174763
      175244
      175245
      175246
      175247
      175250
      175251
      175730
      175731
      175732
      175734
      175736
      175737
      175738
      175739
      176219
      176220
      176222
      176223
      176224
      176226
      176227
      176705
      176707
      176708
      176711
      176712
      176713
      176715
      177193
      177194
      177195
      177196
      177197
      177200
      177201
      177202
      177203
      177681
      177682
      177683
      177688
      177689
      177690
      177691
      178169
      178170
      178171
      178177
      178178
      178185
      178656
      178657
      178658
      179145
      179146
      179147
      179634
      179635
      179636
      179637
      179638
      179639
      180117
      180118
      180119
      180120
      180121
      180122
      180123
      180124
      180125
      180126
      180127
      180128
      180605
      180606
      180607
      180608
      180609
      180610
      180611
      180614
      180615
      180616
      181096
      181097
      181098
      181102
      181103
      181104
      182077
      182078
      182572
      182580
      183047
      183051
      183052
      183053
      183055
      183056
      183060
      183061
      183074
      183075
      183076
      183077
      183078
      183545
      183546
      183547
      183548
      183549
      183556
      183559
      183560
      183561
      183562
      183563
      184028
      184032
      184034
      184035
      184036
      184044
      184047
      184520
      184521
      184523
      184524
      184526
      184532
      185003
      185004
      185005
      185011
      185012
      185013
      185014
      185494
      185495
      185496
      185497
      185498
      185499
      185500
      185980
      185981
      185982
