          55
       11917
       11918
       11919
       11920
       11921
       11925
       12415
       12416
       12910
       14383
       14855
       16321
       16322
       16323
       16809
       16810
       16811
       16812
       16813
       17298
       17299
       17300
       17787
       17788
       17789
       17791
       18275
       18276
       18277
       18279
       18280
       18765
       18766
       19254
       19255
       19259
       19743
       19744
       19745
       19748
       20231
       20232
       20233
       20236
       20720
       20721
       20722
       21209
       21210
       21211
       21212
       21215
       21701
       21702
       22190
