          62
       21819
       21822
       22799
       23773
       24264
       24274
       24767
       27211
       28196
       28200
       28681
       29660
       29670
       31107
       31108
       31137
       31585
       31605
       31606
       31607
       31608
       32085
       32086
       32087
       32088
       32089
       32090
       32574
       32575
       32576
       32577
       32579
       32580
       33056
       33064
       33549
       33550
       33551
       33557
       33558
       33559
       33574
       33575
       33583
       34031
       34051
       34052
       34061
       34064
       34065
       34519
       34522
       34538
       34539
       34543
       35014
       35021
       37942
       37954
       37958
       38449
       40424
