          74
      158189
      158193
      158675
      158678
      159648
      160135
      160137
      161596
      161597
      161606
      162093
      163570
      165027
      165991
      166485
      166965
      166973
      167453
      167460
      167945
      168927
      168943
      168944
      168945
      170390
      170873
      170882
      173344
      173804
      173810
      173813
      173818
      174321
      174322
      174323
      174324
      176767
      179190
      155279
      157218
      159175
      159661
      160174
      160178
      160658
      161628
      162113
      162126
      164074
      164079
      164080
      164563
      164565
      164568
      165541
      166028
      166516
      167003
      167488
      167981
      168465
      168466
      168467
      168468
      168469
      168470
      171901
      172387
      172868
      172869
      174337
      174826
      175316
      176777
