          57
      143802
      144292
      144776
      145753
      146247
      146739
      147224
      147227
      147712
      147715
      148200
      148201
      148203
      148204
      148689
      148692
      149176
      149178
      149179
      149665
      149666
      149667
      149668
      150142
      150153
      150154
      150155
      150156
      150628
      150637
      150642
      150644
      151120
      151129
      151131
      151133
      151617
      151618
      151620
      151621
      151622
      152106
      152107
      152109
      152110
      152595
      152596
      152597
      152598
      153082
      153083
      153084
      153571
      153572
      154060
      154548
      155525
