          44
      117886
      118856
      119340
      119823
      120798
      121290
      121291
      121292
      121293
      121294
      121295
      121296
      121297
      121298
      121299
      121300
      121301
      124723
      124724
      125214
      125702
      125708
      125709
      125714
      126190
      126191
      126192
      126201
      126202
      126679
      126680
      126689
      127664
      128152
      129132
      129608
      129626
      131574
      133045
      137939
      139403
      140868
      141357
      142333
