          87
       21376
       24764
       24776
       24796
       25268
       26729
       27238
       27704
       28195
       28704
       29180
       29671
       29681
       30151
       30154
       30160
       30161
       30647
       31139
       31140
       31623
       32116
       32118
       33106
       33591
       34573
       35556
       37992
       38481
       38483
       39459
       39952
       39974
       40441
       40443
       40444
       40448
       40931
       40933
       40938
       41423
       41914
       41919
       42402
       42403
       42404
       42408
       42891
       42892
       42893
       42894
       42903
       43381
       43386
       43387
       43389
       43870
       43881
       44370
       44847
       44849
       44852
       44857
       45338
       45343
       46309
       46316
       46325
       46326
       46808
       46814
       46815
       47290
       47303
       47781
       48272
       48771
       50233
       50725
       51702
       53659
       55616
       47289
       47304
       47793
       48761
       48762
