         156
      149556
      149557
      149558
      149559
      149560
      149561
      149562
      149563
      150044
      150045
      150046
      150047
      150048
      150049
      150050
      150051
      150052
      150053
      150054
      150533
      150534
      150535
      150536
      150537
      150538
      150539
      150540
      150541
      150542
      150543
      150544
      151022
      151023
      151024
      151025
      151026
      151027
      151028
      151029
      151030
      151031
      151032
      151033
      151034
      151511
      151512
      151513
      151514
      151515
      151516
      151517
      151518
      151519
      151520
      151521
      151522
      151523
      151524
      152000
      152001
      152002
      152003
      152004
      152005
      152006
      152007
      152008
      152009
      152010
      152011
      152012
      152013
      152014
      152490
      152491
      152492
      152493
      152494
      152495
      152496
      152497
      152498
      152499
      152500
      152501
      152502
      152503
      152979
      152980
      152981
      152982
      152983
      152984
      152985
      152986
      152987
      152988
      152989
      152990
      152991
      152992
      153468
      153469
      153470
      153471
      153472
      153473
      153474
      153475
      153476
      153477
      153478
      153479
      153480
      153957
      153958
      153959
      153960
      153961
      153962
      153963
      153964
      153965
      153966
      153967
      153968
      153969
      154446
      154447
      154448
      154449
      154450
      154451
      154452
      154453
      154454
      154455
      154456
      154457
      154458
      154939
      154940
      154941
      154942
      154943
      154944
      154945
      154946
      154947
      155431
      155432
      155433
      155435
      155436
      155924
      155925
