         637
      156309
      156796
      156798
      156799
      157283
      157284
      157286
      157287
      157771
      157772
      157773
      157774
      157775
      157776
      158261
      158262
      158263
      158264
      158265
      158266
      158267
      158750
      158751
      158752
      158753
      158754
      158755
      158756
      159240
      159241
      159242
      159243
      159244
      159245
      159246
      159729
      159730
      159731
      159732
      159733
      159734
      159735
      159736
      159737
      160217
      160218
      160219
      160220
      160221
      160222
      160223
      160224
      160227
      160228
      160706
      160707
      160709
      160710
      160711
      160712
      160714
      160715
      160716
      160718
      160719
      160720
      161194
      161195
      161196
      161197
      161198
      161200
      161201
      161202
      161204
      161205
      161206
      161207
      161208
      161209
      161683
      161684
      161685
      161687
      161688
      161689
      161690
      161691
      161692
      161693
      161694
      161695
      161696
      161697
      161698
      161699
      162172
      162173
      162174
      162176
      162177
      162178
      162179
      162180
      162182
      162183
      162184
      162185
      162186
      162187
      162188
      162189
      162662
      162663
      162665
      162666
      162667
      162672
      162673
      162674
      162675
      162676
      163144
      163150
      163151
      163155
      163156
      163157
      163162
      163163
      163164
      163165
      163166
      163167
      163168
      163633
      163639
      163640
      163645
      163646
      163651
      163652
      163653
      163654
      163655
      163656
      163657
      163658
      163659
      164122
      164127
      164128
      164129
      164134
      164135
      164140
      164141
      164142
      164143
      164145
      164146
      164149
      164150
      164611
      164616
      164617
      164622
      164623
      164624
      164630
      164631
      164632
      164633
      164635
      164636
      164638
      164640
      164641
      164642
      165101
      165104
      165105
      165110
      165112
      165113
      165119
      165120
      165121
      165122
      165123
      165124
      165125
      165126
      165127
      165128
      165129
      165132
      165133
      165134
      165593
      165594
      165595
      165599
      165600
      165601
      165602
      165608
      165609
      165610
      165611
      165612
      165613
      165614
      165615
      165616
      165617
      165618
      165619
      165620
      165623
      165624
      165625
      166083
      166089
      166090
      166099
      166100
      166101
      166102
      166103
      166104
      166105
      166106
      166107
      166108
      166109
      166110
      166111
      166112
      166113
      166114
      166115
      166116
      166569
      166570
      166572
      166577
      166578
      166579
      166580
      166588
      166589
      166590
      166591
      166592
      166593
      166594
      166595
      166596
      166597
      166598
      166599
      166600
      166601
      166603
      166604
      166605
      166606
      167059
      167060
      167066
      167068
      167069
      167077
      167078
      167079
      167080
      167081
      167082
      167083
      167084
      167085
      167086
      167087
      167088
      167089
      167090
      167091
      167092
      167093
      167094
      167096
      167548
      167555
      167557
      167558
      167559
      167560
      167567
      167568
      167569
      167570
      167571
      167572
      167573
      167574
      167575
      167576
      167577
      167578
      167579
      167580
      167583
      167585
      168035
      168036
      168044
      168047
      168048
      168049
      168058
      168059
      168060
      168061
      168062
      168063
      168064
      168065
      168068
      168069
      168070
      168071
      168072
      168073
      168074
      168524
      168533
      168534
      168536
      168538
      168539
      168547
      168548
      168549
      168550
      168551
      168552
      168553
      168554
      168555
      168556
      168557
      168558
      168559
      168561
      168562
      168563
      169021
      169024
      169025
      169027
      169028
      169035
      169036
      169037
      169038
      169039
      169040
      169041
      169042
      169043
      169044
      169045
      169046
      169047
      169048
      169049
      169050
      169051
      169052
      169053
      169054
      169509
      169514
      169524
      169525
      169526
      169527
      169528
      169529
      169530
      169531
      169532
      169533
      169534
      169535
      169536
      169537
      169538
      169539
      169540
      169541
      169542
      169997
      170002
      170003
      170004
      170005
      170013
      170014
      170015
      170016
      170017
      170018
      170019
      170020
      170021
      170022
      170023
      170024
      170025
      170026
      170027
      170028
      170029
      170030
      170486
      170492
      170493
      170494
      170495
      170496
      170497
      170498
      170499
      170500
      170501
      170502
      170503
      170504
      170505
      170506
      170507
      170508
      170509
      170510
      170511
      170512
      170513
      170514
      170515
      170516
      170517
      170518
      170519
      170973
      170974
      170984
      170985
      170986
      170987
      170988
      170989
      170990
      170991
      170992
      170993
      170994
      170995
      170996
      170997
      170998
      170999
      171000
      171001
      171002
      171003
      171004
      171005
      171006
      171007
      171461
      171473
      171474
      171475
      171476
      171477
      171478
      171479
      171480
      171481
      171482
      171483
      171484
      171485
      171486
      171487
      171488
      171489
      171490
      171491
      171492
      171493
      171494
      171495
      171963
      171964
      171965
      171966
      171967
      171968
      171969
      171970
      171971
      171972
      171973
      171974
      171975
      171976
      171977
      171978
      171979
      171980
      171981
      171982
      171983
      172447
      172453
      172454
      172455
      172456
      172457
      172458
      172459
      172460
      172461
      172462
      172463
      172464
      172465
      172466
      172467
      172468
      172469
      172470
      172471
      172472
      172936
      172938
      172940
      172942
      172943
      172945
      172946
      172947
      172948
      172949
      172950
      172951
      172952
      172953
      172954
      172955
      172956
      172957
      172958
      172959
      172960
      173431
      173432
      173433
      173434
      173435
      173436
      173437
      173438
      173439
      173440
      173441
      173442
      173443
      173444
      173445
      173446
      173447
      173448
      173921
      173922
      173923
      173924
      173925
      173926
      173927
      173928
      173929
      173930
      173931
      173932
      173933
      173934
      173935
      173936
      174411
      174412
      174413
      174414
      174415
      174416
      174417
      174418
      174419
      174420
      174421
      174422
      174423
      174424
      174903
      174904
      174905
      174906
      174907
      174908
      174909
      174910
      174911
      174912
      175394
      175395
      175396
      175397
      175398
      175399
      175400
      175885
      175886
      175887
      175888
