         211
      141654
      141655
      141658
      142147
      142629
      142636
      143125
      143606
      143613
      143614
      143615
      144102
      144103
      144104
      144563
      144573
      144590
      144591
      144592
      144593
      144594
      145072
      145073
      145076
      145081
      145082
      145083
      145563
      145564
      145565
      145566
      145568
      145569
      145570
      145571
      145572
      146052
      146053
      146054
      146055
      146056
      146057
      146058
      146059
      146060
      146061
      146062
      146541
      146542
      146543
      146544
      146545
      146546
      146547
      146548
      146549
      146551
      147030
      147031
      147032
      147033
      147034
      147035
      147036
      147037
      147040
      147517
      147519
      147520
      147521
      147522
      147523
      147524
      147525
      147526
      147529
      147540
      147541
      148005
      148008
      148009
      148011
      148012
      148013
      148014
      148015
      148018
      148023
      148024
      148028
      148029
      148030
      148491
      148497
      148500
      148501
      148502
      148503
      148508
      148512
      148513
      148517
      148518
      148519
      148986
      148989
      148990
      148991
      148992
      148997
      149000
      149001
      149002
      149007
      149008
      149474
      149475
      149479
      149480
      149481
      149487
      149488
      149490
      149491
      149492
      149493
      149494
      149495
      149496
      149497
      149501
      149968
      149969
      149970
      149976
      149977
      149979
      149980
      149981
      149982
      149983
      149984
      149985
      149986
      149990
      150458
      150459
      150465
      150466
      150468
      150469
      150470
      150471
      150472
      150473
      150474
      150475
      150476
      150479
      150948
      150954
      150955
      150957
      150958
      150959
      150960
      150961
      150962
      150963
      150964
      150965
      150968
      151444
      151445
      151446
      151447
      151448
      151449
      151450
      151451
      151452
      151454
      151457
      151933
      151934
      151936
      151937
      151938
      151939
      151940
      151946
      152422
      152423
      152425
      152426
      152427
      152428
      152429
      152435
      152911
      152912
      152914
      152915
      152916
      152917
      152918
      152924
      153402
      153411
      153900
      155368
