         254
      120644
      122108
      122597
      122600
      123578
      123580
      124066
      124067
      124551
      124555
      124563
      125040
      125041
      125052
      125527
      125529
      125530
      125531
      125534
      125541
      125542
      126016
      126018
      126019
      126020
      126021
      126022
      126023
      126024
      126026
      126505
      126506
      126507
      126508
      126509
      126510
      126511
      126512
      126513
      126514
      126515
      126516
      126994
      126995
      126996
      126997
      126998
      126999
      127000
      127001
      127002
      127003
      127004
      127005
      127482
      127485
      127486
      127487
      127488
      127489
      127490
      127491
      127492
      127493
      127971
      127974
      127975
      127976
      127977
      127978
      127979
      127980
      127981
      127982
      128460
      128461
      128462
      128463
      128464
      128465
      128466
      128467
      128468
      128469
      128470
      128471
      128949
      128951
      128952
      128953
      128954
      128955
      128956
      128957
      128958
      128959
      128960
      129436
      129438
      129441
      129442
      129443
      129444
      129445
      129446
      129447
      129448
      129449
      129927
      129928
      129930
      129931
      129932
      129933
      129934
      129935
      129936
      129937
      129944
      129945
      130416
      130417
      130418
      130419
      130420
      130421
      130422
      130423
      130424
      130425
      130426
      130427
      130433
      130434
      130905
      130906
      130907
      130908
      130909
      130910
      130911
      130912
      130913
      130914
      130915
      130916
      130923
      131391
      131394
      131395
      131397
      131398
      131399
      131400
      131401
      131402
      131403
      131404
      131405
      131882
      131883
      131886
      131887
      131888
      131889
      131890
      131891
      131892
      131893
      131894
      132371
      132372
      132375
      132376
      132377
      132378
      132379
      132380
      132381
      132382
      132383
      132860
      132861
      132864
      132865
      132866
      132867
      132868
      132869
      132870
      132871
      132872
      133346
      133349
      133353
      133354
      133355
      133356
      133357
      133358
      133359
      133360
      133361
      133840
      133841
      133842
      133843
      133844
      133845
      133846
      133847
      133848
      133849
      134329
      134330
      134331
      134332
      134333
      134334
      134335
      134337
      134338
      134819
      134820
      134821
      134822
      134823
      134824
      135310
      135311
      135312
      135790
      135799
      135800
      135801
      136279
      136280
      136288
      136289
      136290
      136766
      136768
      136769
      136778
      136779
      137257
      137258
      137266
      137267
      137268
      139699
      142630
      143119
      143608
