          65
      141300
      144234
      145210
      145212
      145698
      146187
      146676
      147165
      148631
      149608
      149609
      149613
      150097
      150098
      150586
      150587
      150590
      151076
      151077
      151079
      151566
      151568
      152055
      152056
      152057
      152544
      152545
      152546
      153034
      153035
      153522
      153523
      153524
      154011
      154012
      154013
      154500
      154501
      154502
      154989
      154990
      154991
      155479
      155480
      155968
      155969
      156457
      156458
      156944
      156946
      156947
      157433
      157434
      157922
      157923
      158411
      158412
      158900
      158901
      159389
      159390
      159878
      159879
      160367
      160856
