         176
      164897
      165385
      165867
      166354
      166361
      166362
      166841
      166843
      166844
      166849
      166850
      166851
      167821
      167822
      167824
      167825
      167829
      168308
      168309
      168310
      168318
      168796
      168797
      169293
      169783
      170268
      170270
      170757
      170759
      175151
      175637
      177585
      178069
      178084
      179551
      180039
      180040
      180529
      181018
      181482
      181507
      181996
      186391
      186393
      186860
      186880
      187359
      187368
      187369
      187845
      187846
      187847
      187848
      187849
      188332
      188335
      188336
      188338
      188813
      188818
      188820
      188828
      189304
      189308
      189311
      189318
      189321
      189778
      189795
      189800
      190267
      190289
      190298
      190786
      191243
      191244
      191732
      192244
      192709
      193708
      194197
      194199
      195172
      195173
      195662
      196150
      196151
      196152
      196153
      196638
      196639
      196640
      196641
      197126
      197127
      197128
      197129
      197615
      197617
      197618
      198107
      198592
      199080
      199081
      199082
      199570
      199571
      200546
      187348
      187360
      187367
      187838
      187840
      187844
      187856
      187857
      188324
      188326
      188327
      188328
      188329
      188331
      188333
      188334
      188337
      188814
      188815
      188816
      188817
      188819
      188822
      188823
      188824
      188825
      188827
      189305
      189306
      189312
      189313
      189314
      189316
      189317
      189794
      189801
      189802
      189803
      189805
      189807
      190290
      190291
      190292
      190294
      190295
      190296
      190778
      190779
      190780
      190781
      190783
      190784
      190785
      191267
      191269
      191270
      191756
      191759
      192733
      193222
      194688
      195176
      195661
      195665
      196642
      197130
      198106
      198593
