          71
         281
         291
         292
         770
         771
        1269
        1270
        1755
        2732
        3221
        3710
        4198
        4679
        5174
        5665
        6632
        6635
        6642
        7131
        7620
        8100
        8107
        8109
        8112
        8597
        8598
        8603
        9085
        9088
        9089
        9091
        9092
        9574
        9575
        9576
        9577
        9578
        9580
        9581
       10057
       10069
       10070
       10546
       10558
       10559
       11035
       11037
       11044
       11048
       11524
       11533
       11534
       12014
       12018
       12020
       12021
       12022
       12023
       12024
       12502
       15434
       15442
       15443
       15925
       16415
       16417
       16420
       16910
       17397
       18381
       18868
