          89
       74907
       75398
       75399
       76381
       76877
       76878
       76880
       76881
       77363
       77367
       77369
       77370
       77856
       77857
       77858
       77859
       78344
       78345
       78346
       78347
       78349
       78833
       78834
       78835
       78836
       78837
       78838
       79323
       79324
       79325
       79326
       79327
       79814
       79815
       79816
       79817
       79820
       79821
       80304
       80305
       80306
       80307
       80309
       80310
       80793
       80794
       80795
       80796
       80797
       80798
       81281
       81282
       81283
       81284
       81285
       81286
       81287
       81770
       81771
       81772
       81773
       81774
       81775
       82257
       82258
       82259
       82260
       82261
       82262
       82263
       82264
       82746
       82748
       82749
       82751
       82752
       83235
       83236
       83237
       83238
       83239
       83240
       83723
       83724
       83725
       83728
       84212
       84213
       84214
