         107
      153337
      154310
      155281
      155286
      155287
      155772
      155773
      155774
      156253
      157264
      157751
      158227
      158711
      158719
      158726
      159196
      159197
      159683
      159694
      160169
      160184
      160189
      160193
      160198
      160204
      160654
      160674
      160675
      160676
      160686
      160698
      161161
      161648
      161675
      162164
      162652
      163125
      163138
      163140
      163605
      163628
      163634
      164086
      164118
      164606
      164615
      165092
      165581
      165589
      165596
      165598
      166068
      166072
      166563
      166573
      166575
      167050
      167052
      167538
      167545
      168038
      168514
      168516
      168517
      168526
      168530
      169003
      169492
      169493
      169504
      169981
      170478
      170489
      170966
      171453
      171457
      171458
      171467
      171940
      171943
      171944
      171945
      172434
      172435
      172913
      172914
      172929
      172931
      173408
      173416
      173896
      173909
      174379
      174382
      174405
      174895
      175380
      175851
      175864
      175868
      176337
      176353
      176850
      177330
      177333
      177821
      178308
