          85
      200015
      200491
      200492
      200493
      200494
      200495
      200496
      200497
      200498
      200504
      200980
      200981
      200982
      200983
      200984
      200985
      200986
      200987
      200994
      201469
      201470
      201471
      201472
      201473
      201474
      201475
      201476
      201477
      201483
      201958
      201959
      201960
      201961
      201962
      201963
      201964
      201965
      201966
      201972
      202447
      202448
      202449
      202450
      202451
      202452
      202453
      202454
      202455
      202461
      202936
      202937
      202938
      202939
      202940
      202941
      202942
      202943
      202944
      202950
      203425
      203426
      203427
      203428
      203429
      203430
      203431
      203432
      203433
      203439
      203914
      203915
      203916
      203917
      203918
      203919
      203920
      203921
      204403
      204404
      204405
      204406
      204407
      204408
      204409
      204410
