         115
       97483
       97484
       97969
       97970
       97971
       97972
       97973
       98454
       98455
       98456
       98457
       98458
       98459
       98460
       98461
       98462
       98463
       98938
       98939
       98940
       98941
       98942
       98943
       98944
       98945
       98946
       98947
       98948
       98949
       98950
       98951
       98952
       99421
       99422
       99423
       99424
       99425
       99426
       99427
       99428
       99429
       99430
       99431
       99432
       99433
       99434
       99435
       99436
       99437
       99438
       99439
       99440
       99441
       99911
       99912
       99913
       99914
       99915
       99916
       99917
       99918
       99919
       99920
       99921
       99922
       99923
       99924
       99925
       99926
       99927
       99928
       99929
       99930
      100401
      100402
      100403
      100404
      100405
      100406
      100407
      100408
      100409
      100410
      100411
      100412
      100413
      100414
      100415
      100416
      100417
      100418
      100419
      100420
      100891
      100892
      100893
      100894
      100895
      100896
      100897
      100898
      100899
      100900
      100901
      100902
      100903
      100904
      100905
      101382
      101383
      101384
      101385
      101386
      101387
      101388
