         246
        1299
        1788
        2276
        2765
        3254
        3742
        3743
        4231
        4232
        4240
        4728
        5694
        6182
        6183
        6670
        6671
        6672
        6673
        6683
        7159
        7160
        7161
        7162
        7163
        7648
        7649
        7650
        7651
        7652
        7660
        8137
        8138
        8139
        8140
        8141
        8149
        8624
        8625
        8626
        8627
        8628
        8629
        8630
        8637
        9113
        9114
        9116
        9117
        9118
        9119
        9602
        9603
        9605
        9606
        9607
        9614
       10091
       10092
       10095
       10096
       10103
       10579
       10580
       10581
       10584
       10585
       10591
       11068
       11069
       11070
       11073
       11074
       11079
       11080
       11557
       11558
       11559
       11561
       11562
       11563
       11568
       11569
       12046
       12047
       12048
       12050
       12051
       12052
       12056
       12057
       12058
       12534
       12535
       12537
       12539
       12540
       12543
       12544
       12545
       12546
       13023
       13024
       13026
       13028
       13029
       13032
       13033
       13034
       13035
       13512
       13513
       13521
       13522
       13523
       13524
       14002
       14009
       14010
       14011
       14012
       14481
       14489
       14491
       14497
       14498
       14499
       14500
       14501
       14969
       14970
       14971
       14977
       14980
       14981
       14986
       14987
       14988
       14989
       14990
       15458
       15459
       15460
       15461
       15462
       15463
       15464
       15466
       15468
       15469
       15470
       15475
       15476
       15477
       15478
       15947
       15948
       15949
       15950
       15951
       15952
       15953
       15957
       15958
       15959
       15964
       15965
       15966
       15967
       16439
       16441
       16442
       16447
       16453
       16454
       16455
       16456
       16928
       16929
       16930
       16931
       16935
       16936
       16942
       16943
       16944
       17418
       17419
       17420
       17424
       17431
       17432
       17433
       17909
       17920
       17921
       18401
       18409
       18410
       18890
       18897
       18898
       18899
       19378
       19385
       19386
       19387
       19388
       19867
       19874
       19875
       19876
       19877
       20355
       20356
       20360
       20364
       20365
       20366
       20367
       20840
       20841
       20846
       20852
       20853
       20857
       21330
       21331
       21334
       21335
       21340
       21343
       21805
       21824
       21826
       21829
       21831
       21832
       21833
       21834
       22316
       22317
       22321
       22322
       22323
       22809
       22812
