          84
        6029
        6030
        6031
        6037
        6038
        6039
        6040
        6041
        6518
        6519
        6526
        6527
        6531
        6532
        6533
        7003
        7004
        7005
        7006
        7007
        7008
        7009
        7015
        7016
        7488
        7489
        7490
        7491
        7492
        7493
        7494
        7495
        7496
        7497
        7498
        7499
        7500
        7501
        7502
        7503
        7504
        7505
        7506
        7507
        7508
        7509
        7510
        7511
        7512
        7513
        7976
        7977
        7978
        7979
        7980
        7981
        7982
        7983
        7984
        7985
        7986
        7987
        7988
        7989
        7990
        8001
        8002
        8463
        8479
        8480
        8481
        8484
        8485
        8973
        9459
        9944
        9951
        9962
        9963
       10435
       10453
       10920
       11404
       11888
