          96
      150102
      150591
      151075
      151080
      151565
      152054
      152543
      153032
      153033
      153520
      153521
      153525
      154009
      154010
      154014
      154498
      154499
      154503
      154987
      154988
      154992
      155476
      155477
      155478
      155481
      155965
      155966
      155967
      155970
      156454
      156455
      156456
      156459
      156943
      156945
      156948
      157432
      157435
      157436
      157437
      157921
      157924
      157925
      157926
      158410
      158413
      158414
      158415
      158899
      158902
      158903
      158904
      159388
      159391
      159392
      159393
      159410
      159877
      159880
      159881
      159882
      160366
      160369
      160370
      160371
      160855
      160858
      160859
      160860
      161342
      161343
      161344
      161348
      161349
      161831
      161832
      161833
      161837
      161838
      162320
      162321
      162322
      162326
      162327
      162809
      162810
      162811
      162815
      162816
      163298
      163299
      163300
      163304
      163789
      163793
      164278
