         300
       55772
       56262
       56263
       56264
       56751
       56752
       56753
       56754
       56755
       56757
       56758
       56760
       56761
       56762
       56763
       56764
       57242
       57243
       57244
       57245
       57246
       57247
       57248
       57249
       57250
       57251
       57254
       57255
       57729
       57730
       57731
       57732
       57733
       57735
       57736
       57737
       57738
       57739
       57740
       57741
       57742
       58217
       58218
       58221
       58222
       58223
       58224
       58225
       58226
       58227
       58228
       58229
       58230
       58231
       58232
       58233
       58707
       58708
       58709
       58710
       58711
       58712
       58713
       58714
       58715
       58716
       58717
       58718
       58719
       58721
       58722
       59197
       59198
       59199
       59200
       59201
       59202
       59203
       59204
       59205
       59206
       59207
       59208
       59209
       59210
       59211
       59686
       59687
       59688
       59689
       59690
       59691
       59692
       59693
       59694
       59695
       59696
       59697
       59698
       59699
       59700
       60175
       60176
       60177
       60178
       60179
       60180
       60181
       60182
       60183
       60184
       60185
       60186
       60187
       60188
       60189
       60664
       60665
       60666
       60667
       60668
       60669
       60670
       60671
       60672
       60673
       60674
       60675
       60676
       60677
       60678
       61153
       61154
       61155
       61156
       61157
       61158
       61159
       61160
       61161
       61162
       61163
       61164
       61165
       61166
       61167
       61168
       61643
       61644
       61645
       61646
       61647
       61648
       61649
       61650
       61651
       61652
       61653
       61654
       61655
       61656
       61657
       62132
       62133
       62134
       62135
       62136
       62137
       62138
       62139
       62140
       62141
       62142
       62143
       62144
       62145
       62146
       62621
       62622
       62623
       62624
       62625
       62626
       62627
       62628
       62629
       62630
       62631
       62632
       62633
       62634
       62635
       63111
       63112
       63113
       63115
       63116
       63117
       63119
       63120
       63121
       63122
       63123
       63600
       63601
       63602
       63603
       63604
       63605
       63606
       63607
       63608
       63611
       63613
       64089
       64090
       64091
       64092
       64094
       64095
       64098
       64099
       64579
       64580
       64582
       64583
       64585
       64586
       64588
       64592
       65068
       65069
       65070
       65072
       65073
       65075
       65079
       65080
       65081
       65558
       65560
       65561
       65567
       65570
       66047
       66048
       66055
       66057
       66058
       66060
       66536
       66537
       66538
       66542
       66543
       66545
       66546
       66547
       66548
       67026
       67030
       67031
       67033
       67037
       67038
       67518
       67519
       67520
       67521
       67523
       67524
       67525
       67526
       67527
       68006
       68007
       68009
       68010
       68011
       68013
       68014
       68494
       68495
       68496
       68499
       68500
       68502
       68985
       68986
       68989
       68990
       69473
       69474
       69475
       69476
       69477
       69965
       70452
       70453
       70454
