         132
         303
         307
         308
         309
         310
         311
         312
         313
         314
         793
         797
         798
         799
         800
         801
         802
         804
        1281
        1282
        1286
        1287
        1288
        1289
        1290
        1291
        1292
        1293
        1770
        1771
        1774
        1775
        1776
        1777
        1778
        1779
        1780
        1781
        1782
        2258
        2259
        2260
        2262
        2263
        2264
        2265
        2266
        2267
        2268
        2270
        2747
        2748
        2749
        2750
        2751
        2752
        2753
        2754
        2755
        2756
        2757
        2759
        3236
        3237
        3238
        3239
        3240
        3241
        3242
        3248
        3724
        3725
        3726
        3727
        3728
        3729
        3730
        4213
        4215
        4216
        4217
        4218
        4219
        4701
        4702
        4703
        4704
        4705
        4706
        5190
        5191
        5192
        5193
        5194
        5195
        5679
        5680
        5681
        5682
        5683
        6167
        6168
        6169
        6170
        6171
        6656
        6657
        6658
        6659
        7144
        7145
        7146
        7147
        7148
        7633
        7634
        7635
        7636
        8122
        8123
        8124
        8125
        8613
        8614
        9103
        9592
       10081
       10570
       11059
       12527
       12528
       13017
       13989
