          47
      171609
      172098
      172587
      173076
      173565
      174054
      174542
      174543
      175030
      175031
      175032
      175519
      175520
      176008
      176009
      176497
      176498
      176985
      176986
      176987
      177474
      177475
      177476
      177963
      177964
      178935
      178942
      179423
      179424
      179432
      179433
      179434
      179435
      179436
      179437
      179912
      179913
      180400
      180401
      180402
      180889
      180890
      181378
      181379
      181867
      181868
      182357
