          50
       97687
       98176
       98669
       99158
       99166
       99647
       99655
      100135
      100136
      100137
      100143
      100624
      100625
      100626
      100627
      100628
      100629
      101111
      101112
      101113
      101114
      101115
      101116
      101117
      101118
      101119
      101120
      101600
      101601
      101602
      101603
      101604
      101605
      101606
      101607
      101608
      102089
      102090
      102091
      102092
      102093
      102094
      102095
      103558
      103559
      104056
      104057
      104540
      104547
      105033
