        1905           3
  0.34999999       0.0000000     -0.50000000    
  0.34999999     -0.50000000       0.0000000    
  0.34999999       0.0000000      0.50000000    
  0.34999999       0.0000000      -1.5000000    
  0.34999999      -1.5000000       0.0000000    
  0.34999999       0.0000000       1.5000000    
  0.78301269      0.25000000       0.0000000    
   1.6490381      0.75000000       0.0000000    
 -8.30127001E-02  0.25000000       0.0000000    
 -0.94903809      0.75000000       0.0000000    
   0.0000000       0.0000000      -3.0000000    
   0.0000000      -3.0000000       0.0000000    
   0.0000000       0.0000000       3.0000000    
   0.0000000       0.0000000      -4.0000000    
   0.0000000      -4.0000000       0.0000000    
   0.0000000       0.0000000       4.0000000    
   2.5980761       1.5000000       0.0000000    
   3.4641016       2.0000000       0.0000000    
  -2.5980761       1.5000000       0.0000000    
  -3.4641016       2.0000000       0.0000000    
  0.34999999       0.0000000      -1.0000000    
  0.34999999     -0.35355338     -0.35355338    
  0.34999999     -0.35355338      0.35355338    
  0.34999999       0.0000000       1.0000000    
  0.34999999     -0.46352550       1.4265847    
  0.34999999     -0.88167787       1.2135255    
  0.34999999      -1.2135255      0.88167787    
  0.34999999      -1.4265847      0.46352550    
  0.34999999      -1.4265847     -0.46352550    
  0.34999999      -1.2135255     -0.88167787    
  0.34999999     -0.88167787      -1.2135255    
  0.34999999     -0.46352550      -1.4265847    
  0.65618622      0.17677669      0.35355338    
  0.75142485      0.23176275       1.4265847    
   1.1135554      0.44083893       1.2135255    
   1.4009439      0.60676277      0.88167787    
   1.5854586      0.71329236      0.46352550    
   1.5854586      0.71329236     -0.46352550    
   1.4009439      0.60676277     -0.88167787    
   1.1135554      0.44083893      -1.2135255    
  0.75142485      0.23176275      -1.4265847    
  0.65618622      0.17677669     -0.35355338    
  0.67139381     -0.38302222       0.0000000    
  0.84240389     -8.68240893E-02   0.0000000    
  0.79213274      -1.4333593       0.0000000    
   1.1949801      -1.2393582       0.0000000    
   1.5227473     -0.93523473       0.0000000    
   1.7463106     -0.54801154       0.0000000    
   1.8458056     -0.11209514       0.0000000    
   1.8123919      0.33378139       0.0000000    
  4.38137837E-02  0.17677669      0.35355338    
 -5.14248498E-02  0.23176275       1.4265847    
 -0.41355544      0.44083893       1.2135255    
 -0.70094389      0.60676277      0.88167787    
 -0.88545865      0.71329236      0.46352550    
 -0.88545865      0.71329236     -0.46352550    
 -0.70094389      0.60676277     -0.88167787    
 -0.41355544      0.44083893      -1.2135255    
 -5.14248498E-02  0.23176275      -1.4265847    
  4.38137837E-02  0.17677669     -0.35355338    
 -0.14240387     -8.68240893E-02   0.0000000    
  2.86061950E-02 -0.38302222       0.0000000    
  -1.1123918      0.33378139       0.0000000    
  -1.1458057     -0.11209514       0.0000000    
  -1.0463107     -0.54801154       0.0000000    
 -0.82274723     -0.93523473       0.0000000    
 -0.49498010      -1.2393582       0.0000000    
 -9.21327621E-02  -1.4333593       0.0000000    
   0.0000000       0.0000000      -3.5000000    
   0.0000000     -0.42694452      -2.9694643    
   0.0000000     -0.84519768      -2.8784790    
   0.0000000      -1.2462450      -2.7288959    
   0.0000000      -1.6219225      -2.5237606    
   0.0000000      -1.9645822      -2.2672486    
   0.0000000      -2.2672486      -1.9645822    
   0.0000000      -2.5237606      -1.6219225    
   0.0000000      -2.7288959      -1.2462450    
   0.0000000      -2.8784790     -0.84519768    
   0.0000000      -2.9694643     -0.42694452    
   0.0000000      -2.9694643      0.42694452    
   0.0000000      -2.8784790      0.84519768    
   0.0000000      -2.7288959       1.2462450    
   0.0000000      -2.5237606       1.6219225    
   0.0000000      -2.2672486       1.9645822    
   0.0000000      -1.9645822       2.2672486    
   0.0000000      -1.6219225       2.5237606    
   0.0000000      -1.2462450       2.7288959    
   0.0000000     -0.84519768       2.8784790    
   0.0000000     -0.42694452       2.9694643    
   0.0000000       0.0000000       3.5000000    
   0.0000000     -0.41811386       3.9780877    
   0.0000000     -0.83164674       3.9125905    
   0.0000000      -1.2360680       3.8042262    
   0.0000000      -1.6269466       3.6541817    
   0.0000000      -2.0000000       3.4641016    
   0.0000000      -2.3511410       3.2360680    
   0.0000000      -2.6765225       2.9725792    
   0.0000000      -2.9725792       2.6765225    
   0.0000000      -3.2360680       2.3511410    
   0.0000000      -3.4641016       2.0000000    
   0.0000000      -3.6541817       1.6269466    
   0.0000000      -3.8042262       1.2360680    
   0.0000000      -3.9125905      0.83164674    
   0.0000000      -3.9780877      0.41811386    
   0.0000000      -3.9780877     -0.41811386    
   0.0000000      -3.9125905     -0.83164674    
   0.0000000      -3.8042262      -1.2360680    
   0.0000000      -3.6541817      -1.6269466    
   0.0000000      -3.4641016      -2.0000000    
   0.0000000      -3.2360680      -2.3511410    
   0.0000000      -2.9725792      -2.6765225    
   0.0000000      -2.6765225      -2.9725792    
   0.0000000      -2.3511410      -3.2360680    
   0.0000000      -2.0000000      -3.4641016    
   0.0000000      -1.6269466      -3.6541817    
   0.0000000      -1.2360680      -3.8042262    
   0.0000000     -0.83164674      -3.9125905    
   0.0000000     -0.41811386      -3.9780877    
   2.5716314       1.4847322      0.42694452    
   2.4928358       1.4392395      0.84519768    
   2.3632932       1.3644480       1.2462450    
   2.1856408       1.2618803       1.6219225    
   1.9634950       1.1336243       1.9645822    
   1.7013781      0.98229110       2.2672486    
   1.4046260      0.81096125       2.5237606    
   1.0792799      0.62312251       2.7288959    
  0.73196268      0.42259884       2.8784790    
  0.36974481      0.21347226       2.9694643    
  0.36209720      0.20905693       3.9780877    
  0.72022724      0.41582337       3.9125905    
   1.0704663      0.61803401       3.8042262    
   1.4089770      0.81347328       3.6541817    
   1.7320508       1.0000000       3.4641016    
   2.0361478       1.1755705       3.2360680    
   2.3179364       1.3382612       2.9725792    
   2.5743291       1.4862896       2.6765225    
   2.8025172       1.6180340       2.3511410    
   3.0000000       1.7320508       2.0000000    
   3.1646142       1.8270909       1.6269466    
   3.2945564       1.9021131       1.2360680    
   3.3884027       1.9562953      0.83164674    
   3.4451249       1.9890438      0.41811386    
   3.4451249       1.9890438     -0.41811386    
   3.3884027       1.9562953     -0.83164674    
   3.2945564       1.9021131      -1.2360680    
   3.1646142       1.8270909      -1.6269466    
   3.0000000       1.7320508      -2.0000000    
   2.8025172       1.6180340      -2.3511410    
   2.5743291       1.4862896      -2.6765225    
   2.3179364       1.3382612      -2.9725792    
   2.0361478       1.1755705      -3.2360680    
   1.7320508       1.0000000      -3.4641016    
   1.4089770      0.81347328      -3.6541817    
   1.0704663      0.61803401      -3.8042262    
  0.72022724      0.41582337      -3.9125905    
  0.36209720      0.20905693      -3.9780877    
  0.36974481      0.21347226      -2.9694643    
  0.73196268      0.42259884      -2.8784790    
   1.0792799      0.62312251      -2.7288959    
   1.4046260      0.81096125      -2.5237606    
   1.7013781      0.98229110      -2.2672486    
   1.9634950       1.1336243      -1.9645822    
   2.1856408       1.2618803      -1.6219225    
   2.3632932       1.3644480      -1.2462450    
   2.4928358       1.4392395     -0.84519768    
   2.5716314       1.4847322     -0.42694452    
  0.41751930      -2.9708042       0.0000000    
  0.82691205      -2.8837850       0.0000000    
   1.2202100      -2.7406363       0.0000000    
   1.5897578      -2.5441444       0.0000000    
   1.9283628      -2.2981334       0.0000000    
   2.2294345      -2.0073919       0.0000000    
   2.4871128      -1.6775787       0.0000000    
   2.6963820      -1.3151134       0.0000000    
   2.8531694     -0.92705101       0.0000000    
   2.9544232     -0.52094454       0.0000000    
   2.9981725     -0.10469849       0.0000000    
   2.9835656      0.31358540       0.0000000    
   2.9108872      0.72576571       0.0000000    
   2.7815516       1.1238198       0.0000000    
  0.41811386      -3.9780877       0.0000000    
  0.83164674      -3.9125905       0.0000000    
   1.2360680      -3.8042262       0.0000000    
   1.6269466      -3.6541817       0.0000000    
   2.0000000      -3.4641016       0.0000000    
   2.3511410      -3.2360680       0.0000000    
   2.6765225      -2.9725792       0.0000000    
   2.9725792      -2.6765225       0.0000000    
   3.2360680      -2.3511410       0.0000000    
   3.4641016      -2.0000000       0.0000000    
   3.6541817      -1.6269466       0.0000000    
   3.8042262      -1.2360680       0.0000000    
   3.9125905     -0.83164674       0.0000000    
   3.9780877     -0.41811386       0.0000000    
   4.0000000      1.99882107E-11   0.0000000    
   3.9780877      0.41811386       0.0000000    
   3.9125905      0.83164674       0.0000000    
   3.8042262       1.2360680       0.0000000    
   3.6541817       1.6269466       0.0000000    
  -2.5716314       1.4847322      0.42694452    
  -2.4928358       1.4392395      0.84519768    
  -2.3632932       1.3644480       1.2462450    
  -2.1856408       1.2618803       1.6219225    
  -1.9634950       1.1336243       1.9645822    
  -1.7013781      0.98229110       2.2672486    
  -1.4046260      0.81096125       2.5237606    
  -1.0792799      0.62312251       2.7288959    
 -0.73196268      0.42259884       2.8784790    
 -0.36974481      0.21347226       2.9694643    
 -0.36209720      0.20905693       3.9780877    
 -0.72022724      0.41582337       3.9125905    
  -1.0704663      0.61803401       3.8042262    
  -1.4089770      0.81347328       3.6541817    
  -1.7320508       1.0000000       3.4641016    
  -2.0361478       1.1755705       3.2360680    
  -2.3179364       1.3382612       2.9725792    
  -2.5743291       1.4862896       2.6765225    
  -2.8025172       1.6180340       2.3511410    
  -3.0000000       1.7320508       2.0000000    
  -3.1646142       1.8270909       1.6269466    
  -3.2945564       1.9021131       1.2360680    
  -3.3884027       1.9562953      0.83164674    
  -3.4451249       1.9890438      0.41811386    
  -3.4451249       1.9890438     -0.41811386    
  -3.3884027       1.9562953     -0.83164674    
  -3.2945564       1.9021131      -1.2360680    
  -3.1646142       1.8270909      -1.6269466    
  -3.0000000       1.7320508      -2.0000000    
  -2.8025172       1.6180340      -2.3511410    
  -2.5743291       1.4862896      -2.6765225    
  -2.3179364       1.3382612      -2.9725792    
  -2.0361478       1.1755705      -3.2360680    
  -1.7320508       1.0000000      -3.4641016    
  -1.4089770      0.81347328      -3.6541817    
  -1.0704663      0.61803401      -3.8042262    
 -0.72022724      0.41582337      -3.9125905    
 -0.36209720      0.20905693      -3.9780877    
 -0.36974481      0.21347226      -2.9694643    
 -0.73196268      0.42259884      -2.8784790    
  -1.0792799      0.62312251      -2.7288959    
  -1.4046260      0.81096125      -2.5237606    
  -1.7013781      0.98229110      -2.2672486    
  -1.9634950       1.1336243      -1.9645822    
  -2.1856408       1.2618803      -1.6219225    
  -2.3632932       1.3644480      -1.2462450    
  -2.4928358       1.4392395     -0.84519768    
  -2.5716314       1.4847322     -0.42694452    
  -2.7815516       1.1238198       0.0000000    
  -2.9108872      0.72576571       0.0000000    
  -2.9835656      0.31358540       0.0000000    
  -2.9981725     -0.10469849       0.0000000    
  -2.9544232     -0.52094454       0.0000000    
  -2.8531694     -0.92705101       0.0000000    
  -2.6963820      -1.3151134       0.0000000    
  -2.4871128      -1.6775787       0.0000000    
  -2.2294345      -2.0073919       0.0000000    
  -1.9283628      -2.2981334       0.0000000    
  -1.5897578      -2.5441444       0.0000000    
  -1.2202100      -2.7406363       0.0000000    
 -0.82691205      -2.8837850       0.0000000    
 -0.41751930      -2.9708042       0.0000000    
  -3.6541817       1.6269466       0.0000000    
  -3.8042262       1.2360680       0.0000000    
  -3.9125905      0.83164674       0.0000000    
  -3.9780877      0.41811386       0.0000000    
  -4.0000000      3.94613474E-11   0.0000000    
  -3.9780877     -0.41811386       0.0000000    
  -3.9125905     -0.83164674       0.0000000    
  -3.8042262      -1.2360680       0.0000000    
  -3.6541817      -1.6269466       0.0000000    
  -3.4641016      -2.0000000       0.0000000    
  -3.2360680      -2.3511410       0.0000000    
  -2.9725792      -2.6765225       0.0000000    
  -2.6765225      -2.9725792       0.0000000    
  -2.3511410      -3.2360680       0.0000000    
  -2.0000000      -3.4641016       0.0000000    
  -1.6269466      -3.6541817       0.0000000    
  -1.2360680      -3.8042262       0.0000000    
 -0.83164674      -3.9125905       0.0000000    
 -0.41811386      -3.9780877       0.0000000    
  0.34999999     -0.70305407     -0.74027961    
  0.34999999     -0.70183992      0.67612284    
  0.34999999     -0.40934417       1.0848048    
  0.34999999      -1.0735881     -0.14677611    
  0.34999999     -0.29789832      0.72319007    
  0.34999999     -0.29638675     -0.74200320    
  0.34999999     -0.41687208      -1.1001328    
  0.34999999      -1.1113052      0.33887547    
  0.34999999     -0.73405516     -0.26779535    
  0.34999999      -1.0218421     -0.52486575    
  0.34999999     -0.74572366      0.15899672    
  0.70141083     -0.20034362      0.29389262    
   1.7624562     -0.27874434      0.42103359    
   1.2907410      -1.0718732      0.46485955    
   1.2279907     -0.49408829       1.1113096    
   1.4697703     -0.61826044      0.78349757    
   1.6154320     -0.72875077      0.34293437    
   1.6979671      0.26947027      0.60030878    
   1.2309560      1.83725040E-02   1.2139106    
   1.0811982     -0.92437196      0.92783922    
  0.66918498      -1.0433958       1.0292941    
  0.77507645      -1.2901763      0.63620383    
   1.5570494     -0.13895559      0.87961531    
  0.94770765      -1.3487055      0.27154896    
  0.77161461     -0.75198227       1.2275031    
   1.4631345      0.26561880      0.96973097    
  0.89601076     -0.31620541       1.3608403    
  0.65281540      -1.4424515      0.27863315    
   1.8200336      0.15523928      0.25475895    
   1.7534082      0.45702574      0.26753113    
   1.2833472      -1.0918263     -0.43217853    
   1.7562655     -0.29595637     -0.42991525    
   1.2083886     -0.51027101      -1.1192822    
   1.4460497     -0.66519344     -0.77858388    
   1.6132294     -0.73732996     -0.33255991    
  0.81943291     -0.72234601      -1.2279451    
  0.76188302      -1.2890716     -0.64702922    
   1.5225196     -0.17159328     -0.91964871    
   1.4147066      0.24557199      -1.0276645    
   1.6918291      0.25672328     -0.61934465    
  0.95488876      -1.3383827     -0.30469847    
   1.0465018     -0.97582209     -0.90147471    
  0.66609365      -1.0844183     -0.98697609    
  0.65197456      -1.4408630     -0.28761977    
   1.2005736     -5.51640801E-02  -1.2342939    
   1.8196392      0.14900248     -0.26068902    
   1.7536203      0.45323551     -0.27281436    
   1.0322967     -0.39813805      -1.2751303    
  0.70273346     -0.20068422      -1.4440585    
  0.69920808     -0.20415887     -0.29389262    
  0.95781124      0.35091996      0.67612284    
  0.95886272      0.35152704     -0.74027961    
  0.70450246      0.20467208       1.0848048    
   1.2797545      0.53679407     -0.14677611    
  0.60798752      0.14894916      0.72319007    
  0.60667843      0.14819337     -0.74200320    
  0.71102184      0.20843604      -1.1001328    
   1.3124186      0.55565262      0.33887547    
  0.98571044      0.36702758     -0.26779535    
   1.2349412      0.51092106     -0.52486575    
  0.99581563      0.37286183      0.15899672    
 -0.25781122      0.35091996      0.67612284    
 -0.25886270      0.35152704     -0.74027961    
 -4.50245757E-03  0.20467208       1.0848048    
 -0.57975459      0.53679407     -0.14677611    
  9.20124948E-02  0.14894916      0.72319007    
  9.33215469E-02  0.14819337     -0.74200320    
 -1.10218124E-02  0.20843604      -1.1001328    
 -0.61241859      0.55565262      0.33887547    
 -0.28571042      0.36702758     -0.26779535    
 -0.53494120      0.51092106     -0.52486575    
 -0.29581562      0.37286183      0.15899672    
  7.91926635E-04 -0.20415887      0.29389262    
 -0.61318094      -1.0676985      0.42696872    
  -1.0563905     -0.29359072      0.43112648    
 -0.51836389     -0.51364905       1.1100039    
 -0.74531442     -0.66061932      0.78349757    
 -0.91761339     -0.72958565      0.33295810    
 -9.35351104E-02  -1.3005539      0.60152811    
 -7.48283342E-02 -0.77239335       1.2136431    
 -0.82167906     -0.16943128      0.92111957    
 -0.71424013      0.24597146       1.0280520    
 -0.99143118      0.25750905      0.61988014    
 -0.25530574      -1.3483121      0.25624064    
 -0.37410030     -0.97597891      0.87928599    
 -0.51372421      1.13078738E-02   1.2263167    
  -1.1195080      0.14965698      0.26105386    
 -0.19748753     -0.31499588       1.3605275    
  2.33794730E-02  -1.0969166      0.96958399    
  4.23926041E-02  -1.4434355      0.26808891    
  -1.0534902      0.45352504      0.27300286    
  -1.0622230     -0.26238924     -0.43217853    
 -0.60943848      -1.0698835     -0.42991525    
 -0.52110189     -0.48825079      -1.1192822    
 -0.77409929     -0.61661011     -0.77858388    
 -0.92016113     -0.72532374     -0.33255991    
 -0.51028645     -4.53678593E-02  -1.2279451    
 -0.97231025      0.28783461     -0.64702922    
 -0.38486391     -0.92963505     -0.91964871    
  3.03182900E-02  -1.0448489      -1.0276645    
 -9.85856727E-02  -1.2904197     -0.61934465    
  -1.1115179      0.14534232     -0.30469847    
 -0.84333760     -0.11527717     -0.90147471    
 -0.74718064      0.26846403     -0.98697609    
  -1.0488113      0.45891386     -0.28761977    
 -0.12306026     -0.70903623      -1.2342939    
 -0.25577968      -1.3472462     -0.26068902    
  4.07033190E-02  -1.4421886     -0.27281436    
 -0.33594602     -0.39181724      -1.2751303    
 -1.64364683E-04 -0.20513402      -1.4440585    
 -1.41080795E-03 -0.20034362     -0.29389262    
   0.0000000      -1.9813397       3.0596900    
   0.0000000      -3.0600028      -1.9816542    
   0.0000000      -3.0363731       1.9490381    
   0.0000000      -1.9488472      -3.0361962    
   0.0000000     -0.44328180       3.3781183    
   0.0000000      -3.5700498     -0.53595704    
   0.0000000      -3.5700498      0.53595704    
   0.0000000     -0.50260484      -3.6076062    
   0.0000000      -3.4974616      0.95453966    
   0.0000000     -0.90382302      -3.4270127    
   0.0000000     -0.92048699       3.4945374    
   0.0000000      -3.4974616     -0.95453966    
   0.0000000      -2.8004298       2.3020208    
   0.0000000      -2.3019888      -2.8004003    
   0.0000000      -2.6608851      -1.9723117    
   0.0000000      -1.9721631       2.6607375    
   0.0000000      -2.9689565      -1.5693526    
   0.0000000      -2.8883536       1.5962462    
   0.0000000      -1.6090375      -2.8829665    
   0.0000000      -1.6174598       2.8879080    
   0.0000000      -3.2924643      0.26593226    
   0.0000000      -3.3442905     -0.19704495    
   0.0000000      -2.6250796       2.6278360    
   0.0000000      -2.6278498      -2.6250942    
   0.0000000      -1.3376793       3.4380038    
   0.0000000      -1.3353541      -3.4436791    
   0.0000000      -3.3867285      -1.3669223    
   0.0000000      -3.4690912       1.3242259    
   0.0000000      -3.1374741       1.1872439    
   0.0000000      -3.1142604      -1.1121368    
   0.0000000      -1.2703154      -3.1017728    
   0.0000000      -1.1961707       3.1233730    
   0.0000000      -1.6397096       3.2669926    
   0.0000000      -1.6317501      -3.2638164    
   0.0000000      -3.2749293       1.6139501    
   0.0000000      -3.3067942      -1.7089751    
   0.0000000      -3.7126789     -0.19613619    
   0.0000000      -3.6495950      0.13780366    
   0.0000000      -2.3707521       2.3765950    
   0.0000000      -2.3766139      -2.3707724    
   0.0000000      -2.3294997       2.8222511    
   0.0000000      -2.8223331      -2.3295827    
   0.0000000      -3.2230506      0.69054317    
   0.0000000      -3.2250402     -0.69056362    
   0.0000000      -2.6515059       1.9566963    
   0.0000000      -1.9566170      -2.6514328    
   0.0000000     -0.76641631       3.1687944    
   0.0000000     -0.65089583       3.6713090    
   0.0000000     -0.44642836      -3.2304270    
   2.1723838      -1.2872044       1.6198314    
   2.6672599      8.29568431E-02   1.3707088    
   1.1543069      -2.5370529       1.1094764    
   2.8543613      0.67235595      0.63289738    
  0.72079527      -2.8397028      0.64540106    
  0.56285465      -1.0483999       2.7539158    
   1.4839106      3.53101827E-02   2.6070602    
   1.0833368     -0.66308802       2.7178476    
   2.0383003      0.24649790       2.1873662    
  0.65593034      -2.1259735       2.0124593    
   2.7000284     -0.83670932       1.0048703    
   1.3312088      -1.5139374       2.2216833    
   2.3363161      -1.7292647      0.74247599    
   1.8594949     -0.64268827       2.2647803    
   2.9559555     -0.11046441      0.50012523    
   1.6645894      -2.0704184       1.3937396    
   2.4080684     -0.49793983       1.7185060    
  0.35904157     -0.76353401       2.8789070    
   1.8024735      -2.3214049      0.60180438    
  0.46709412      -2.6631556       1.2997792    
   2.3343515      0.96617687       1.6178088    
   2.5779004      0.83239478       1.2890104    
   2.9627771      0.29535195      0.36704096    
   1.0644701      -2.7771430      0.39291218    
  0.35981223      -2.8232181      0.94866985    
   2.6641052       1.0179476      0.93076634    
  0.80170953      0.10911307       2.8888330    
  0.31613249      -2.9314826      0.55359811    
   2.7263741       1.1187447      0.56151032    
   1.4370754      0.40615886       2.6018934    
  0.71164763      -1.7853131       2.3035221    
   2.3939893      0.17622350       1.7993779    
   1.8064721      -1.4242221       1.9256817    
   2.2900984      -1.5327388       1.1858166    
   1.5245730      -1.8388505       1.8150225    
   1.2897707      -2.1488490       1.6489209    
   1.2313629      -1.0676824       2.5186901    
   2.0424643      -1.9106467       1.0852506    
   1.6633638      -1.0617651       2.2596185    
   2.4828224      -1.1062920       1.2695318    
   2.2917516     -0.18109766       1.9274539    
   2.7428458     -0.39321002       1.1498622    
   1.0310570      -2.4116058       1.4563925    
   1.9475645      -1.7062031       1.5152107    
   1.4932858     -0.68779826       2.5093887    
   1.0547534      -1.9441077       2.0268056    
   2.4887786      0.50318307       1.5977445    
   2.5965245      -1.2867062      0.77617508    
   2.5695395     -0.66943043       1.3961838    
   1.9266051     -0.17312977       2.2930806    
  0.87417555      -1.3932368       2.5089257    
   2.8510392     -0.11032055      0.92704135    
   1.7547665      -2.2413325      0.94721848    
   2.7293642      -1.1988387      0.33668604    
   1.6299161     -0.36135015       2.4925489    
   2.0289781     -0.99620092       1.9725190    
  0.81842083      -2.5934606       1.2665503    
   2.6593719      0.46871263       1.3069237    
   2.0787818      -2.0555844      0.67322940    
   2.8911014      0.27058080      0.75386941    
   1.1303998      0.28607252       2.7641199    
   1.7375581      0.20010503       2.4373858    
   2.3334765     -0.86876637       1.6733596    
  0.70663285     -0.21625358       2.9075599    
   1.7292951      0.56377822       2.3857269    
  0.90760523     -0.99781096       2.6796689    
   2.1764202     -0.56268191       1.9866012    
   2.8664186     -0.46356213      0.75415814    
  0.68660766      -2.7325079       1.0305194    
   1.9467808      0.69985008       2.1726146    
   2.0149021      -2.1967034      0.33861959    
   1.3214403     -0.32103622       2.6740851    
   2.2290413      0.62159181       1.9091878    
  0.40025249      -1.4813565       2.5778637    
  0.64252716      -2.4290760       1.6391306    
   2.5450699     -0.24484113       1.5692903    
   2.7868536      0.26950124       1.0774120    
  0.77299953     -0.62345421       2.8308613    
   2.7636640      0.59195292       1.0058591    
   1.1617846     -2.12869905E-02   2.7658277    
   1.0010425     -0.30165970       2.8119237    
   1.3979050      -2.3643699       1.2064896    
  0.27477708      -1.0681448       2.7899039    
   1.0169257      -2.6931598      0.84424639    
   1.7130835      -2.4417233      0.32145375    
   1.4330783      -2.5385587      0.70852429    
  0.40345591     -0.25862765       2.9614751    
  0.98242366      -1.6712551       2.2894869    
   2.3085868      -1.8823532      0.35661441    
   2.9365869     -0.52004421      0.32559356    
   2.8141325     -0.89836866      0.52306056    
   2.5527961      -1.5315913      0.37075555    
  0.91661942      -2.2541752       1.7545663    
  0.26864168      -2.9782014      0.24113910    
  0.60792589      -2.9217174      0.30658367    
  0.34687057      -1.9011422       2.2946327    
   1.4155229      -2.6295602      0.28584537    
  0.32149404      -2.2292554       1.9816816    
   2.8789432      0.80426323      0.25464931    
  0.24079035      -2.5029442       1.6362427    
   2.7314985       1.2152121      0.24935135    
   3.2098482      -1.7674557       1.6040496    
   3.6581957     -0.12884244       1.6127629    
   1.9402053      -3.1041076       1.6124886    
   3.7214479      0.68481141       1.2968649    
   1.2676599      -3.5652742       1.2968649    
   3.1911640     -0.17302836       2.4055214    
   1.7454284      -2.6771154       2.4055214    
   2.6213050     -7.79197961E-02   3.0203788    
   1.3780501      -2.2312081       3.0203788    
   3.4255579      -1.9777467      0.59503883    
   3.1157374      0.97203487       2.3124290    
  0.71606052      -3.1843257       2.3124290    
   3.7559872      -1.0761520      0.85700488    
   2.8582432      -2.6706407      0.83553779    
   1.8001369     -7.46386349E-02   3.5712655    
  0.96424109      -1.5219405       3.5712655    
   3.9081333     -0.24910849      0.81513166    
   2.1698010      -3.2599883      0.81513166    
   2.4135413      -2.4900315       1.9936302    
   3.3461878     -0.94889146       1.9755080    
   3.9472640      0.39023444      0.51655036    
   1.6356790      -3.6135480      0.51655036    
   1.4520609     -5.86179607E-02   3.7266719    
  0.77711892      -1.2306496       3.7258003    
   3.5170331       1.4354715       1.2529563    
  0.51536173      -3.7635758       1.2529563    
   3.9152429      0.72106379      0.38850990    
   1.3331618      -3.7512317      0.38850990    
   3.6513267       1.3576953      0.90800750    
  0.64986461      -3.8409894      0.90800750    
   1.3108982     -0.77902246       3.6979277    
   3.6113911       1.6037014      0.62128627    
  0.41684937      -3.9294071      0.62128627    
  0.69877124     -0.40622905       3.9174860    
   2.6943405     -0.69015801       2.8747542    
   1.9448593      -1.9882934       2.8747542    
   3.1479473     -0.90381217       2.2964215    
   2.3386333      -2.2998059       2.2894731    
   3.0587945      0.74125522       2.4686670    
  0.88744885      -3.0196221       2.4686670    
   2.3605795     -0.63164413       3.1668108    
   1.7272755      -1.7285340       3.1668108    
   3.8295712     -0.47075617       1.0548804    
   2.3224723      -3.0811279       1.0548804    
   3.6039994      0.39914671       1.6887482    
   1.4563284      -3.3207283       1.6887482    
   2.2411377      -1.2939405       3.0500853    
   3.0104675      -2.1915202       1.4609325    
   3.4247594      -1.6755438       1.2097833    
   3.6369686     -0.94477683       1.3710784    
   2.6377060      -2.1674967       2.0843379    
   3.1275115      -1.3221692       2.1143653    
   2.9548886      -1.7525839       2.0486784    
   3.3554158     -0.49901292       2.1194742    
   2.1046360      -2.6624746       2.1170111    
   3.5401907      0.84325445       1.6601123    
   1.0398154      -3.4875221       1.6601123    
   3.1963305      0.30250812       2.3857827    
   1.3361844      -2.9193580       2.3857827    
   2.0567765     -0.36661708       3.4110501    
   1.3456423      -1.5981191       3.4110501    
   3.3516705      -1.9733030      0.93401289    
   2.5259271      0.61962962       3.0390379    
  0.72623581      -2.4973645       3.0390379    
   1.7217406      -2.9879913       2.0267010    
   3.4482651      1.49413641E-03   2.0271816    
   3.8864362      0.19421248      0.92622608    
   1.7750251      -3.4628587      0.92622608    
   2.0332942      -3.2246318       1.2113897    
   3.8092601     -0.14856862       1.2113897    
   2.3050020      -2.7984798       1.6898155    
   3.5508261     -0.61819905       1.7347807    
   3.4061456      -1.3272834       1.6237273    
   2.9452815      6.53756857E-02   2.7057426    
   1.4159923      -2.5833938       2.7057426    
   3.5986717      -1.5932134      0.71500617    
   3.1737719      -2.3411593      0.66794109    
   2.5187290      -3.0091484      0.77526146    
   3.8653467     -0.67674756      0.77531105    
   1.6635994     -0.50962228       3.6017666    
   1.2435019      -1.2173964       3.6016176    
   1.7581886      0.53926152       3.5521781    
  0.41161993      -1.7923725       3.5521781    
  0.59255069      -3.5776796       1.6879255    
   3.3946369       1.2756753       1.6879255    
   2.8678184       1.1372826       2.5460176    
  0.44898003      -3.0522468       2.5460176    
   3.3554256      -2.1526301      0.32756916    
   3.5443070      -1.8251824      0.32649252    
   1.1673709      -1.9238647       3.3069608    
   2.2497962     -4.92739193E-02   3.3069608    
   3.8536899      0.63886100      0.86077321    
   1.3735751      -3.6568239      0.86077321    
   3.9869123      0.10283409      0.30652159    
   1.9043992      -3.5041845      0.30652159    
   2.2436447      -3.2830403      0.43324867    
   3.9650187     -0.30153316      0.43324867    
   1.0389777     -0.93936259       3.7467484    
   1.3259914     -0.44308162       3.7477226    
   1.6698442      -3.3899674       1.3113890    
   3.7707200      0.24885623       1.3113890    
   1.4257787      0.38288999       3.7176001    
  0.38119170      -1.4275147       3.7171085    
   3.5057180       1.6693916      0.96076679    
  0.30712342      -3.8707366      0.96076679    
   3.7103109       1.0346328       1.0784841    
  0.95913720      -3.7305400       1.0784841    
   3.9577272      6.24012901E-03  0.57996321    
   1.9734595      -3.4306123      0.57996321    
   2.7280715      -1.1293575       2.6985512    
   2.3871834      -1.8108619       2.6499310    
   2.4810615      -1.0207011       2.9669013    
   2.1244686      -1.6383315       2.9669013    
   2.1738851      0.70321470       3.2832472    
  0.47774848      -2.2342882       3.2832472    
  0.78217667      -2.7751822       2.7724652    
   2.7944796      0.71015507       2.7724652    
  0.94782740      -2.2143068       3.1935041    
   2.3915830      0.28611529       3.1935041    
   2.2096198     -0.96764863       3.1908050    
   1.9427798      -1.4298148       3.1908050    
  0.92052692      -3.8424497      0.62306577    
   3.7879224       1.1240251      0.62306577    
   1.9184090      -1.1390247       3.3199894    
   2.6202297     -0.43447757       2.9909239    
   1.6863674      -2.0519598       2.9909239    
   3.5960805       1.0668135       1.3892854    
  0.87415266      -3.6477039       1.3892854    
   2.4804304      -1.4198307       2.7984900    
   1.7576973      -2.3222876       2.7418025    
   2.8900073     -0.36107722       2.7418025    
   2.6587579      -1.8590043       2.3398952    
   2.9592800      -1.1499228       2.4331748    
   3.1134741     -0.53994733       2.4524958    
   2.0243433      -2.4263756       2.4524958    
   1.9766119     -0.78949165       3.3866959    
   1.6283965      -1.3707013       3.3866653    
   1.3539674      -3.1641605       2.0383477    
   3.4172270      0.40950948       2.0383477    
   3.7589595     -0.75958973       1.1372104    
   2.5705376      -2.7991436       1.2478510    
   2.9309881     -0.81823564       2.5961125    
   2.1604230      -2.1566031       2.5848861    
  0.80247134      -1.8628191       3.4475999    
   2.0145321      0.23604178       3.4475999    
   2.9519639      0.41567466       2.6670439    
   1.1159668      -2.7643254       2.6670439    
   1.6854255      0.19513950       3.6223283    
  0.67287862      -1.5575535       3.6223283    
   3.9312947     -0.65396911      0.34241211    
   2.5320449      -3.0775785      0.34242973    
   2.3956628     -0.31697336       3.1875269    
   1.4722247      -1.9163055       3.1875269    
   2.2445023      -3.0158875       1.3662473    
   3.7225988     -0.49425000       1.3776700    
   3.2847283      0.67527437       2.1804965    
   1.0575583      -3.1822956       2.1804965    
  0.80874807      -3.3555527       2.0214334    
   3.3103681      0.97737944       2.0214334    
   3.7840600      -1.2337441      0.39845365    
   2.9539061      -2.6682348      0.39365205    
  0.64118856      -3.9383969      0.27911890    
   3.7313459       1.4139129      0.27911890    
   3.1167235       1.3333627       2.1232469    
  0.40363336      -3.3658435       2.1232469    
   1.1466721      -3.3157868       1.9211198    
   3.4448917      0.66484571       1.9211198    
   1.0709537     -0.20611399       3.8484509    
  0.71047682     -0.82872373       3.8481736    
   2.7803605      -1.5087891       2.4480915    
  0.35247180      -2.6828475       2.9458601    
   2.4996729       1.0361193       2.9458601    
   2.7151690      -2.8978665      0.47982049    
   3.8646491     -0.91098261      0.48435384    
  0.99651098      -3.8652391      0.25863597    
   3.8456507       1.0696157      0.25863597    
   1.0543947      -2.5283358       2.9147503    
   2.7168117      0.35094854       2.9147503    
   2.4484012      -2.0563676       2.4034734    
   3.8200293      0.44328097       1.1003994    
   1.5261220      -3.5298829       1.1003994    
   2.6937404      -2.4480984       1.6584865    
   3.4803996     -0.96246123       1.7206066    
  0.29651502      -3.9802349      0.26421484    
   3.5952420       1.7333279      0.26421484    
  0.37539855      -1.0527902       3.8406651    
   1.0989885      0.19954534       3.8408861    
   1.0310675     -0.60187048       3.8176763    
  0.40752888     -0.23828413       3.9720449    
   3.1837606      -1.5484933       1.8616757    
   1.6500733     -0.98303080       3.5086904    
   3.5185008     -0.31289548       1.8767655    
   2.0272739      -2.8936265       1.8753896    
   3.1651106      -2.4265029      0.30685273    
   3.6851387      -1.5255563      0.30402514    
   2.9043143      -2.0832365       1.7958521    
  0.79145455     -2.50758091E-03   3.9209175    
  0.39536902     -0.68597198       3.9208577    
   3.2176208       1.5711871       1.7827753    
  0.24812174      -3.5721350       1.7827753    
   3.0962875      -2.2908757       1.0793017    
   3.2351866      -1.9778205       1.2734969    
   2.8624549      -2.4937305       1.2600235    
   3.3320482       1.6082664       1.5201757    
  0.27322423      -3.6897717       1.5201757    
   3.5890768      -1.3317615       1.1597149    
   3.1204774      -1.8016084      -1.7369019    
   3.7220945     -0.12590431      -1.4595068    
   1.9700836      -3.1604762      -1.4595068    
   3.6859732      0.75148809      -1.3597307    
   1.1921788      -3.5678904      -1.3597307    
   3.7767069       1.1183969     -0.69690305    
  0.91979331      -3.8299224     -0.69690305    
   3.3102546     -0.56808853      -2.1724386    
   2.1471124      -2.5827153      -2.1724386    
   2.8898757     -0.19470935      -2.7587512    
   1.6136421      -2.4052966      -2.7587512    
   3.8258023     -0.86718881     -0.78180569    
   1.9742484     -2.62358431E-02  -3.4787433    
  0.99890500      -1.7242457      -3.4683087    
   3.9466846      1.57950539E-02 -0.65071577    
   1.9596634      -3.4258268     -0.65071577    
   2.7079673      -2.5170341      -1.5269096    
   3.5337989      -1.0866514      -1.5269096    
   3.4384496      -1.9175513     -0.70714980    
   2.6182675      -1.5116516      -2.6190808    
   3.9473825      0.38518625     -0.51942605    
   1.6401101      -3.6111267     -0.51942605    
   3.5249949       1.3279237      -1.3457452    
  0.61248177      -3.7166970      -1.3457452    
   3.9031508      0.77432364     -0.40723044    
   1.2809914      -3.7673895     -0.40723044    
   3.6376071       1.3805618     -0.92836654    
  0.62320191      -3.8405409     -0.92836654    
   3.6120162       1.5943557     -0.64138079    
  0.42525548      -3.9252756     -0.64138079    
   2.0092304      -1.1569488      -3.2595189    
   1.2157803     -0.21590777      -3.8046370    
   1.5468750     -0.79780716      -3.6014833    
   1.2282454     -0.65793294      -3.7494717    
   2.7675095     -0.84050119      -2.7630508    
   2.1351528      -1.9669291      -2.7517836    
   3.2624712      -1.8835887      -1.3447585    
   2.4958611     -0.76307350      -3.0312369    
   3.3467798      -1.2042516      -1.8299844    
   2.7166440      -2.2962375      -1.8295187    
   3.5875201      0.24946971      -1.7514178    
   1.5777161      -3.2316167      -1.7514178    
   2.3393145      -2.0299580      -2.5311813    
   2.9276609      -1.0109018      -2.5311813    
   3.5207448      -1.4356669      -1.2422626    
   3.0108991      -2.3285296      -1.2298114    
   3.6830819      -1.2949704     -0.87060857    
   3.0040178      -2.5329823     -0.74825013    
   3.8921535      0.25241444     -0.88737094    
   1.7274795      -3.4969110     -0.88737094    
   3.8078384     -0.52047223      -1.1088170    
   2.3368251      -3.0520833      -1.1063620    
   3.6624312     -0.63580877      -1.4772763    
   2.3818421      -2.8538539      -1.4772763    
   3.0845790      -2.5253780     -0.32838708    
   3.5194931      0.82545173      -1.7122493    
   1.0449306      -3.4606776      -1.7122589    
   3.1407311     -0.20048276      -2.4689298    
   1.7440221      -2.6196895      -2.4689298    
   2.9633458      -2.1493609      -1.6120886    
   3.3426976      -1.4903361      -1.6140852    
   2.3349369     -5.46361431E-02  -3.2473197    
   1.2505580      -1.9508077      -3.2604377    
   2.0109413      -3.2971780      -1.0415045    
   3.8609107     -9.29372534E-02  -1.0415045    
   2.1149626      -2.8786423      -1.8000976    
   3.5504587     -0.39229026      -1.8000976    
   3.4508729     -0.83916914      -1.8404542    
   2.4522371      -2.5689585      -1.8403767    
   3.5624118       1.0246032      -1.5031333    
  0.89387351      -3.5974407      -1.5031333    
   2.8283057      -2.8051128     -0.36335924    
   3.8119280      -1.1416986     -0.40709746    
   2.9120703      -1.6812835      -2.1663637    
   2.2814355      -3.2091899     -0.70438117    
   3.9122996     -0.40827742     -0.72609937    
   2.7002325      -2.7156613      -1.1549580    
   3.6961002     -0.99746215      -1.1592720    
   1.1162593      -1.3311676      -3.6030483    
   3.7794669      0.31749019      -1.2707598    
   1.6147789      -3.4318595      -1.2707598    
   3.9864028      0.14556980     -0.29564029    
   1.8671342      -3.5251110     -0.29564029    
   1.5045406      0.47057933      -3.6762633    
   2.2578027      -1.4098333      -2.9857490    
   3.8407662      0.67802685     -0.88814157    
   1.3331946      -3.6652145     -0.88814157    
   3.6878004       1.0712858      -1.1191400    
  0.91613948      -3.7293718      -1.1191400    
  0.63455993      -3.5422857      -1.7462950    
   3.3849614       1.2217052      -1.7462742    
   3.4815485      -1.9480853     -0.28945476    
   3.3609550       1.5772796      -1.4886806    
  0.31454134      -3.6993077      -1.4886860    
   2.1720200      -3.3438182     -0.31813481    
   3.9771237     -0.23903188     -0.35404918    
   1.4382429     -0.38940331      -3.7121184    
   1.1776314      -1.0420480      -3.6779506    
   3.4895480       1.6416267      -1.0621285    
  0.32308355      -3.8428504      -1.0621285    
   2.7774892      0.27763534      -2.8650432    
   1.1534054      -2.5403690      -2.8663883    
   3.2736750      -2.2440593     -0.49724177    
   2.4412484     -0.39870453      -3.1434600    
   2.2839768      0.55926883      -3.2358413    
  0.66584015      -2.2554772      -3.2356575    
   1.8492646      -2.0492041      -2.8949926    
   2.7223828     -0.49700215      -2.8881865    
   1.0184768      -2.2967470      -3.1125002    
   2.5001435      0.28519815      -3.1093318    
   2.1921303      0.21758728      -3.3387454    
  0.91398221      -2.0093193      -3.3357568    
   2.3333924      0.97356451      -3.0995891    
  0.32626247      -2.5068760      -3.0998590    
  0.33407867      -2.1209354      -3.3749111    
   2.0038316      0.77697647      -3.3735688    
   2.2661288     -0.64024782      -3.2333794    
   1.6164923      -1.8547240      -3.1538787    
   2.6105227       1.1132627      -2.8188326    
  0.34150589      -2.8172865      -2.8189130    
   3.4714386      0.58712912      -1.8985240    
   1.2273276      -3.2998805      -1.8985406    
   3.6370418      -1.5886823     -0.49801096    
   3.9276657     -0.65540755     -0.37931833    
   3.3603840     -0.11711818      -2.1665878    
   1.7816328      -2.8516104      -2.1665878    
   2.6132140      -1.8638144      -2.3869033    
   2.9206994      -1.3311383      -2.3869617    
   2.6454313      -1.1263092      -2.7808490    
   2.3613210      -1.7458208      -2.7159295    
   2.6200399     -0.11828338      -3.0201657    
   1.4359694      -2.1845202      -3.0275178    
   1.3535293      -1.6322118      -3.3917315    
   2.1339080     -0.38394454      -3.3614020    
   1.9796236     -0.79515666      -3.3836100    
  0.64317912      -1.8410025      -3.4924247    
   3.5261343     -8.11266992E-03  -1.8884683    
   1.7700992      -3.0496616      -1.8884683    
   1.7717224     -0.39353052      -3.5645664    
   1.8778778      0.35773954      -3.5136302    
   2.2860186     -0.97652358      -3.1337709    
   1.7991592      -1.4725941      -3.2549183    
   1.2997342      -2.8710613      -2.4632697    
   3.1362758      0.30996239      -2.4632697    
   2.0687926      -2.2837534      -2.5504053    
   3.0121922     -0.64971620      -2.5504053    
   3.4850273      -1.7168850     -0.95230842    
   3.2726953      -2.1052182     -0.92602497    
  0.88021827      -2.8807163      -2.6318605    
   2.9347260      0.68007857      -2.6315160    
   3.1521311      -1.4426357      -1.9957134    
   2.8257380      -2.0084660      -1.9953121    
   1.5838045      1.27762491E-02  -3.6730642    
   1.0727017      -3.1171246      -2.2655783    
   3.2358229      0.63011557      -2.2654810    
   1.3537947      -3.3879561      -1.6398152    
   3.6109533      0.52155745      -1.6398152    
  0.37795815      -1.5434589      -3.6708150    
  0.76592004      -3.9159844     -0.28005868    
   3.7743020       1.2946860     -0.28005868    
   1.1285857      0.21931465      -3.8312132    
  0.28156859      -1.8038657      -3.5590432    
   3.1867259      -1.0136069      -2.1948528    
   2.4712970      -2.2529786      -2.1947157    
   1.7233578      0.67743415      -3.5455778    
   3.7390230      -1.4029737     -0.22665608    
  0.88530833      -1.2109187      -3.7080865    
  0.32354170      -3.9778447     -0.26846373    
   3.6066854       1.7087270     -0.26846373    
  0.40573993      -3.0644078      -2.5386569    
   2.8565881       1.1813865      -2.5385487    
   2.6261811      -2.9260185     -0.73592734    
   2.9783688      0.19089939      -2.6632457    
   1.3239772      -2.6747217      -2.6632590    
   2.5034065      -3.0995479     -0.35462528    
   1.4477261      -3.0839119      -2.0960858    
   3.3946080      0.28820872      -2.0960848    
   1.4385649      -1.2328519      -3.5228691    
   2.0174868      -1.7669277      -2.9677792    
  0.42405981      -3.3554003      -2.1357579    
   3.1178172       1.3107120      -2.1357086    
   1.7412691      -1.1060281      -3.4270518    
   2.5989740      0.65830910      -2.9684951    
  0.73547155      -2.5772364      -2.9693322    
  0.40822008     -0.71371120      -3.9145846    
  0.89026803     -0.22335200      -3.8932681    
  0.78254426      -1.4547225      -3.6429942    
  0.79580611     -0.88852030      -3.8180132    
  0.50540727      -1.2353935      -3.7707250    
  0.34897089      -1.0241673      -3.8508830    
  0.74305755      -3.1597326      -2.3375106    
   3.1078146      0.93710262      -2.3373761    
  0.99355900     -0.50410360      -3.8417079    
  0.86967212      -3.3272419      -2.0428245    
   3.3162622      0.91077656      -2.0427656    
  0.70835239     -0.46496928      -3.9092250    
  0.27663216      -3.5595655      -1.8035986    
   3.2209613       1.5402912      -1.8035830    
  0.52974004     -0.25452390      -3.9565885    
  0.77801424      8.52075517E-02  -3.9226818    
   2.2614393     -0.36189097      -1.9377633    
   1.7263827      -1.7031286      -1.7660565    
  0.74297333      -2.4538026      -1.5578328    
   1.6142482     -6.15702868E-02  -2.5279264    
   2.8640907      0.23032638     -0.86251634    
   1.0444057      -2.6300652     -0.99597877    
   2.8403723      0.68949682     -0.67592883    
  0.86770952      -2.8013294     -0.63216615    
   1.4668313     -0.50671685      -2.5674198    
   1.9608964      -2.0646579     -0.94449604    
   1.9749753     -0.97861534      -2.0351374    
  0.68889576      -1.7247925      -2.3559527    
   1.5389328      -2.5233171     -0.51435083    
   2.9669182     -0.30636433     -0.32177162    
  0.40556002      -2.6101663      -1.4221649    
   1.7926040      0.65658379      -2.3141885    
  0.43813592      -2.3425360      -1.8222409    
   1.2002388      -2.7263708     -0.35542777    
   2.9642427      0.24096066     -0.39395830    
   2.5881863      6.44792393E-02  -1.5156300    
   2.6273723       1.0249532      -1.0229297    
  0.51711369      -2.7796180      -1.0031534    
   1.1740159      -2.4022434      -1.3604829    
   2.7065561       1.1600717     -0.57340050    
  0.37682322      -2.9223537     -0.56378442    
   2.3805695      -1.2531765      -1.3275685    
   2.2090840      -1.6294225      -1.2103430    
   1.5188384      -1.4960723      -2.1106629    
   2.2375484     -0.97665733      -1.7434213    
   1.0853503      -2.0210590      -1.9332188    
   1.0657504      -1.7662934      -2.1781607    
   2.4428289     -0.55554849      -1.6504402    
   2.7689271      -1.1021053     -0.34410307    
   1.4810661      -1.1510618      -2.3412604    
   1.9813845     -0.33130383      -2.2280829    
   2.8330698     -0.16841534     -0.97229195    
   2.6604886     -0.26193368      -1.3613195    
   2.0839846      -2.1150084     -0.42865875    
   2.5314262      -1.4597431     -0.67899311    
   1.8800758      -1.9012315      -1.3603799    
   1.7557529     -0.77196521      -2.3068163    
   2.8837152     -0.47332248     -0.67834586    
   1.4081447      -2.4782538     -0.93562108    
   1.4042395      -2.0943305      -1.6253893    
   1.9014014      -1.3040708      -1.9193937    
   2.4243245      0.22004972      -1.7533480    
   1.6229498      -2.2365410      -1.1678692    
   2.9264886     -0.10125025     -0.65223622    
   2.5799017      0.37323040      -1.4848590    
   2.1217294     -0.66503268      -2.0139503    
   2.7356780      0.55655396      -1.0983230    
   2.2679505      -1.7830033     -0.82298237    
   2.2310960     -9.72054526E-03  -2.0055213    
  0.91961509      -2.2542822      -1.7528605    
   2.4460478     -0.13464503      -1.7316817    
   1.2588358      -2.6227384     -0.73251325    
   1.3106083     -0.91801506      -2.5376277    
  0.70539051      -1.3125130      -2.6037922    
   1.0972122      -1.3980023      -2.4169641    
   2.7317686      0.14134349      -1.2318534    
   1.7415277     -0.40269610      -2.4093397    
   1.0094901      -1.0641984      -2.6169469    
  0.78451800      -2.6010838      -1.2723577    
  0.76428568      -2.0496714      -2.0529768    
   2.7933950     -0.87525529     -0.65640879    
   1.3655502      -1.8419435      -1.9345586    
   1.1008844     -0.69114470      -2.7037702    
   2.6206815      -1.0986767     -0.96173698    
  0.34725013      -1.5330747      -2.5552101    
   2.6760430      -1.2074083     -0.61721885    
   2.5392714     -0.85196865      -1.3513885    
   2.2450826      0.91392642      -1.7675809    
   2.0688927      -1.4809018      -1.5895324    
   2.3913667      -1.7704600     -0.38319233    
   1.7477244      -1.1520454      -2.1490116    
   2.6134915      -1.4335411     -0.33855894    
   2.4228990      -1.4565622      -1.0039856    
   2.7398193     -0.61952168      -1.0533676    
   2.5268612      0.77433515      -1.4196399    
   2.8961928     -0.70706791     -0.33484745    
   1.9686118      0.23384589      -2.2516403    
  0.32146257      -1.9739921      -2.2360718    
  0.81266111     -0.48331898      -2.8471012    
   2.6121356     -0.57579625      -1.3583835    
   1.8027811      -2.3740582     -0.33738354    
   1.7536170      -2.3234389     -0.72557455    
   2.0908830      -1.8560971      -1.0877093    
   2.3705094      0.54309022      -1.7566268    
   1.5266321      0.43971452      -2.5448074    
   1.1949265     -0.26961759      -2.7385137    
  0.74942786     -0.92308152      -2.7543199    
   2.1046922      0.58793378      -2.0553844    
   2.4109595       1.0784591      -1.4227440    
  0.36538616      -1.1225034      -2.7579846    
  0.41678530     -0.24967217      -2.9603975    
   1.9790751      0.86360085      -2.0826559    
   2.2388480      0.31642172      -1.9716586    
  0.83910537     -6.53840555E-03  -2.8802533    
  0.41520426     -0.74171418      -2.8770585    
   1.2153925      0.21694002      -2.7341833    
   2.7168808       1.2480924     -0.24662547    
   2.8797221      0.79603475     -0.27116317    
  0.67359400      -2.9078441     -0.30118755    
  0.30916378      -2.9735763     -0.24952431    
   2.6500401       1.5300014      -1.9816542    
   1.7158905      0.99066985       3.0596900    
   1.6877512      0.97442359      -3.0361962    
   2.6295762       1.5181866       1.9490381    
   3.0917537       1.7850249      0.53595704    
  0.38389331      0.22164090       3.3781183    
   3.0917537       1.7850249     -0.53595704    
  0.43526855      0.25130242      -3.6076062    
   3.0288906       1.7487308      0.95453966    
  0.78273374      0.45191151      -3.4270127    
   3.0288906       1.7487308     -0.95453966    
  0.78855151      0.45527044       3.4164395    
   1.9935809       1.1509944      -2.8004003    
   2.4252434       1.4002149       2.3020208    
   2.3043940       1.3304425      -1.9723117    
   1.7079433      0.98608154       2.6607375    
   2.5711918       1.4844782      -1.5693526    
   2.5013876       1.4441768       1.5962462    
   1.3934673      0.80451876      -2.8829665    
   1.4007612      0.80872989       2.8879080    
   2.8513577       1.6462321      0.26593226    
   2.8962405       1.6721452     -0.19704495    
   2.2757847       1.3139249      -2.6250942    
   2.2733858       1.3125398       2.6278360    
   1.1584642      0.66883963       3.4380038    
   1.1564505      0.66767704      -3.4436791    
   2.9329929       1.6933643      -1.3669223    
   3.0043211       1.7345456       1.3242259    
   2.7171321       1.5687370       1.1872439    
   2.6970286       1.5571302      -1.1121368    
   1.1001254      0.63515770      -3.1017728    
   1.1040372      0.63741612       3.0980704    
   1.4200301      0.81985480       3.2669926    
   1.4131371      0.81587505      -3.2638164    
   2.8361719       1.6374646       1.6139501    
   2.8637679       1.6533971      -1.7089751    
   3.2152743       1.8563395     -0.19613619    
   3.1606421       1.8247975      0.13780366    
   2.0531316       1.1853760       2.3765950    
   2.0582080       1.1883069      -2.3707724    
   2.4442122       1.4111665      -2.3295827    
   2.0174060       1.1647499       2.8222511    
   2.7912438       1.6115253      0.69054317    
   2.7929668       1.6125201     -0.69056362    
   2.2962713       1.3257530       1.9566963    
   1.6944801      0.97830850      -2.6514328    
  0.57937545      0.33450258       3.1594431    
  0.56369233      0.32544792       3.6713090    
  0.38661829      0.22321418      -3.2304270    
  -2.6500401       1.5300014      -1.9816542    
  -1.7158905      0.99066985       3.0596900    
  -1.6877512      0.97442359      -3.0361962    
  -2.6295762       1.5181866       1.9490381    
  -3.0917537       1.7850249      0.53595704    
 -0.38389331      0.22164090       3.3781183    
 -0.43526855      0.25130242      -3.6076062    
  -3.0917537       1.7850249     -0.53595704    
  -3.0288906       1.7487308      0.95453966    
 -0.78273374      0.45191151      -3.4270127    
  -3.0288906       1.7487308     -0.95453966    
 -0.79716516      0.46024349       3.4945374    
  -1.9935809       1.1509944      -2.8004003    
  -2.4252434       1.4002149       2.3020208    
  -2.3043940       1.3304425      -1.9723117    
  -1.7079433      0.98608154       2.6607375    
  -2.5711918       1.4844782      -1.5693526    
  -2.5013876       1.4441768       1.5962462    
  -1.3934673      0.80451876      -2.8829665    
  -1.4007612      0.80872989       2.8879080    
  -2.8513577       1.6462321      0.26593226    
  -2.8962405       1.6721452     -0.19704495    
  -2.2757847       1.3139249      -2.6250942    
  -2.2733858       1.3125398       2.6278360    
  -1.1584642      0.66883963       3.4380038    
  -1.1564505      0.66767704      -3.4436791    
  -2.9329929       1.6933643      -1.3669223    
  -3.0043211       1.7345456       1.3242259    
  -2.7171321       1.5687370       1.1872439    
  -2.6970286       1.5571302      -1.1121368    
  -1.1001254      0.63515770      -3.1017728    
  -1.0359142      0.59808534       3.1233730    
  -1.4200301      0.81985480       3.2669926    
  -1.4131371      0.81587505      -3.2638164    
  -2.8361719       1.6374646       1.6139501    
  -2.8637679       1.6533971      -1.7089751    
  -3.2152743       1.8563395     -0.19613619    
  -3.1606421       1.8247975      0.13780366    
  -2.0531316       1.1853760       2.3765950    
  -2.0582080       1.1883069      -2.3707724    
  -2.0174060       1.1647499       2.8222511    
  -2.4442122       1.4111665      -2.3295827    
  -2.7912438       1.6115253      0.69054317    
  -2.7929668       1.6125201     -0.69056362    
  -2.2962713       1.3257530       1.9566963    
  -1.6944801      0.97830850      -2.6514328    
 -0.66373599      0.38320816       3.1687944    
 -0.56369233      0.32544792       3.6713090    
 -0.38661829      0.22321418      -3.2304270    
  -2.3068128     -3.28013636E-02   1.9176910    
  -1.8265591      -1.8270220       1.5250156    
 -0.95358539      -2.6684549      0.98489761    
  -2.7906585      0.25109136       1.0719973    
 -0.85735488      -2.7994654      0.65416837    
  -2.8831477      0.55427748      0.61663276    
  -1.1641878      0.32901120       2.7452538    
 -0.48035285      -1.4207693       2.5982063    
  -1.5841931     -0.35103816       2.5233121    
  -1.9788606      -2.0745065      0.88347769    
  -1.8524147      -1.1093001       2.0827897    
  -1.7065426      -2.4097812      0.52977973    
 -0.71025580      -2.0767968       2.0451045    
  -1.1925200      -1.5167463       2.2972541    
 -0.95479560     -0.11228058       2.8417878    
  -2.0350506      0.73488241       2.0781040    
  -2.4802563      0.67828369       1.5453997    
 -0.43036819      -2.5873244       1.4562061    
 -0.39214438      -2.3387024       1.8375783    
  -1.2335929      -2.7078941      0.38152009    
  -2.9792438      0.16649885      0.31045812    
 -0.49824592      -2.7837493       1.0012442    
  -1.2135192      -2.3940003       1.3401994    
 -0.39440918      -1.7938285       2.3720498    
  -2.7253649       1.0725273      0.64966983    
 -0.37145308      -2.9223382      0.56741709    
  -2.3503597      -1.3611377       1.2740145    
  -2.3760300      -1.0837432       1.4764763    
  -1.2248803      -2.0742030       1.7881136    
  -2.1848874      -1.7704144       1.0449405    
  -2.0020354     -0.28616637       2.2158437    
  -1.4142113      -1.7004188       2.0269637    
  -1.4025328      -1.1160148       2.4057043    
  -2.1001763     -0.65287602       2.0403461    
  -2.4544611      -1.5285485      0.79947501    
  -1.7194815     -0.67973739       2.3624861    
  -1.5498978      -1.4197552       2.1405869    
  -2.4136536      0.33455205       1.7499574    
  -2.1011724      -2.1057231      0.38859323    
 -0.81822127     -0.60607529       2.8219118    
  -2.7939634     -0.15830028       1.0810689    
  -1.7889380      -1.5525887       1.8409696    
  -2.1891477      0.37913018       2.0159097    
  -2.8940156     -0.36098427      0.70311093    
  -2.0361323      8.68941545E-02   2.2015028    
  -1.5842645      -2.0888832       1.4583119    
  -1.8838452      -1.9930629       1.2160705    
  -1.6026827      -2.3137722       1.0382034    
  -2.6274328      0.47339275       1.3683918    
  -1.4017678     -0.63482976       2.5752742    
 -0.36225626      -2.0690334       2.1419318    
  -2.2960324      -1.8296509      0.61693794    
  -2.5831368      0.81263638       1.2911338    
  -1.7494507      6.91973791E-02   2.4361105    
 -0.97455418      -1.2883984       2.5278990    
  -2.2786088      0.80643415       1.7769655    
  -1.6470249      0.52539003       2.4517901    
  -2.4327438       1.0304068       1.4212739    
 -0.98300177      -1.8386970       2.1570585    
 -0.69682807      -1.0120822       2.7368083    
  -2.6095669      3.50830145E-02   1.4795033    
  -2.7252443      0.72102308       1.0262401    
  -1.2765905      -2.5795815      0.84621245    
 -0.64971000      -1.8636551       2.2593510    
 -0.80174595      -2.3775899       1.6444664    
 -0.81305784      -1.6256771       2.3866527    
  -1.3767273     -0.17595008       2.6596360    
  -1.3755500      0.52007884       2.6148384    
  -1.4921144      0.25862423       2.5897312    
  -1.9284759      0.46940914       2.2495859    
 -0.78963459      -2.5901763       1.2913032    
  -2.5831509       1.0780779       1.0793885    
  -2.9208515      1.59263443E-02  0.68437803    
 -0.58483744     -0.45082217       2.9077010    
  -2.7389817     -0.95810670      0.76158434    
 -0.39789271     -0.81142014       2.8606431    
  -1.1577746     -0.49140942       2.7236142    
  -2.8806064     -0.71048683      0.44420159    
  -2.5747306      -1.0059394       1.1656963    
  -2.7657025     -0.61442512      0.98659581    
  -2.6629570      -1.2309725      0.62718964    
  -2.0461135      -1.6423506       1.4546834    
  -1.5834692      -1.8667777       1.7342913    
  -2.1211445      -1.2917161       1.6829188    
  -2.6497710     -0.38431275       1.3531507    
  -2.3563297      -1.8391846      0.25516719    
 -0.32128891      -1.0960381       2.7740717    
  -2.5812366      -1.4834164      0.36972100    
  -2.5749214      -1.2272772      0.92928493    
 -0.65421367     -2.67552491E-02   2.9276764    
  -1.1085193     -0.88043660       2.6449983    
  -2.4137361     -0.45221046       1.7231898    
  -2.5245013     -0.76813275       1.4271878    
  -2.7589362      -1.1152687      0.38006207    
  -2.2614315     -0.91044289       1.7484338    
  -2.8487780      0.89457929      0.29015920    
  -2.9417036      0.53126127      0.25326231    
 -0.40418631     -0.19981183       2.9659245    
  -2.2242591     -0.36054340       1.9805756    
  -2.7252548       1.2238042      0.27439007    
  -2.9675596     -0.25488001      0.35864449    
 -0.74298292      -2.8948267      0.26068199    
 -0.30872923      -2.9734333      0.25175676    
  -3.1854782      -1.8391367       1.5717200    
  -1.9248238      -3.1225109       1.5952990    
  -3.6665857     -0.10569081       1.5952990    
  -2.3170853      -1.3377653       2.9734662    
  -1.3049760      -3.5600834       1.2739086    
  -3.7356107      0.64989936       1.2739086    
  -1.1636701      -2.1012957       3.1985042    
  -2.4016070      4.30673398E-02   3.1985042    
  -3.4388294      -1.9854090      0.48229018    
  -2.7909012      -2.6860900      0.99789357    
  -3.7216728      -1.0739464      0.99789357    
  -1.9937670      -3.3856182      0.74998808    
  -3.9289150     -3.38438153E-02  0.74998808    
  -3.3630259     -0.96980655       1.9363710    
  -2.5213900      -2.4275625       1.9363710    
  -1.0854478      -1.4867721       3.5512409    
  -1.8304402     -0.19538881       3.5512409    
  -1.7425063      -3.5675447      0.48610350    
  -3.9608376      0.27471763      0.48610350    
  -2.8947735      -1.6712983       2.1970546    
 -0.53732562      -3.7512078       1.2805157    
  -3.5173042       1.4102665       1.2805157    
 -0.72068292      -1.3598503       3.6920757    
  -1.5379387      5.76304458E-02   3.6920757    
  -1.3153636      -3.7598310      0.36536178    
  -3.9137909      0.74077719      0.36536178    
 -0.66060215      -3.8400831      0.90408337    
  -3.6559105       1.3479433      0.90408337    
 -0.43884203      -3.9303970      0.59949732    
  -3.6232448       1.5851501      0.59949732    
 -0.61501461     -0.97905880       3.8292558    
  -1.0889552     -0.11408170       3.8472278    
  -1.6893098     -0.97514135       3.4921815    
 -0.66575474     -0.30975801       3.9320250    
 -0.95816469     -0.64819098       3.8290689    
  -1.3459393     -0.77589422       3.6859782    
 -0.96171165      -2.8396096       2.6479669    
  -2.9400272      0.58695126       2.6479669    
  -1.6981953      -1.7681457       3.1606634    
  -2.3803625     -0.58658385       3.1606634    
  -2.3946066      -2.2193511       2.3109176    
  -3.1193182     -0.96411318       2.3109176    
  -2.6896436     -0.77914107       2.8563538    
  -2.0195875      -1.9397191       2.8563538    
  -1.4227232      -1.5079046       3.4208307    
  -2.0172889     -0.47797808       3.4208307    
  -1.4053396      -2.8892374       2.3827145    
  -3.2048228      0.22755958       2.3827145    
  -1.5700747      -3.2312522       1.7589414    
  -3.5833838      0.25590163       1.7589414    
  -2.4292521      -2.9477170       1.1873074    
  -3.7674239     -0.62993550       1.1873074    
  -3.5572133      -1.4421492       1.1253618    
  -3.0275445      -2.3595626       1.1253618    
  -3.3614616      -1.9407407      0.96648914    
  -3.4430759     -6.36411831E-02   2.0349886    
  -1.7766531      -2.9499705       2.0349886    
  -1.0575352      -3.4955301       1.6318361    
  -3.5559855      0.83191282       1.6318361    
  -3.1913171      -2.3072577      0.70146888    
  -3.5938022      -1.6101328      0.70146888    
  -3.5797000      -1.0097436       1.4717902    
  -2.6643136      -2.5952392       1.4717902    
  -2.1153834      -2.6017163       2.1808770    
  -3.3108444     -0.53111649       2.1808770    
  -3.5730128     -0.53599817       1.7164748    
  -2.2506945      -2.8263206       1.7164748    
  -1.7226712      -3.4737098      0.98272318    
  -3.8696563      0.24497789      0.98272318    
  -1.6437329      -2.4325693       2.7167532    
  -2.9285340     -0.20722085       2.7167532    
  -2.0648997      -3.2216759       1.1649011    
  -3.8225029     -0.17741768       1.1649011    
  -2.6341031      -1.5207993       2.5978203    
  -2.9328210      -2.1794817       1.6273968    
  -3.3538971      -1.4501567       1.6273968    
  -3.1369505      -1.3696057       2.0697153    
  -2.7545886      -2.0318761       2.0697153    
  -3.9028630     -0.40653005      0.77614021    
  -2.3034968      -3.1767135      0.77614021    
 -0.45869511      -1.7082916       3.5876648    
  -1.7085711      0.45765296       3.5876648    
  -3.0632930      -1.7685930       1.8677031    
  -1.3877354      -1.1788096       3.5615444    
  -1.7151614     -0.61124700       3.5615444    
  -3.4292533       1.1846795       1.6842672    
 -0.68866479      -3.5621603       1.6842672    
  -1.3631077      -3.6660087      0.83804423    
  -3.8564105      0.65251845      0.83804423    
  -3.7421641      0.24093872       1.3921771    
  -1.6624229      -3.3612785       1.3921771    
 -0.36726052      -1.3361890       3.7522950    
  -1.3347663      0.33330542       3.7559695    
  -1.4280810     -0.37893662       3.7171214    
  -1.0439880      -1.0455130       3.7171214    
 -0.30941504      -3.8704491      0.96119028    
  -3.5066147       1.6672633      0.96119028    
  -1.9949294      -1.1517258       3.2701352    
 -0.97673893      -3.7293174       1.0668520    
  -3.7180531       1.0187780       1.0668520    
 -0.40462396      -2.8464112       2.7810471    
  -2.6673701       1.0728066       2.7810471    
 -0.41596889      -2.1457369       3.3500423    
  -2.0661364      0.71294963       3.3500423    
  -2.6684790      0.28785089       2.9658661    
  -1.0849762      -2.4548860       2.9658661    
  -2.6012490      0.70344985       2.9561229    
 -0.69149101      -2.6044536       2.9561229    
  -1.3791088      -2.6222219       2.6873801    
  -2.9604650      0.11677305       2.6873801    
  -3.7879562       1.0912476      0.67865074    
 -0.94893003      -3.8260901      0.67865074    
  -2.6499038      -1.1527196       2.7657273    
  -2.3232427      -1.7185156       2.7657273    
 -0.77144653      -2.2976255       3.1821041    
  -2.3754737      0.48097584       3.1821041    
  -2.0287755      -1.5497772       3.0793281    
  -2.3565459     -0.98205411       3.0793281    
  -1.4676105      -2.0249212       3.1218286    
  -2.4874418     -0.25849617       3.1218286    
 -0.90520090      -3.6419847       1.3843986    
  -3.6066515       1.0370653       1.3843986    
  -2.7151985     -0.42848736       2.9058726    
  -1.7286890      -2.1371801       2.9058726    
  -3.4012399      0.35509253       2.0749645    
  -1.3931012      -3.1231060       2.0749645    
  -3.2374277      -2.3319774      0.28450641    
  -3.6382654      -1.6377059      0.28450641    
  -2.9985614     -0.55835432       2.5878313    
  -1.9828346      -2.3176489       2.5878313    
  -1.0085106      -3.1565351       2.2403555    
  -3.2378941      0.70487577       2.2403555    
  -2.5530307      -1.8832792       2.4362457    
  -2.9074843      -1.2693471       2.4362457    
  -2.1866963     -0.22168723       3.3420374    
  -1.2856647      -1.7826531       3.3420374    
  -1.7232422      -1.3697681       3.3397861    
  -2.0479650     -0.80725902       3.3397861    
  -3.7622216      -1.2354751      0.56505710    
  -2.9510636      -2.6404419      0.56505710    
  -2.0611098      0.19919965       3.4223013    
 -0.85868376      -1.8842815       3.4223013    
  -1.7299621      -2.6563199       2.4395072    
  -3.1654217     -0.17002723       2.4395072    
  -2.1702724      -3.3398004      0.36830902    
  -3.9774880     -0.20961095      0.36830902    
  -2.1683393      -3.0388641       1.4365269    
  -3.7159033     -0.35840490       1.4365269    
 -0.84347403      -3.3849952       1.9571302    
  -3.3532288      0.96202826       1.9571302    
  -3.6328852      0.52353305       1.5899867    
  -1.3630497      -3.4079375       1.5899867    
  -2.9952953      -2.5197260      0.82412726    
  -3.6797945      -1.3341389      0.82412726    
  -1.4307895      -2.3167424       2.9301102    
  -2.7217531     -8.07073116E-02   2.9301102    
 -0.48466083      -3.3579874       2.1187320    
  -3.1504319       1.2592676       2.1187320    
  -3.4805961      0.60636622       1.8755724    
  -1.2151700      -3.3174675       1.8755724    
  -3.9366374     -0.59803170      0.38110790    
  -2.4862294      -3.1102123      0.38110790    
  -2.8900864     -0.94991034       2.5971274    
  -2.2676947      -2.0279276       2.5971274    
  -3.3378322      -1.7637963       1.3220811    
  -3.1836276      -2.0266645       1.3255740    
  -3.8512144     -0.82243472      0.70124757    
  -2.6378567      -2.9240322      0.70124757    
 -0.67162097      -3.0672903       2.4780347    
  -2.9921591      0.95201296       2.4780347    
 -0.39632165     -0.21842350       3.9743202    
 -0.44628704     -0.68583715       3.9154124    
 -0.75014889      2.87546720E-02   3.9289248    
  -2.8532639       1.2703079       2.4990406    
 -0.32651854      -3.1061523       2.4990406    
 -0.30177033      -1.0447249       3.8493485    
  -1.0281147      0.25723445       3.8570468    
  -2.7578323      -2.8784099      0.33032951    
  -3.8716922     -0.94914788      0.33032951    
 -0.78936207      -1.6259228       3.5683725    
  -1.8026853      0.13055019       3.5683725    
 -0.38659927      -2.5122247       3.0885706    
  -2.3689046      0.92142451       3.0885706    
 -0.28859890      -3.6256862       1.6646652    
  -3.2842355       1.5629097       1.6646652    
  -3.7788384       1.2845054      0.26538000    
 -0.77700484      -3.9148228      0.26538000    
  -3.6094313       1.7046766      0.25706646    
 -0.32842237      -3.9781976      0.25706646    
  -3.1204774      -1.8016084      -1.7369019    
  -1.9700836      -3.1604762      -1.4595068    
  -3.7224631     -0.12377480      -1.4587491    
  -1.1921788      -3.5678904      -1.3597307    
  -3.6859732      0.75148809      -1.3597307    
 -0.91979331      -3.8299224     -0.69690305    
  -3.7767069       1.1183969     -0.69690239    
  -2.1471064      -2.5827203      -2.1724386    
  -3.3111835     -0.56780690      -2.1710963    
  -1.6135613      -2.4053509      -2.7587509    
  -2.8887939     -0.21002313      -2.7587605    
  -3.2453623      0.93118280      -2.1448827    
  -2.6521506      -2.8936882     -0.76984793    
  -1.0087795      -1.6967468      -3.4789960    
  -2.1138208      0.14978017      -3.3925400    
  -1.9596634      -3.4258268     -0.65071577    
  -3.9466846      1.57950539E-02 -0.65071577    
  -2.7079673      -2.5170341      -1.5269096    
  -3.5337989      -1.0866514      -1.5269096    
  -3.3431904       1.3237869      -1.7523315    
  -3.4220707      -1.9757334     -0.62121594    
  -2.6182625      -1.5116603      -2.6190808    
  -1.6401101      -3.6111267     -0.51942605    
  -3.9473825      0.38518625     -0.51942605    
 -0.61248177      -3.7166970      -1.3457452    
  -3.5260429       1.3695446      -1.3005264    
  -1.2809914      -3.7673895     -0.40723044    
  -3.9031508      0.77432364     -0.40722978    
 -0.62320191      -3.8405409     -0.92836654    
  -3.6376071       1.3805618     -0.92836654    
 -0.74113125     -0.46973965      -3.9025722    
 -0.42525548      -3.9252756     -0.64138079    
  -3.6120162       1.5943558     -0.64138067    
  -2.0118976      -1.1200420      -3.2707453    
  -1.0632933      0.15245746      -3.8530719    
 -0.71888560     -0.89698619      -3.8312685    
  -1.3837937     -0.87831146      -3.6487920    
  -1.1160361     -0.61986566      -3.7908087    
  -2.5977759      0.57333738      -2.9871130    
  -2.1116500      -1.9764827      -2.7630508    
  -2.7676148     -0.84054905      -2.7629306    
  -3.4334190      0.17472030      -2.0447757    
  -3.2624712      -1.8835887      -1.3447585    
  -2.5152385     -0.77764487      -3.0114522    
  -1.9087715      -1.7799424      -3.0312369    
  -2.7772677      0.95238602      -2.7165687    
  -2.7166433      -2.2962384      -1.8295187    
  -3.3469365      -1.2045692      -1.8294886    
  -1.5777129      -3.2316184      -1.7514178    
  -2.9284499      -1.0106742      -2.5303595    
  -2.3393049      -2.0299716      -2.5311792    
  -3.0108991      -2.3285296      -1.2298114    
  -3.5220153      -1.4432503      -1.2298114    
  -2.2128067      0.53193462      -3.2894576    
  -2.9919322      -2.5176089     -0.84260708    
  -3.7030559      -1.3266929     -0.72612858    
  -1.7274795      -3.4969110     -0.88737094    
  -3.8921535      0.25241444     -0.88737094    
  -2.3546615      -3.0374486      -1.1088170    
  -3.8123398     -0.49491239      -1.1050464    
  -1.8360568      0.55697739      -3.5097964    
  -2.3818421      -2.8538539      -1.4772763    
  -3.6624312     -0.63580877      -1.4772763    
  -3.7411294      -1.3843442     -0.29587620    
  -1.0448844      -3.4606962      -1.7122493    
  -3.4981039      0.80477250      -1.7651094    
  -1.7439890      -2.6197116      -2.4689298    
  -3.1356716     -0.31383055      -2.4635491    
  -3.3430741      -1.4916521      -1.6120886    
  -2.9633458      -2.1493609      -1.6120886    
  -1.2147846      -1.9947965      -3.2473197    
  -2.3709877     -8.10547695E-02  -3.2205353    
  -2.0109413      -3.2971780      -1.0415045    
  -3.8609107     -9.29372534E-02  -1.0415045    
  -3.5504897     -0.39229369      -1.8000358    
  -2.1149626      -2.8786423      -1.8000976    
  -2.4522355      -2.5689600      -1.8403767    
  -3.4510531     -0.83917689      -1.8401126    
  -3.1033869       1.4482865      -2.0667503    
 -0.89387345      -3.5974407      -1.5031333    
  -3.5203633       1.0867325      -1.5575798    
  -3.8463962      -1.0396814     -0.35256165    
  -2.9120693      -1.6812851      -2.1663637    
  -3.9205034     -0.36912563     -0.70242399    
  -2.3151782      -3.1864855     -0.69732291    
  -3.7040858     -0.97775674      -1.1505393    
  -2.7181523      -2.7004690      -1.1485275    
  -1.6170900     -0.14875410      -3.6555290    
  -1.6147789      -3.4318595      -1.2707598    
  -3.7962184      0.33319962      -1.2156081    
  -1.8671342      -3.5251110     -0.29564029    
  -3.9864028      0.14556980     -0.29564029    
  -1.4762641      0.28331244      -3.7068017    
 -0.34253272      -1.5375693      -3.6767583    
  -2.2831523      -1.3179184      -3.0083728    
  -1.3331946      -3.6652145     -0.88814157    
  -3.8407669      0.67802697     -0.88813829    
 -0.91613948      -3.7293718      -1.1191400    
  -3.6878006       1.0712858      -1.1191394    
 -0.63445276      -3.5423150      -1.7462744    
  -3.2779109       1.1626161      -1.9757588    
  -3.4014649      -2.0813544     -0.31305081    
 -0.31451339      -3.6993122      -1.4886806    
  -3.3578188       1.6167203      -1.4530206    
  -3.9819527     -0.20795171     -0.31750572    
  -2.1797111      -3.3373206     -0.33339405    
  -1.1307448      -1.0606577      -3.6873326    
  -1.5217769     -0.52504629      -3.6617649    
  -3.2014015       1.5736712      -1.8095822    
 -0.32308355      -3.8428504      -1.0621285    
  -3.4895480       1.6416267      -1.0621285    
  -1.1483054      -2.5441940      -2.8650432    
  -2.7823300      0.20087856      -2.8667555    
  -2.4373088     -0.42932495      -3.1424842    
  -1.5659125      -1.9148309      -3.1434600    
 -0.65752637      -2.2576058      -3.2358732    
  -2.7324791     -0.49175045      -2.8795381    
  -1.7916079      -2.1091516      -2.8881865    
  -1.0030183      -2.3077927      -3.1093483    
 -0.90739554      -2.0072458      -3.3388019    
  -2.3829105      0.95120627      -3.0687039    
 -0.32354355      -2.5075550      -3.0995948    
 -0.32903442      -2.1238573      -3.3735688    
  -1.6865363      -1.6429125      -3.2336409    
 -0.34114766      -2.8174102      -2.8188326    
  -1.2272506      -3.2999187      -1.8985240    
  -3.3624785      0.59180552      -2.0841079    
  -2.1837595     -0.71161580      -3.2748737    
  -2.1855047     -0.28000236      -3.3384380    
  -2.8963642      0.57096487      -2.6990874    
  -2.4757650      0.21396245      -3.1344550    
  -1.7816194      -2.8516188      -2.1665878    
  -3.3575308     -0.16466422      -2.1679187    
  -1.7432799     -0.83916628      -3.5009677    
  -2.9209986      -1.3310832      -2.3866262    
  -2.6132095      -1.8638237      -2.3869014    
  -2.2981625      -1.7278254      -2.7808394    
  -2.6462865      -1.1259359      -2.7801864    
  -1.8911862     -0.44242692      -3.4968090    
  -3.0701783      0.76104325      -2.4484317    
  -1.4124563      -2.2098794      -3.0201657    
 -0.44692713     -0.26478022      -3.9661250    
  -1.3973870      -1.6567758      -3.3619049    
  -1.6030080      -1.2781694      -3.4346249    
  -3.1533372      0.20265375      -2.4526303    
  -1.7700928      -3.0496655      -1.8884683    
  -3.5586360      3.76570591E-04  -1.8265022    
  -2.3440549      -1.0180390      -3.0771747    
  -1.1711892      -1.4046787      -3.5574138    
 -0.62871951      -1.8050936      -3.5137372    
  -1.9816530      -1.4919592      -3.1380105    
  -1.2997026      -2.8710756      -2.4632697    
  -3.0152903     -0.64856654      -2.5470347    
  -3.5812602      -1.7281775     -0.43356428    
  -3.2280698      -2.3069859     -0.50732780    
  -2.0687680      -2.2837760      -2.5504050    
  -2.0526609      0.84042215      -3.3287044    
  -2.9275277      -2.7034621     -0.34766999    
  -3.2649090      -2.1242263     -0.90996236    
  -3.4824703      -1.7580819     -0.88405293    
 -0.87839258      -2.8815868      -2.6315174    
  -2.8257363      -2.0084684      -1.9953117    
  -3.1523032      -1.4429070      -1.9952453    
 -0.78248441      -1.3885143      -3.6687527    
  -2.5334618      -3.0745115     -0.35909528    
  -1.0722145      -3.1173627      -2.2654812    
  -3.6090622      0.36561584      -1.6855251    
  -1.3537947      -3.3879561      -1.6398152    
  -2.6378825     -0.12417759      -3.0043561    
  -1.3344049     -0.17659226      -3.7667198    
 -0.39550921     -0.72569185      -3.9136868    
 -0.78310543     -1.31380204E-02  -3.9225724    
  -3.0322897       1.1847630      -2.3241246    
  -3.7743020       1.2946860     -0.28005847    
 -0.76592004      -3.9159844     -0.28005868    
 -0.37693030      -1.1457307      -3.8138201    
  -2.4712899      -2.2529874      -2.1947150    
  -3.1875093      -1.0134536      -2.1937857    
  -1.0483806     -0.22956482      -3.8533359    
 -0.27487892      -1.8311388      -3.5456131    
  -1.8238288      0.13235110      -3.5575457    
  -3.6066854       1.7087270     -0.26846367    
 -0.32354170      -3.9778447     -0.26846373    
  -1.9485167     -0.12451081      -3.4911001    
 -0.40518257      -3.0645711      -2.5385489    
  -3.8494170     -0.80681539     -0.72872406    
  -1.3238608      -2.6747925      -2.6632457    
  -3.9367034     -0.61566502     -0.35117424    
  -1.4477080      -3.0839212      -2.0960848    
 -0.42379823      -3.3554647      -2.1357086    
 -0.72933692      -2.5799313      -2.9685051    
 -0.74235111      -3.1599977      -2.3373766    
 -0.86937505      -3.3273556      -2.0427656    
  -2.5840597       1.2233843      -2.7974927    
 -0.27654913      -3.5595798      -1.8035830    
  -2.7688475       1.2982470      -2.5783789    
  -2.2406528      -1.1727390      -1.6137403    
  -2.6524913     -2.79900208E-02  -1.4012517    
  -1.2128924      -2.5171294      -1.0922233    
 -0.73197770      -2.8371840     -0.64389116    
  -2.8510985      0.68797779     -0.63081163    
  -2.0689831      0.45066327      -2.1251380    
  -1.8477694     -0.49508253      -2.3109827    
  -2.7455721     -0.80296201     -0.90392822    
  -2.3637774      -1.6810601     -0.76589382    
  -2.9579520     -8.51542652E-02 -0.49322233    
  -1.7499559      -1.9933504      -1.4015023    
  -2.4523475     -0.29735136      -1.7022260    
  -1.8250736      -2.3035302     -0.60237443    
  -1.0667022     -0.20085725      -2.7967486    
 -0.39125144      -2.6391344      -1.3718204    
  -2.3140161      0.88832772      -1.6900305    
  -2.5803425      0.75723541      -1.3298222    
  -2.9601586      0.33457482     -0.35428891    
  -1.1816367      -2.7340758     -0.35855958    
 -0.36739060      -2.8226221     -0.94753844    
  -2.6691346      0.96234226     -0.97448337    
 -0.31966105      -2.9311869     -0.55313718    
  -2.7161925       1.1448574     -0.55821109    
  -1.4493810      0.44189447      -2.5892129    
  -2.0549467     -0.85974419      -2.0094860    
  -1.5873600     -0.77323472      -2.4253652    
  -1.3617666      -1.0701996      -2.4495437    
  -2.3359485      -1.4658675      -1.1809223    
  -1.6290040      -1.7632915      -1.7992079    
  -1.1749017      -1.8990926      -2.0032609    
  -2.6118224     -0.53179407      -1.3768004    
  -2.5232210      0.45762438      -1.5568993    
  -2.0971861      -1.8534751      -1.0800186    
  -1.9000524      -1.3849076      -1.8632852    
  -2.0206344      -1.6357119      -1.4971582    
  -2.7670591     -0.41528505      -1.0820916    
  -2.3567038      0.10681287      -1.8532506    
  -2.5149307     -0.98331684      -1.3069855    
 -0.96371382      -1.6367686      -2.3221207    
  -2.5810938      -1.2620844     -0.86319023    
  -1.8052533      -2.2028840     -0.94252992    
 -0.98468328     -0.70027560      -2.7459085    
  -2.8505332     -0.12722020     -0.92643160    
  -1.0571114      -2.3905683      -1.4723107    
  -2.7574472      -1.0927829     -0.44978979    
 -0.67503798      -1.9198958      -2.2041605    
  -2.2024550     -0.36703980      -2.0036151    
  -2.6680057      0.42572176      -1.3040345    
 -0.38486692      -2.1838667      -2.0205455    
  -2.1079445      -2.0264325     -0.67092592    
  -1.6974764     -0.13374852      -2.4699566    
 -0.86966109      -2.5824103      -1.2549286    
  -2.8934793      0.25498527     -0.75017273    
  -2.0215542     -1.00993598E-02  -2.2165775    
  -1.1263372      -1.3326727      -2.4403582    
  -1.4571838      -2.3109715      -1.2393651    
  -2.8886597     -0.41698125     -0.69409734    
 -0.63869864      -2.4294152      -1.6401236    
 -0.70459992      -2.7293851      -1.0266432    
  -2.0255823      -2.1865492     -0.34061596    
 -0.60458839      -1.7034661      -2.3943007    
 -0.33678246      -1.8525286      -2.3355331    
  -2.7885523      0.22777076      -1.0826340    
 -0.75455421      -1.3935419      -2.5472906    
  -2.7686768      0.56761146      -1.0061045    
  -1.0571190      -1.0241996      -2.6140993    
  -1.6849594      -2.4608169     -0.32448837    
  -1.0443623      -2.6841586     -0.83940470    
  -1.1218810      0.21982534      -2.7736366    
  -1.7306341      -1.0887412      -2.1953471    
 -0.67778003     -0.42667809      -2.8911173    
  -1.4866282      -2.4871776     -0.77709967    
  -1.3169924      -2.1329477      -1.6480490    
  -2.2891271      0.56248951      -1.8556678    
 -0.87751377      -2.1960616      -1.8458827    
  -2.0415375      0.78852254      -2.0519154    
  -1.8486776     -0.82824290      -2.2127821    
  -2.3252885      -1.8597728     -0.36643991    
  -2.3825185     -0.71002716      -1.6791267    
  -2.5660856      -1.4989821     -0.41019177    
  -1.4471697      -1.4835218      -2.1690695    
  -1.7500987      0.21563458      -2.4270675    
  -2.8753705     -0.72185540     -0.45953223    
  -1.3333746     -0.75550741      -2.5790155    
 -0.51351833     -0.83638334      -2.8349183    
  -2.9505754     -0.46693540     -0.27582064    
  -1.7658054      0.62934476      -2.3421905    
 -0.26960579      -2.9781227     -0.24103566    
  -1.5587628     -0.42394179      -2.5279500    
 -0.63109678      -2.9174342     -0.30049106    
 -0.42164984     -0.24287926      -2.9602737    
 -0.71706635      -1.0376477      -2.7219667    
 -0.33776537     -0.59128249      -2.9216948    
 -0.28286868      -2.4330647      -1.7321032    
 -0.80150115     -3.99085088E-03  -2.8909481    
  -1.4364600     -2.88044456E-02  -2.6335819    
 -0.38761151      -1.1983527      -2.7228127    
 -0.34610415      -1.5357388      -2.5537655    
  -2.4626994       1.1238989      -1.2930439    
  -1.3055756     -0.43318474      -2.6660502    
  -2.8519990      0.88110209     -0.29959974    
  -2.7282913       1.2226378     -0.24815990    
 -0.66545302     -1.15415854E-02  0.23467264    
  0.53558749      -3.5085375     -0.14341243    
  0.53558749      -3.5085375      0.19751258    
  0.53558749     -0.44021261       3.2658379    
   1.9585427      0.32407987      -2.8730235    
   3.3369868       1.2041496     -0.15612288    
   3.2616923       1.3674407      0.15229961    
   1.4700413      1.65206324E-02  -3.2192109    
   1.2174375     -9.92875546E-02   3.2658379    
   3.2629879     -9.92875546E-02  0.19751258    
   1.7822959     -0.43195873       2.9848018    
   3.2629879     -9.92875546E-02  0.87936270    
   3.2629879      0.24163745      0.53843760    
   1.8568317      0.27938461       2.9458165    
   2.6645045     -0.39926824       2.2120552    
   2.2402124     -0.44021261       2.5839880    
  0.49009743      -3.2612953       1.3165617    
  0.53558749     -0.78113759       3.2658379    
  0.53558749      -1.1220626       3.2658379    
   3.2629879      0.92348754      0.87936270    
  0.87651253     -0.44021261       3.2658379    
  0.84772080      5.40409684E-02   3.3023305    
   3.4015186     -0.38824233      0.92113179    
   3.2629879     -0.78113759      0.87936270    
   3.2629879      0.24163745      0.87936270    
   1.2174375      -3.1676123      0.87936270    
  0.87651253      -3.1676123      0.87936270    
  0.82899845      -3.3314321      0.47445077    
   3.2629879      -1.1220626      0.19751258    
   3.2629879      -1.1220626     -0.14341243    
   3.2629879     -0.78113759      0.53843760    
   3.2629879      0.58256257      0.87936270    
   1.2814125      -3.2482681      0.13312556    
   3.2629879       1.2644125      0.53843760    
   3.3316112      0.77576613      0.16685984    
   3.2629879      0.92348754      0.53843760    
   3.6039126      0.24163745      0.19751258    
   3.6039126      0.24163745      0.53843760    
   3.6039126     -9.92875546E-02  0.53843760    
   3.2253325     -5.15558943E-02   1.3789064    
   3.2629879     -9.92875546E-02  0.53843760    
   3.5679319     -0.48191422      0.52349532    
   3.6039126     -9.92875546E-02  0.19751258    
   2.2402124     -0.78113759       2.5839880    
   1.2174375      -1.4629875       2.9249127    
   3.2629879     -0.78113759      0.19751258    
   3.2629879      0.58256257       1.2202877    
   2.9823782      0.24543549       1.8885556    
  0.87651253     -0.78113759       3.2658379    
   1.3194077     -0.48729810       3.3003120    
   3.2629879       1.2644125     -0.82526243    
   3.2629879      0.24163745     -0.82526243    
   3.6039126      0.24163745     -0.48433745    
   3.6788921      0.27269921     -0.18656616    
   3.3579915      0.40179753     -0.10955530    
   3.2629879      0.24163745     -0.48433745    
   3.6039126     -9.92875546E-02 -0.48433745    
   3.6039126     -9.92875546E-02 -0.14341243    
   3.2629879     -9.92875546E-02 -0.48433745    
   3.2629879      0.58256257      -1.1661874    
   2.9898839      -1.7724601     -0.57256466    
   1.8253195     -0.46510920      -2.9629478    
   1.1205834      -2.7924840      -1.8530041    
   3.2629879      0.92348754     -0.82526243    
   3.2629879       1.2644125     -0.48433745    
  0.53558749      -1.4629875      -3.2117374    
  0.53558749     -0.44021261      -3.5526626    
  0.84248215     -0.41954425      -3.3513732    
  0.94104499      3.44658233E-02  -3.3127789    
   1.2174375     -0.44021261      -3.2117374    
   1.1034665     -0.84022504      -3.2601054    
   3.2629879     -0.44021261     -0.14341243    
   3.2629879     -9.92875546E-02 -0.14341243    
   3.2629879     -0.78113759     -0.14341243    
   3.2629879     -0.44021261      0.19751258    
   3.2629879     -0.44021261     -0.48433745    
   3.2629879     -9.92875546E-02 -0.82526243    
   3.1836805     -0.14106391      -1.4752165    
   2.9220626     -9.92875546E-02  -1.8480374    
   1.1681743      -3.1292965     -0.91384333    
   1.2111255      -3.2361269     -0.43522573    
   3.3172886     -9.82553214E-02  -1.1532605    
   3.2629879     -0.78113759     -0.48433745    
   3.3716533     -0.40642762     -0.88891083    
   2.9972343      0.34664649      -1.7666845    
   3.2629879      0.58256257     -0.82526243    
  0.56873614      -3.2407215      -1.1085674    
   3.2629879     -0.78113759     -0.82526243    
  0.53558749      -1.1220626      -3.2117374    
  0.53558749     -0.78113759      -3.2117374    
  -1.7597877      0.58256257       2.9249127    
  -3.1601419       1.2649843      0.58334458    
 -0.73701251     -9.92875546E-02   3.2658379    
  -1.4188627      0.24163745      -3.2117374    
  -1.4188627     -9.92875546E-02  -3.2117374    
  -1.0926793      3.31964567E-02  -3.3238792    
 -0.35851353      -3.4440861      0.16176216    
 -0.39608747      -3.1676123      -1.5071124    
 -0.55583435      -3.4374142      0.54151630    
 -0.36023337      -2.9027016       1.9227871    
 -0.39608747      -3.1676123      -1.1661874    
 -0.38422671      -3.4953232     -0.14832042    
 -0.78746521      -3.4867091     -6.71651438E-02
 -0.39608747      -3.5085375     -0.48433745    
 -0.36252046      -3.2681897       1.2029741    
 -0.39608747     -0.44021261       3.2658379    
 -0.39608747      -1.4629875      -3.2117374    
 -0.73701251      -1.4629875      -3.2117374    
 -0.73701251      -3.1676123      0.87936270    
  -3.4644125      0.24163745      0.19751258    
 -0.67818254      -1.7829874       2.9763224    
  -3.1661439       1.1002390       1.2143803    
  -1.7597877      0.24163745       2.9249127    
 -0.73701251      -3.1676123       1.2202877    
  -3.0711412      0.60298979       1.5390269    
 -0.73701251     -0.78113759       3.2658379    
 -0.39608747      -1.1220626       3.2658379    
 -0.73701251      -1.1220626       3.2658379    
 -0.39608747     -0.78113759       3.2658379    
  -3.1234877      -1.1220626      0.87936270    
  -3.1777060      -1.4735800      0.16207500    
  -3.3607273     -0.91706908      0.65183854    
  -3.4644125     -0.44021261      0.19751258    
  -3.4644125     -0.44021261     -0.14341243    
  -3.4644125     -9.92875546E-02  0.19751258    
  -3.4261532      1.79132055E-02  0.59213054    
  -3.4604895      0.76965696      0.22321223    
  -3.3624196     -2.48097498E-02   1.0165037    
  -3.1449103      0.17895840       1.5363520    
  -2.4416378     -0.44021261       2.5839880    
  -1.4188627      -1.4629875       2.9249127    
  -1.3972158      -1.9433304       2.6240773    
 -0.73701251      -2.8266876       1.9021376    
  -1.1600270     -0.76231039       3.2063751    
  -3.3748450     -0.90253228      0.24271327    
  -3.4587398     -0.45412281      0.60053700    
  -1.4188627     -0.44021261       3.2658379    
  -1.2038958      2.08090823E-02   3.2746542    
  -3.4582064     -8.50262642E-02 -0.93917882    
  -3.4644125      0.24163745     -0.48433745    
  -3.4644125     -9.92875546E-02 -0.48433745    
  -3.4644125      0.24163745     -0.14341243    
  -3.4644125     -9.92875546E-02 -0.14341243    
  -3.4644125     -0.44021261     -0.82526243    
  -2.0074320     -0.11852117      -2.9163556    
  -2.4416378     -0.44021261      -2.5298874    
 -0.73701251      -1.8039125      -2.8708122    
  -1.3953201     -0.41867381      -3.1831555    
  -3.1234877      0.24163745      -1.5071124    
  -3.3559535     -0.90240443     -0.14926715    
  -3.4644125     -0.78113759     -0.48433745    
  -3.4716227     -0.40901774     -0.48195943    
  -3.1234877      0.24163745      -1.1661874    
  -3.1234877      0.58256257      -1.1661874    
  -3.1234877     -0.44021261      -1.1661874    
  -3.1234877     -9.92875546E-02  -1.1661874    
  -1.2008904      -3.2436216     -0.84433186    
 -0.77313656      -3.2271936     -0.68887764    
 -0.88114107      -3.2033560      -1.1827112    
  -1.0779375      -3.1676123     -0.14341243    
 -0.39608747     -0.78113759      -3.2117374    
 -0.73701251     -0.44021261      -3.2117374    
 -0.39608747     -0.44021261      -3.5526626    
 -0.73701251     -9.92875546E-02  -3.2117374    
 -0.39608747      -1.1220626      -3.2117374    
 -0.73701251      -1.1220626      -3.2117374    
