          48           2
   0.0000000000000000        0.0000000000000000                1
   0.0000000000000000       0.33333332999999998                1
   0.0000000000000000       0.66666667000000002                1
   0.0000000000000000        1.0000000000000000                1
  0.33333332999999998        0.0000000000000000                1
  0.33333332999999998       0.33333332999999998                1
  0.33333332999999998       0.66666667000000002                1
  0.33333332999999998        1.0000000000000000                1
  0.66666667000000002        0.0000000000000000                1
  0.66666667000000002       0.33333332999999998                1
  0.66666667000000002       0.66666667000000002                1
  0.66666667000000002        1.0000000000000000                1
   1.0000000000000000        0.0000000000000000                1
   1.0000000000000000       0.33333332999999998                1
   1.0000000000000000       0.66666667000000002                1
   1.0000000000000000        1.0000000000000000                1
  -2.0000000000000000        2.0000000000000000                2
  -2.0000000000000000        2.3333333299999999                2
  -2.0000000000000000        2.6666666700000001                2
  -2.0000000000000000        3.0000000000000000                2
  -1.6666666699999999        2.0000000000000000                2
  -1.6666666699999999        2.3333333299999999                2
  -1.6666666699999999        2.6666666700000001                2
  -1.6666666699999999        3.0000000000000000                2
  -1.3333333300000001        2.0000000000000000                2
  -1.3333333300000001        2.3333333299999999                2
  -1.3333333300000001        2.6666666700000001                2
  -1.3333333300000001        3.0000000000000000                2
  -1.0000000000000000        2.0000000000000000                2
  -1.0000000000000000        2.3333333299999999                2
  -1.0000000000000000        2.6666666700000001                2
  -1.0000000000000000        3.0000000000000000                2
  -4.0000000000000000        4.0000000000000000                3
  -4.0000000000000000        4.3333333300000003                3
  -4.0000000000000000        4.6666666699999997                3
  -4.0000000000000000        5.0000000000000000                3
  -3.6666666700000001        4.0000000000000000                3
  -3.6666666700000001        4.3333333300000003                3
  -3.6666666700000001        4.6666666699999997                3
  -3.6666666700000001        5.0000000000000000                3
  -3.3333333299999999        4.0000000000000000                3
  -3.3333333299999999        4.3333333300000003                3
  -3.3333333299999999        4.6666666699999997                3
  -3.3333333299999999        5.0000000000000000                3
  -3.0000000000000000        4.0000000000000000                3
  -3.0000000000000000        4.3333333300000003                3
  -3.0000000000000000        4.6666666699999997                3
  -3.0000000000000000        5.0000000000000000                3
