442 2
-1.0 -1.0
-1.0 -0.9
-1.0 -0.8
-1.0 -0.7000000000000001
-1.0 -0.6000000000000001
-1.0 -0.5000000000000001
-1.0 -0.40000000000000013
-1.0 -0.30000000000000016
-1.0 -0.20000000000000015
-1.0 -0.10000000000000014
-1.0 -1.3877787807814457E-16
-1.0 0.09999999999999987
-1.0 0.19999999999999987
-1.0 0.2999999999999999
-1.0 0.3999999999999999
-1.0 0.4999999999999999
-1.0 0.5999999999999999
-1.0 0.6999999999999998
-1.0 0.7999999999999998
-1.0 0.8999999999999998
-1.0 0.9999999999999998
-0.9 -1.0
-0.9 -0.9
-0.9 -0.8
-0.9 -0.7000000000000001
-0.9 -0.6000000000000001
-0.9 -0.5000000000000001
-0.9 -0.40000000000000013
-0.9 -0.30000000000000016
-0.9 -0.20000000000000015
-0.9 -0.10000000000000014
-0.9 -1.3877787807814457E-16
-0.9 0.09999999999999987
-0.9 0.19999999999999987
-0.9 0.2999999999999999
-0.9 0.3999999999999999
-0.9 0.4999999999999999
-0.9 0.5999999999999999
-0.9 0.6999999999999998
-0.9 0.7999999999999998
-0.9 0.8999999999999998
-0.9 0.9999999999999998
-0.8 -1.0
-0.8 -0.9
-0.8 -0.8
-0.8 -0.7000000000000001
-0.8 -0.6000000000000001
-0.8 -0.5000000000000001
-0.8 -0.40000000000000013
-0.8 -0.30000000000000016
-0.8 -0.20000000000000015
-0.8 -0.10000000000000014
-0.8 -1.3877787807814457E-16
-0.8 0.09999999999999987
-0.8 0.19999999999999987
-0.8 0.2999999999999999
-0.8 0.3999999999999999
-0.8 0.4999999999999999
-0.8 0.5999999999999999
-0.8 0.6999999999999998
-0.8 0.7999999999999998
-0.8 0.8999999999999998
-0.8 0.9999999999999998
-0.7000000000000001 -1.0
-0.7000000000000001 -0.9
-0.7000000000000001 -0.8
-0.7000000000000001 -0.7000000000000001
-0.7000000000000001 -0.6000000000000001
-0.7000000000000001 -0.5000000000000001
-0.7000000000000001 -0.40000000000000013
-0.7000000000000001 -0.30000000000000016
-0.7000000000000001 -0.20000000000000015
-0.7000000000000001 -0.10000000000000014
-0.7000000000000001 -1.3877787807814457E-16
-0.7000000000000001 0.09999999999999987
-0.7000000000000001 0.19999999999999987
-0.7000000000000001 0.2999999999999999
-0.7000000000000001 0.3999999999999999
-0.7000000000000001 0.4999999999999999
-0.7000000000000001 0.5999999999999999
-0.7000000000000001 0.6999999999999998
-0.7000000000000001 0.7999999999999998
-0.7000000000000001 0.8999999999999998
-0.7000000000000001 0.9999999999999998
-0.6000000000000001 -1.0
-0.6000000000000001 -0.9
-0.6000000000000001 -0.8
-0.6000000000000001 -0.7000000000000001
-0.6000000000000001 -0.6000000000000001
-0.6000000000000001 -0.5000000000000001
-0.6000000000000001 -0.40000000000000013
-0.6000000000000001 -0.30000000000000016
-0.6000000000000001 -0.20000000000000015
-0.6000000000000001 -0.10000000000000014
-0.6000000000000001 -1.3877787807814457E-16
-0.6000000000000001 0.09999999999999987
-0.6000000000000001 0.19999999999999987
-0.6000000000000001 0.2999999999999999
-0.6000000000000001 0.3999999999999999
-0.6000000000000001 0.4999999999999999
-0.6000000000000001 0.5999999999999999
-0.6000000000000001 0.6999999999999998
-0.6000000000000001 0.7999999999999998
-0.6000000000000001 0.8999999999999998
-0.6000000000000001 0.9999999999999998
-0.5000000000000001 -1.0
-0.5000000000000001 -0.9
-0.5000000000000001 -0.8
-0.5000000000000001 -0.7000000000000001
-0.5000000000000001 -0.6000000000000001
-0.5000000000000001 -0.5000000000000001
-0.5000000000000001 -0.40000000000000013
-0.5000000000000001 -0.30000000000000016
-0.5000000000000001 -0.20000000000000015
-0.5000000000000001 -0.10000000000000014
-0.5000000000000001 -1.3877787807814457E-16
-0.5000000000000001 0.09999999999999987
-0.5000000000000001 0.19999999999999987
-0.5000000000000001 0.2999999999999999
-0.5000000000000001 0.3999999999999999
-0.5000000000000001 0.4999999999999999
-0.5000000000000001 0.5999999999999999
-0.5000000000000001 0.6999999999999998
-0.5000000000000001 0.7999999999999998
-0.5000000000000001 0.8999999999999998
-0.5000000000000001 0.9999999999999998
-0.40000000000000013 -1.0
-0.40000000000000013 -0.9
-0.40000000000000013 -0.8
-0.40000000000000013 -0.7000000000000001
-0.40000000000000013 -0.6000000000000001
-0.40000000000000013 -0.5000000000000001
-0.40000000000000013 -0.40000000000000013
-0.40000000000000013 -0.30000000000000016
-0.40000000000000013 -0.20000000000000015
-0.40000000000000013 -0.10000000000000014
-0.40000000000000013 -1.3877787807814457E-16
-0.40000000000000013 0.09999999999999987
-0.40000000000000013 0.19999999999999987
-0.40000000000000013 0.2999999999999999
-0.40000000000000013 0.3999999999999999
-0.40000000000000013 0.4999999999999999
-0.40000000000000013 0.5999999999999999
-0.40000000000000013 0.6999999999999998
-0.40000000000000013 0.7999999999999998
-0.40000000000000013 0.8999999999999998
-0.40000000000000013 0.9999999999999998
-0.30000000000000016 -1.0
-0.30000000000000016 -0.9
-0.30000000000000016 -0.8
-0.30000000000000016 -0.7000000000000001
-0.30000000000000016 -0.6000000000000001
-0.30000000000000016 -0.5000000000000001
-0.30000000000000016 -0.40000000000000013
-0.30000000000000016 -0.30000000000000016
-0.30000000000000016 -0.20000000000000015
-0.30000000000000016 -0.10000000000000014
-0.30000000000000016 -1.3877787807814457E-16
-0.30000000000000016 0.09999999999999987
-0.30000000000000016 0.19999999999999987
-0.30000000000000016 0.2999999999999999
-0.30000000000000016 0.3999999999999999
-0.30000000000000016 0.4999999999999999
-0.30000000000000016 0.5999999999999999
-0.30000000000000016 0.6999999999999998
-0.30000000000000016 0.7999999999999998
-0.30000000000000016 0.8999999999999998
-0.30000000000000016 0.9999999999999998
-0.20000000000000015 -1.0
-0.20000000000000015 -0.9
-0.20000000000000015 -0.8
-0.20000000000000015 -0.7000000000000001
-0.20000000000000015 -0.6000000000000001
-0.20000000000000015 -0.5000000000000001
-0.20000000000000015 -0.40000000000000013
-0.20000000000000015 -0.30000000000000016
-0.20000000000000015 -0.20000000000000015
-0.20000000000000015 -0.10000000000000014
-0.20000000000000015 -1.3877787807814457E-16
-0.20000000000000015 0.09999999999999987
-0.20000000000000015 0.19999999999999987
-0.20000000000000015 0.2999999999999999
-0.20000000000000015 0.3999999999999999
-0.20000000000000015 0.4999999999999999
-0.20000000000000015 0.5999999999999999
-0.20000000000000015 0.6999999999999998
-0.20000000000000015 0.7999999999999998
-0.20000000000000015 0.8999999999999998
-0.20000000000000015 0.9999999999999998
-0.10000000000000014 -1.0
-0.10000000000000014 -0.9
-0.10000000000000014 -0.8
-0.10000000000000014 -0.7000000000000001
-0.10000000000000014 -0.6000000000000001
-0.10000000000000014 -0.5000000000000001
-0.10000000000000014 -0.40000000000000013
-0.10000000000000014 -0.30000000000000016
-0.10000000000000014 -0.20000000000000015
-0.10000000000000014 -0.10000000000000014
-0.10000000000000014 -1.3877787807814457E-16
-0.10000000000000014 0.09999999999999987
-0.10000000000000014 0.19999999999999987
-0.10000000000000014 0.2999999999999999
-0.10000000000000014 0.3999999999999999
-0.10000000000000014 0.4999999999999999
-0.10000000000000014 0.5999999999999999
-0.10000000000000014 0.6999999999999998
-0.10000000000000014 0.7999999999999998
-0.10000000000000014 0.8999999999999998
-0.10000000000000014 0.9999999999999998
-1.3877787807814457E-16 -1.0
-1.3877787807814457E-16 -0.9
-1.3877787807814457E-16 -0.8
-1.3877787807814457E-16 -0.7000000000000001
-1.3877787807814457E-16 -0.6000000000000001
-1.3877787807814457E-16 -0.5000000000000001
-1.3877787807814457E-16 -0.40000000000000013
-1.3877787807814457E-16 -0.30000000000000016
-1.3877787807814457E-16 -0.20000000000000015
-1.3877787807814457E-16 -0.10000000000000014
-1.3877787807814457E-16 -1.3877787807814457E-16
-1.3877787807814457E-16 0.09999999999999987
-1.3877787807814457E-16 0.19999999999999987
-1.3877787807814457E-16 0.2999999999999999
-1.3877787807814457E-16 0.3999999999999999
-1.3877787807814457E-16 0.4999999999999999
-1.3877787807814457E-16 0.5999999999999999
-1.3877787807814457E-16 0.6999999999999998
-1.3877787807814457E-16 0.7999999999999998
-1.3877787807814457E-16 0.8999999999999998
-1.3877787807814457E-16 0.9999999999999998
0.09999999999999987 -1.0
0.09999999999999987 -0.9
0.09999999999999987 -0.8
0.09999999999999987 -0.7000000000000001
0.09999999999999987 -0.6000000000000001
0.09999999999999987 -0.5000000000000001
0.09999999999999987 -0.40000000000000013
0.09999999999999987 -0.30000000000000016
0.09999999999999987 -0.20000000000000015
0.09999999999999987 -0.10000000000000014
0.09999999999999987 -1.3877787807814457E-16
0.09999999999999987 0.09999999999999987
0.09999999999999987 0.19999999999999987
0.09999999999999987 0.2999999999999999
0.09999999999999987 0.3999999999999999
0.09999999999999987 0.4999999999999999
0.09999999999999987 0.5999999999999999
0.09999999999999987 0.6999999999999998
0.09999999999999987 0.7999999999999998
0.09999999999999987 0.8999999999999998
0.09999999999999987 0.9999999999999998
0.19999999999999987 -1.0
0.19999999999999987 -0.9
0.19999999999999987 -0.8
0.19999999999999987 -0.7000000000000001
0.19999999999999987 -0.6000000000000001
0.19999999999999987 -0.5000000000000001
0.19999999999999987 -0.40000000000000013
0.19999999999999987 -0.30000000000000016
0.19999999999999987 -0.20000000000000015
0.19999999999999987 -0.10000000000000014
0.19999999999999987 -1.3877787807814457E-16
0.19999999999999987 0.09999999999999987
0.19999999999999987 0.19999999999999987
0.19999999999999987 0.2999999999999999
0.19999999999999987 0.3999999999999999
0.19999999999999987 0.4999999999999999
0.19999999999999987 0.5999999999999999
0.19999999999999987 0.6999999999999998
0.19999999999999987 0.7999999999999998
0.19999999999999987 0.8999999999999998
0.19999999999999987 0.9999999999999998
0.2999999999999999 -1.0
0.2999999999999999 -0.9
0.2999999999999999 -0.8
0.2999999999999999 -0.7000000000000001
0.2999999999999999 -0.6000000000000001
0.2999999999999999 -0.5000000000000001
0.2999999999999999 -0.40000000000000013
0.2999999999999999 -0.30000000000000016
0.2999999999999999 -0.20000000000000015
0.2999999999999999 -0.10000000000000014
0.2999999999999999 -1.3877787807814457E-16
0.2999999999999999 0.09999999999999987
0.2999999999999999 0.19999999999999987
0.2999999999999999 0.2999999999999999
0.2999999999999999 0.3999999999999999
0.2999999999999999 0.4999999999999999
0.2999999999999999 0.5999999999999999
0.2999999999999999 0.6999999999999998
0.2999999999999999 0.7999999999999998
0.2999999999999999 0.8999999999999998
0.2999999999999999 0.9999999999999998
0.3999999999999999 -1.0
0.3999999999999999 -0.9
0.3999999999999999 -0.8
0.3999999999999999 -0.7000000000000001
0.3999999999999999 -0.6000000000000001
0.3999999999999999 -0.5000000000000001
0.3999999999999999 -0.40000000000000013
0.3999999999999999 -0.30000000000000016
0.3999999999999999 -0.20000000000000015
0.3999999999999999 -0.10000000000000014
0.3999999999999999 -1.3877787807814457E-16
0.3999999999999999 0.09999999999999987
0.3999999999999999 0.19999999999999987
0.3999999999999999 0.2999999999999999
0.3999999999999999 0.3999999999999999
0.3999999999999999 0.4999999999999999
0.3999999999999999 0.5999999999999999
0.3999999999999999 0.6999999999999998
0.3999999999999999 0.7999999999999998
0.3999999999999999 0.8999999999999998
0.3999999999999999 0.9999999999999998
0.4999999999999999 -1.0
0.4999999999999999 -0.9
0.4999999999999999 -0.8
0.4999999999999999 -0.7000000000000001
0.4999999999999999 -0.6000000000000001
0.4999999999999999 -0.5000000000000001
0.4999999999999999 -0.40000000000000013
0.4999999999999999 -0.30000000000000016
0.4999999999999999 -0.20000000000000015
0.4999999999999999 -0.10000000000000014
0.4999999999999999 -1.3877787807814457E-16
0.4999999999999999 0.09999999999999987
0.4999999999999999 0.19999999999999987
0.4999999999999999 0.2999999999999999
0.4999999999999999 0.3999999999999999
0.4999999999999999 0.4999999999999999
0.4999999999999999 0.5999999999999999
0.4999999999999999 0.6999999999999998
0.4999999999999999 0.7999999999999998
0.4999999999999999 0.8999999999999998
0.4999999999999999 0.9999999999999998
0.5999999999999999 -1.0
0.5999999999999999 -0.9
0.5999999999999999 -0.8
0.5999999999999999 -0.7000000000000001
0.5999999999999999 -0.6000000000000001
0.5999999999999999 -0.5000000000000001
0.5999999999999999 -0.40000000000000013
0.5999999999999999 -0.30000000000000016
0.5999999999999999 -0.20000000000000015
0.5999999999999999 -0.10000000000000014
0.5999999999999999 -1.3877787807814457E-16
0.5999999999999999 0.09999999999999987
0.5999999999999999 0.19999999999999987
0.5999999999999999 0.2999999999999999
0.5999999999999999 0.3999999999999999
0.5999999999999999 0.4999999999999999
0.5999999999999999 0.5999999999999999
0.5999999999999999 0.6999999999999998
0.5999999999999999 0.7999999999999998
0.5999999999999999 0.8999999999999998
0.5999999999999999 0.9999999999999998
0.6999999999999998 -1.0
0.6999999999999998 -0.9
0.6999999999999998 -0.8
0.6999999999999998 -0.7000000000000001
0.6999999999999998 -0.6000000000000001
0.6999999999999998 -0.5000000000000001
0.6999999999999998 -0.40000000000000013
0.6999999999999998 -0.30000000000000016
0.6999999999999998 -0.20000000000000015
0.6999999999999998 -0.10000000000000014
0.6999999999999998 -1.3877787807814457E-16
0.6999999999999998 0.09999999999999987
0.6999999999999998 0.19999999999999987
0.6999999999999998 0.2999999999999999
0.6999999999999998 0.3999999999999999
0.6999999999999998 0.4999999999999999
0.6999999999999998 0.5999999999999999
0.6999999999999998 0.6999999999999998
0.6999999999999998 0.7999999999999998
0.6999999999999998 0.8999999999999998
0.6999999999999998 0.9999999999999998
0.7999999999999998 -1.0
0.7999999999999998 -0.9
0.7999999999999998 -0.8
0.7999999999999998 -0.7000000000000001
0.7999999999999998 -0.6000000000000001
0.7999999999999998 -0.5000000000000001
0.7999999999999998 -0.40000000000000013
0.7999999999999998 -0.30000000000000016
0.7999999999999998 -0.20000000000000015
0.7999999999999998 -0.10000000000000014
0.7999999999999998 -1.3877787807814457E-16
0.7999999999999998 0.09999999999999987
0.7999999999999998 0.19999999999999987
0.7999999999999998 0.2999999999999999
0.7999999999999998 0.3999999999999999
0.7999999999999998 0.4999999999999999
0.7999999999999998 0.5999999999999999
0.7999999999999998 0.6999999999999998
0.7999999999999998 0.7999999999999998
0.7999999999999998 0.8999999999999998
0.7999999999999998 0.9999999999999998
0.8999999999999998 -1.0
0.8999999999999998 -0.9
0.8999999999999998 -0.8
0.8999999999999998 -0.7000000000000001
0.8999999999999998 -0.6000000000000001
0.8999999999999998 -0.5000000000000001
0.8999999999999998 -0.40000000000000013
0.8999999999999998 -0.30000000000000016
0.8999999999999998 -0.20000000000000015
0.8999999999999998 -0.10000000000000014
0.8999999999999998 -1.3877787807814457E-16
0.8999999999999998 0.09999999999999987
0.8999999999999998 0.19999999999999987
0.8999999999999998 0.2999999999999999
0.8999999999999998 0.3999999999999999
0.8999999999999998 0.4999999999999999
0.8999999999999998 0.5999999999999999
0.8999999999999998 0.6999999999999998
0.8999999999999998 0.7999999999999998
0.8999999999999998 0.8999999999999998
0.8999999999999998 0.9999999999999998
0.9999999999999998 -1.0
0.9999999999999998 -0.9
0.9999999999999998 -0.8
0.9999999999999998 -0.7000000000000001
0.9999999999999998 -0.6000000000000001
0.9999999999999998 -0.5000000000000001
0.9999999999999998 -0.40000000000000013
0.9999999999999998 -0.30000000000000016
0.9999999999999998 -0.20000000000000015
0.9999999999999998 -0.10000000000000014
0.9999999999999998 -1.3877787807814457E-16
0.9999999999999998 0.09999999999999987
0.9999999999999998 0.19999999999999987
0.9999999999999998 0.2999999999999999
0.9999999999999998 0.3999999999999999
0.9999999999999998 0.4999999999999999
0.9999999999999998 0.5999999999999999
0.9999999999999998 0.6999999999999998
0.9999999999999998 0.7999999999999998
0.9999999999999998 0.8999999999999998
0.9999999999999998 0.9999999999999998
1.0 1.0
