1211 3
1.0 0.0 0.0
1.0 0.0 0.1
1.0 0.0 0.2
1.0 0.0 0.30000000000000004
1.0 0.0 0.4
1.0 0.0 0.5
1.0 0.0 0.6
1.0 0.0 0.7
1.0 0.0 0.7999999999999999
1.0 0.0 0.8999999999999999
1.0 0.0 0.9999999999999999
1.0 0.1 0.0
1.0 0.1 0.1
1.0 0.1 0.2
1.0 0.1 0.30000000000000004
1.0 0.1 0.4
1.0 0.1 0.5
1.0 0.1 0.6
1.0 0.1 0.7
1.0 0.1 0.7999999999999999
1.0 0.1 0.8999999999999999
1.0 0.1 0.9999999999999999
1.0 0.2 0.0
1.0 0.2 0.1
1.0 0.2 0.2
1.0 0.2 0.30000000000000004
1.0 0.2 0.4
1.0 0.2 0.5
1.0 0.2 0.6
1.0 0.2 0.7
1.0 0.2 0.7999999999999999
1.0 0.2 0.8999999999999999
1.0 0.2 0.9999999999999999
1.0 0.30000000000000004 0.0
1.0 0.30000000000000004 0.1
1.0 0.30000000000000004 0.2
1.0 0.30000000000000004 0.30000000000000004
1.0 0.30000000000000004 0.4
1.0 0.30000000000000004 0.5
1.0 0.30000000000000004 0.6
1.0 0.30000000000000004 0.7
1.0 0.30000000000000004 0.7999999999999999
1.0 0.30000000000000004 0.8999999999999999
1.0 0.30000000000000004 0.9999999999999999
1.0 0.4 0.0
1.0 0.4 0.1
1.0 0.4 0.2
1.0 0.4 0.30000000000000004
1.0 0.4 0.4
1.0 0.4 0.5
1.0 0.4 0.6
1.0 0.4 0.7
1.0 0.4 0.7999999999999999
1.0 0.4 0.8999999999999999
1.0 0.4 0.9999999999999999
1.0 0.5 0.0
1.0 0.5 0.1
1.0 0.5 0.2
1.0 0.5 0.30000000000000004
1.0 0.5 0.4
1.0 0.5 0.5
1.0 0.5 0.6
1.0 0.5 0.7
1.0 0.5 0.7999999999999999
1.0 0.5 0.8999999999999999
1.0 0.5 0.9999999999999999
1.0 0.6 0.0
1.0 0.6 0.1
1.0 0.6 0.2
1.0 0.6 0.30000000000000004
1.0 0.6 0.4
1.0 0.6 0.5
1.0 0.6 0.6
1.0 0.6 0.7
1.0 0.6 0.7999999999999999
1.0 0.6 0.8999999999999999
1.0 0.6 0.9999999999999999
1.0 0.7 0.0
1.0 0.7 0.1
1.0 0.7 0.2
1.0 0.7 0.30000000000000004
1.0 0.7 0.4
1.0 0.7 0.5
1.0 0.7 0.6
1.0 0.7 0.7
1.0 0.7 0.7999999999999999
1.0 0.7 0.8999999999999999
1.0 0.7 0.9999999999999999
1.0 0.7999999999999999 0.0
1.0 0.7999999999999999 0.1
1.0 0.7999999999999999 0.2
1.0 0.7999999999999999 0.30000000000000004
1.0 0.7999999999999999 0.4
1.0 0.7999999999999999 0.5
1.0 0.7999999999999999 0.6
1.0 0.7999999999999999 0.7
1.0 0.7999999999999999 0.7999999999999999
1.0 0.7999999999999999 0.8999999999999999
1.0 0.7999999999999999 0.9999999999999999
1.0 0.8999999999999999 0.0
1.0 0.8999999999999999 0.1
1.0 0.8999999999999999 0.2
1.0 0.8999999999999999 0.30000000000000004
1.0 0.8999999999999999 0.4
1.0 0.8999999999999999 0.5
1.0 0.8999999999999999 0.6
1.0 0.8999999999999999 0.7
1.0 0.8999999999999999 0.7999999999999999
1.0 0.8999999999999999 0.8999999999999999
1.0 0.8999999999999999 0.9999999999999999
1.0 0.9999999999999999 0.0
1.0 0.9999999999999999 0.1
1.0 0.9999999999999999 0.2
1.0 0.9999999999999999 0.30000000000000004
1.0 0.9999999999999999 0.4
1.0 0.9999999999999999 0.5
1.0 0.9999999999999999 0.6
1.0 0.9999999999999999 0.7
1.0 0.9999999999999999 0.7999999999999999
1.0 0.9999999999999999 0.8999999999999999
1.0 0.9999999999999999 0.9999999999999999
1.1 0.0 0.0
1.1 0.0 0.1
1.1 0.0 0.2
1.1 0.0 0.30000000000000004
1.1 0.0 0.4
1.1 0.0 0.5
1.1 0.0 0.6
1.1 0.0 0.7
1.1 0.0 0.7999999999999999
1.1 0.0 0.8999999999999999
1.1 0.0 0.9999999999999999
1.1 0.1 0.0
1.1 0.1 0.1
1.1 0.1 0.2
1.1 0.1 0.30000000000000004
1.1 0.1 0.4
1.1 0.1 0.5
1.1 0.1 0.6
1.1 0.1 0.7
1.1 0.1 0.7999999999999999
1.1 0.1 0.8999999999999999
1.1 0.1 0.9999999999999999
1.1 0.2 0.0
1.1 0.2 0.1
1.1 0.2 0.2
1.1 0.2 0.30000000000000004
1.1 0.2 0.4
1.1 0.2 0.5
1.1 0.2 0.6
1.1 0.2 0.7
1.1 0.2 0.7999999999999999
1.1 0.2 0.8999999999999999
1.1 0.2 0.9999999999999999
1.1 0.30000000000000004 0.0
1.1 0.30000000000000004 0.1
1.1 0.30000000000000004 0.2
1.1 0.30000000000000004 0.30000000000000004
1.1 0.30000000000000004 0.4
1.1 0.30000000000000004 0.5
1.1 0.30000000000000004 0.6
1.1 0.30000000000000004 0.7
1.1 0.30000000000000004 0.7999999999999999
1.1 0.30000000000000004 0.8999999999999999
1.1 0.30000000000000004 0.9999999999999999
1.1 0.4 0.0
1.1 0.4 0.1
1.1 0.4 0.2
1.1 0.4 0.30000000000000004
1.1 0.4 0.4
1.1 0.4 0.5
1.1 0.4 0.6
1.1 0.4 0.7
1.1 0.4 0.7999999999999999
1.1 0.4 0.8999999999999999
1.1 0.4 0.9999999999999999
1.1 0.5 0.0
1.1 0.5 0.1
1.1 0.5 0.2
1.1 0.5 0.30000000000000004
1.1 0.5 0.4
1.1 0.5 0.5
1.1 0.5 0.6
1.1 0.5 0.7
1.1 0.5 0.7999999999999999
1.1 0.5 0.8999999999999999
1.1 0.5 0.9999999999999999
1.1 0.6 0.0
1.1 0.6 0.1
1.1 0.6 0.2
1.1 0.6 0.30000000000000004
1.1 0.6 0.4
1.1 0.6 0.5
1.1 0.6 0.6
1.1 0.6 0.7
1.1 0.6 0.7999999999999999
1.1 0.6 0.8999999999999999
1.1 0.6 0.9999999999999999
1.1 0.7 0.0
1.1 0.7 0.1
1.1 0.7 0.2
1.1 0.7 0.30000000000000004
1.1 0.7 0.4
1.1 0.7 0.5
1.1 0.7 0.6
1.1 0.7 0.7
1.1 0.7 0.7999999999999999
1.1 0.7 0.8999999999999999
1.1 0.7 0.9999999999999999
1.1 0.7999999999999999 0.0
1.1 0.7999999999999999 0.1
1.1 0.7999999999999999 0.2
1.1 0.7999999999999999 0.30000000000000004
1.1 0.7999999999999999 0.4
1.1 0.7999999999999999 0.5
1.1 0.7999999999999999 0.6
1.1 0.7999999999999999 0.7
1.1 0.7999999999999999 0.7999999999999999
1.1 0.7999999999999999 0.8999999999999999
1.1 0.7999999999999999 0.9999999999999999
1.1 0.8999999999999999 0.0
1.1 0.8999999999999999 0.1
1.1 0.8999999999999999 0.2
1.1 0.8999999999999999 0.30000000000000004
1.1 0.8999999999999999 0.4
1.1 0.8999999999999999 0.5
1.1 0.8999999999999999 0.6
1.1 0.8999999999999999 0.7
1.1 0.8999999999999999 0.7999999999999999
1.1 0.8999999999999999 0.8999999999999999
1.1 0.8999999999999999 0.9999999999999999
1.1 0.9999999999999999 0.0
1.1 0.9999999999999999 0.1
1.1 0.9999999999999999 0.2
1.1 0.9999999999999999 0.30000000000000004
1.1 0.9999999999999999 0.4
1.1 0.9999999999999999 0.5
1.1 0.9999999999999999 0.6
1.1 0.9999999999999999 0.7
1.1 0.9999999999999999 0.7999999999999999
1.1 0.9999999999999999 0.8999999999999999
1.1 0.9999999999999999 0.9999999999999999
1.2000000000000002 0.0 0.0
1.2000000000000002 0.0 0.1
1.2000000000000002 0.0 0.2
1.2000000000000002 0.0 0.30000000000000004
1.2000000000000002 0.0 0.4
1.2000000000000002 0.0 0.5
1.2000000000000002 0.0 0.6
1.2000000000000002 0.0 0.7
1.2000000000000002 0.0 0.7999999999999999
1.2000000000000002 0.0 0.8999999999999999
1.2000000000000002 0.0 0.9999999999999999
1.2000000000000002 0.1 0.0
1.2000000000000002 0.1 0.1
1.2000000000000002 0.1 0.2
1.2000000000000002 0.1 0.30000000000000004
1.2000000000000002 0.1 0.4
1.2000000000000002 0.1 0.5
1.2000000000000002 0.1 0.6
1.2000000000000002 0.1 0.7
1.2000000000000002 0.1 0.7999999999999999
1.2000000000000002 0.1 0.8999999999999999
1.2000000000000002 0.1 0.9999999999999999
1.2000000000000002 0.2 0.0
1.2000000000000002 0.2 0.1
1.2000000000000002 0.2 0.2
1.2000000000000002 0.2 0.30000000000000004
1.2000000000000002 0.2 0.4
1.2000000000000002 0.2 0.5
1.2000000000000002 0.2 0.6
1.2000000000000002 0.2 0.7
1.2000000000000002 0.2 0.7999999999999999
1.2000000000000002 0.2 0.8999999999999999
1.2000000000000002 0.2 0.9999999999999999
1.2000000000000002 0.30000000000000004 0.0
1.2000000000000002 0.30000000000000004 0.1
1.2000000000000002 0.30000000000000004 0.2
1.2000000000000002 0.30000000000000004 0.30000000000000004
1.2000000000000002 0.30000000000000004 0.4
1.2000000000000002 0.30000000000000004 0.5
1.2000000000000002 0.30000000000000004 0.6
1.2000000000000002 0.30000000000000004 0.7
1.2000000000000002 0.30000000000000004 0.7999999999999999
1.2000000000000002 0.30000000000000004 0.8999999999999999
1.2000000000000002 0.30000000000000004 0.9999999999999999
1.2000000000000002 0.4 0.0
1.2000000000000002 0.4 0.1
1.2000000000000002 0.4 0.2
1.2000000000000002 0.4 0.30000000000000004
1.2000000000000002 0.4 0.4
1.2000000000000002 0.4 0.5
1.2000000000000002 0.4 0.6
1.2000000000000002 0.4 0.7
1.2000000000000002 0.4 0.7999999999999999
1.2000000000000002 0.4 0.8999999999999999
1.2000000000000002 0.4 0.9999999999999999
1.2000000000000002 0.5 0.0
1.2000000000000002 0.5 0.1
1.2000000000000002 0.5 0.2
1.2000000000000002 0.5 0.30000000000000004
1.2000000000000002 0.5 0.4
1.2000000000000002 0.5 0.5
1.2000000000000002 0.5 0.6
1.2000000000000002 0.5 0.7
1.2000000000000002 0.5 0.7999999999999999
1.2000000000000002 0.5 0.8999999999999999
1.2000000000000002 0.5 0.9999999999999999
1.2000000000000002 0.6 0.0
1.2000000000000002 0.6 0.1
1.2000000000000002 0.6 0.2
1.2000000000000002 0.6 0.30000000000000004
1.2000000000000002 0.6 0.4
1.2000000000000002 0.6 0.5
1.2000000000000002 0.6 0.6
1.2000000000000002 0.6 0.7
1.2000000000000002 0.6 0.7999999999999999
1.2000000000000002 0.6 0.8999999999999999
1.2000000000000002 0.6 0.9999999999999999
1.2000000000000002 0.7 0.0
1.2000000000000002 0.7 0.1
1.2000000000000002 0.7 0.2
1.2000000000000002 0.7 0.30000000000000004
1.2000000000000002 0.7 0.4
1.2000000000000002 0.7 0.5
1.2000000000000002 0.7 0.6
1.2000000000000002 0.7 0.7
1.2000000000000002 0.7 0.7999999999999999
1.2000000000000002 0.7 0.8999999999999999
1.2000000000000002 0.7 0.9999999999999999
1.2000000000000002 0.7999999999999999 0.0
1.2000000000000002 0.7999999999999999 0.1
1.2000000000000002 0.7999999999999999 0.2
1.2000000000000002 0.7999999999999999 0.30000000000000004
1.2000000000000002 0.7999999999999999 0.4
1.2000000000000002 0.7999999999999999 0.5
1.2000000000000002 0.7999999999999999 0.6
1.2000000000000002 0.7999999999999999 0.7
1.2000000000000002 0.7999999999999999 0.7999999999999999
1.2000000000000002 0.7999999999999999 0.8999999999999999
1.2000000000000002 0.7999999999999999 0.9999999999999999
1.2000000000000002 0.8999999999999999 0.0
1.2000000000000002 0.8999999999999999 0.1
1.2000000000000002 0.8999999999999999 0.2
1.2000000000000002 0.8999999999999999 0.30000000000000004
1.2000000000000002 0.8999999999999999 0.4
1.2000000000000002 0.8999999999999999 0.5
1.2000000000000002 0.8999999999999999 0.6
1.2000000000000002 0.8999999999999999 0.7
1.2000000000000002 0.8999999999999999 0.7999999999999999
1.2000000000000002 0.8999999999999999 0.8999999999999999
1.2000000000000002 0.8999999999999999 0.9999999999999999
1.2000000000000002 0.9999999999999999 0.0
1.2000000000000002 0.9999999999999999 0.1
1.2000000000000002 0.9999999999999999 0.2
1.2000000000000002 0.9999999999999999 0.30000000000000004
1.2000000000000002 0.9999999999999999 0.4
1.2000000000000002 0.9999999999999999 0.5
1.2000000000000002 0.9999999999999999 0.6
1.2000000000000002 0.9999999999999999 0.7
1.2000000000000002 0.9999999999999999 0.7999999999999999
1.2000000000000002 0.9999999999999999 0.8999999999999999
1.2000000000000002 0.9999999999999999 0.9999999999999999
1.3000000000000003 0.0 0.0
1.3000000000000003 0.0 0.1
1.3000000000000003 0.0 0.2
1.3000000000000003 0.0 0.30000000000000004
1.3000000000000003 0.0 0.4
1.3000000000000003 0.0 0.5
1.3000000000000003 0.0 0.6
1.3000000000000003 0.0 0.7
1.3000000000000003 0.0 0.7999999999999999
1.3000000000000003 0.0 0.8999999999999999
1.3000000000000003 0.0 0.9999999999999999
1.3000000000000003 0.1 0.0
1.3000000000000003 0.1 0.1
1.3000000000000003 0.1 0.2
1.3000000000000003 0.1 0.30000000000000004
1.3000000000000003 0.1 0.4
1.3000000000000003 0.1 0.5
1.3000000000000003 0.1 0.6
1.3000000000000003 0.1 0.7
1.3000000000000003 0.1 0.7999999999999999
1.3000000000000003 0.1 0.8999999999999999
1.3000000000000003 0.1 0.9999999999999999
1.3000000000000003 0.2 0.0
1.3000000000000003 0.2 0.1
1.3000000000000003 0.2 0.2
1.3000000000000003 0.2 0.30000000000000004
1.3000000000000003 0.2 0.4
1.3000000000000003 0.2 0.5
1.3000000000000003 0.2 0.6
1.3000000000000003 0.2 0.7
1.3000000000000003 0.2 0.7999999999999999
1.3000000000000003 0.2 0.8999999999999999
1.3000000000000003 0.2 0.9999999999999999
1.3000000000000003 0.30000000000000004 0.0
1.3000000000000003 0.30000000000000004 0.1
1.3000000000000003 0.30000000000000004 0.2
1.3000000000000003 0.30000000000000004 0.30000000000000004
1.3000000000000003 0.30000000000000004 0.4
1.3000000000000003 0.30000000000000004 0.5
1.3000000000000003 0.30000000000000004 0.6
1.3000000000000003 0.30000000000000004 0.7
1.3000000000000003 0.30000000000000004 0.7999999999999999
1.3000000000000003 0.30000000000000004 0.8999999999999999
1.3000000000000003 0.30000000000000004 0.9999999999999999
1.3000000000000003 0.4 0.0
1.3000000000000003 0.4 0.1
1.3000000000000003 0.4 0.2
1.3000000000000003 0.4 0.30000000000000004
1.3000000000000003 0.4 0.4
1.3000000000000003 0.4 0.5
1.3000000000000003 0.4 0.6
1.3000000000000003 0.4 0.7
1.3000000000000003 0.4 0.7999999999999999
1.3000000000000003 0.4 0.8999999999999999
1.3000000000000003 0.4 0.9999999999999999
1.3000000000000003 0.5 0.0
1.3000000000000003 0.5 0.1
1.3000000000000003 0.5 0.2
1.3000000000000003 0.5 0.30000000000000004
1.3000000000000003 0.5 0.4
1.3000000000000003 0.5 0.5
1.3000000000000003 0.5 0.6
1.3000000000000003 0.5 0.7
1.3000000000000003 0.5 0.7999999999999999
1.3000000000000003 0.5 0.8999999999999999
1.3000000000000003 0.5 0.9999999999999999
1.3000000000000003 0.6 0.0
1.3000000000000003 0.6 0.1
1.3000000000000003 0.6 0.2
1.3000000000000003 0.6 0.30000000000000004
1.3000000000000003 0.6 0.4
1.3000000000000003 0.6 0.5
1.3000000000000003 0.6 0.6
1.3000000000000003 0.6 0.7
1.3000000000000003 0.6 0.7999999999999999
1.3000000000000003 0.6 0.8999999999999999
1.3000000000000003 0.6 0.9999999999999999
1.3000000000000003 0.7 0.0
1.3000000000000003 0.7 0.1
1.3000000000000003 0.7 0.2
1.3000000000000003 0.7 0.30000000000000004
1.3000000000000003 0.7 0.4
1.3000000000000003 0.7 0.5
1.3000000000000003 0.7 0.6
1.3000000000000003 0.7 0.7
1.3000000000000003 0.7 0.7999999999999999
1.3000000000000003 0.7 0.8999999999999999
1.3000000000000003 0.7 0.9999999999999999
1.3000000000000003 0.7999999999999999 0.0
1.3000000000000003 0.7999999999999999 0.1
1.3000000000000003 0.7999999999999999 0.2
1.3000000000000003 0.7999999999999999 0.30000000000000004
1.3000000000000003 0.7999999999999999 0.4
1.3000000000000003 0.7999999999999999 0.5
1.3000000000000003 0.7999999999999999 0.6
1.3000000000000003 0.7999999999999999 0.7
1.3000000000000003 0.7999999999999999 0.7999999999999999
1.3000000000000003 0.7999999999999999 0.8999999999999999
1.3000000000000003 0.7999999999999999 0.9999999999999999
1.3000000000000003 0.8999999999999999 0.0
1.3000000000000003 0.8999999999999999 0.1
1.3000000000000003 0.8999999999999999 0.2
1.3000000000000003 0.8999999999999999 0.30000000000000004
1.3000000000000003 0.8999999999999999 0.4
1.3000000000000003 0.8999999999999999 0.5
1.3000000000000003 0.8999999999999999 0.6
1.3000000000000003 0.8999999999999999 0.7
1.3000000000000003 0.8999999999999999 0.7999999999999999
1.3000000000000003 0.8999999999999999 0.8999999999999999
1.3000000000000003 0.8999999999999999 0.9999999999999999
1.3000000000000003 0.9999999999999999 0.0
1.3000000000000003 0.9999999999999999 0.1
1.3000000000000003 0.9999999999999999 0.2
1.3000000000000003 0.9999999999999999 0.30000000000000004
1.3000000000000003 0.9999999999999999 0.4
1.3000000000000003 0.9999999999999999 0.5
1.3000000000000003 0.9999999999999999 0.6
1.3000000000000003 0.9999999999999999 0.7
1.3000000000000003 0.9999999999999999 0.7999999999999999
1.3000000000000003 0.9999999999999999 0.8999999999999999
1.3000000000000003 0.9999999999999999 0.9999999999999999
1.4000000000000004 0.0 0.0
1.4000000000000004 0.0 0.1
1.4000000000000004 0.0 0.2
1.4000000000000004 0.0 0.30000000000000004
1.4000000000000004 0.0 0.4
1.4000000000000004 0.0 0.5
1.4000000000000004 0.0 0.6
1.4000000000000004 0.0 0.7
1.4000000000000004 0.0 0.7999999999999999
1.4000000000000004 0.0 0.8999999999999999
1.4000000000000004 0.0 0.9999999999999999
1.4000000000000004 0.1 0.0
1.4000000000000004 0.1 0.1
1.4000000000000004 0.1 0.2
1.4000000000000004 0.1 0.30000000000000004
1.4000000000000004 0.1 0.4
1.4000000000000004 0.1 0.5
1.4000000000000004 0.1 0.6
1.4000000000000004 0.1 0.7
1.4000000000000004 0.1 0.7999999999999999
1.4000000000000004 0.1 0.8999999999999999
1.4000000000000004 0.1 0.9999999999999999
1.4000000000000004 0.2 0.0
1.4000000000000004 0.2 0.1
1.4000000000000004 0.2 0.2
1.4000000000000004 0.2 0.30000000000000004
1.4000000000000004 0.2 0.4
1.4000000000000004 0.2 0.5
1.4000000000000004 0.2 0.6
1.4000000000000004 0.2 0.7
1.4000000000000004 0.2 0.7999999999999999
1.4000000000000004 0.2 0.8999999999999999
1.4000000000000004 0.2 0.9999999999999999
1.4000000000000004 0.30000000000000004 0.0
1.4000000000000004 0.30000000000000004 0.1
1.4000000000000004 0.30000000000000004 0.2
1.4000000000000004 0.30000000000000004 0.30000000000000004
1.4000000000000004 0.30000000000000004 0.4
1.4000000000000004 0.30000000000000004 0.5
1.4000000000000004 0.30000000000000004 0.6
1.4000000000000004 0.30000000000000004 0.7
1.4000000000000004 0.30000000000000004 0.7999999999999999
1.4000000000000004 0.30000000000000004 0.8999999999999999
1.4000000000000004 0.30000000000000004 0.9999999999999999
1.4000000000000004 0.4 0.0
1.4000000000000004 0.4 0.1
1.4000000000000004 0.4 0.2
1.4000000000000004 0.4 0.30000000000000004
1.4000000000000004 0.4 0.4
1.4000000000000004 0.4 0.5
1.4000000000000004 0.4 0.6
1.4000000000000004 0.4 0.7
1.4000000000000004 0.4 0.7999999999999999
1.4000000000000004 0.4 0.8999999999999999
1.4000000000000004 0.4 0.9999999999999999
1.4000000000000004 0.5 0.0
1.4000000000000004 0.5 0.1
1.4000000000000004 0.5 0.2
1.4000000000000004 0.5 0.30000000000000004
1.4000000000000004 0.5 0.4
1.4000000000000004 0.5 0.5
1.4000000000000004 0.5 0.6
1.4000000000000004 0.5 0.7
1.4000000000000004 0.5 0.7999999999999999
1.4000000000000004 0.5 0.8999999999999999
1.4000000000000004 0.5 0.9999999999999999
1.4000000000000004 0.6 0.0
1.4000000000000004 0.6 0.1
1.4000000000000004 0.6 0.2
1.4000000000000004 0.6 0.30000000000000004
1.4000000000000004 0.6 0.4
1.4000000000000004 0.6 0.5
1.4000000000000004 0.6 0.6
1.4000000000000004 0.6 0.7
1.4000000000000004 0.6 0.7999999999999999
1.4000000000000004 0.6 0.8999999999999999
1.4000000000000004 0.6 0.9999999999999999
1.4000000000000004 0.7 0.0
1.4000000000000004 0.7 0.1
1.4000000000000004 0.7 0.2
1.4000000000000004 0.7 0.30000000000000004
1.4000000000000004 0.7 0.4
1.4000000000000004 0.7 0.5
1.4000000000000004 0.7 0.6
1.4000000000000004 0.7 0.7
1.4000000000000004 0.7 0.7999999999999999
1.4000000000000004 0.7 0.8999999999999999
1.4000000000000004 0.7 0.9999999999999999
1.4000000000000004 0.7999999999999999 0.0
1.4000000000000004 0.7999999999999999 0.1
1.4000000000000004 0.7999999999999999 0.2
1.4000000000000004 0.7999999999999999 0.30000000000000004
1.4000000000000004 0.7999999999999999 0.4
1.4000000000000004 0.7999999999999999 0.5
1.4000000000000004 0.7999999999999999 0.6
1.4000000000000004 0.7999999999999999 0.7
1.4000000000000004 0.7999999999999999 0.7999999999999999
1.4000000000000004 0.7999999999999999 0.8999999999999999
1.4000000000000004 0.7999999999999999 0.9999999999999999
1.4000000000000004 0.8999999999999999 0.0
1.4000000000000004 0.8999999999999999 0.1
1.4000000000000004 0.8999999999999999 0.2
1.4000000000000004 0.8999999999999999 0.30000000000000004
1.4000000000000004 0.8999999999999999 0.4
1.4000000000000004 0.8999999999999999 0.5
1.4000000000000004 0.8999999999999999 0.6
1.4000000000000004 0.8999999999999999 0.7
1.4000000000000004 0.8999999999999999 0.7999999999999999
1.4000000000000004 0.8999999999999999 0.8999999999999999
1.4000000000000004 0.8999999999999999 0.9999999999999999
1.4000000000000004 0.9999999999999999 0.0
1.4000000000000004 0.9999999999999999 0.1
1.4000000000000004 0.9999999999999999 0.2
1.4000000000000004 0.9999999999999999 0.30000000000000004
1.4000000000000004 0.9999999999999999 0.4
1.4000000000000004 0.9999999999999999 0.5
1.4000000000000004 0.9999999999999999 0.6
1.4000000000000004 0.9999999999999999 0.7
1.4000000000000004 0.9999999999999999 0.7999999999999999
1.4000000000000004 0.9999999999999999 0.8999999999999999
1.4000000000000004 0.9999999999999999 0.9999999999999999
1.5000000000000004 0.0 0.0
1.5000000000000004 0.0 0.1
1.5000000000000004 0.0 0.2
1.5000000000000004 0.0 0.30000000000000004
1.5000000000000004 0.0 0.4
1.5000000000000004 0.0 0.5
1.5000000000000004 0.0 0.6
1.5000000000000004 0.0 0.7
1.5000000000000004 0.0 0.7999999999999999
1.5000000000000004 0.0 0.8999999999999999
1.5000000000000004 0.0 0.9999999999999999
1.5000000000000004 0.1 0.0
1.5000000000000004 0.1 0.1
1.5000000000000004 0.1 0.2
1.5000000000000004 0.1 0.30000000000000004
1.5000000000000004 0.1 0.4
1.5000000000000004 0.1 0.5
1.5000000000000004 0.1 0.6
1.5000000000000004 0.1 0.7
1.5000000000000004 0.1 0.7999999999999999
1.5000000000000004 0.1 0.8999999999999999
1.5000000000000004 0.1 0.9999999999999999
1.5000000000000004 0.2 0.0
1.5000000000000004 0.2 0.1
1.5000000000000004 0.2 0.2
1.5000000000000004 0.2 0.30000000000000004
1.5000000000000004 0.2 0.4
1.5000000000000004 0.2 0.5
1.5000000000000004 0.2 0.6
1.5000000000000004 0.2 0.7
1.5000000000000004 0.2 0.7999999999999999
1.5000000000000004 0.2 0.8999999999999999
1.5000000000000004 0.2 0.9999999999999999
1.5000000000000004 0.30000000000000004 0.0
1.5000000000000004 0.30000000000000004 0.1
1.5000000000000004 0.30000000000000004 0.2
1.5000000000000004 0.30000000000000004 0.30000000000000004
1.5000000000000004 0.30000000000000004 0.4
1.5000000000000004 0.30000000000000004 0.5
1.5000000000000004 0.30000000000000004 0.6
1.5000000000000004 0.30000000000000004 0.7
1.5000000000000004 0.30000000000000004 0.7999999999999999
1.5000000000000004 0.30000000000000004 0.8999999999999999
1.5000000000000004 0.30000000000000004 0.9999999999999999
1.5000000000000004 0.4 0.0
1.5000000000000004 0.4 0.1
1.5000000000000004 0.4 0.2
1.5000000000000004 0.4 0.30000000000000004
1.5000000000000004 0.4 0.4
1.5000000000000004 0.4 0.5
1.5000000000000004 0.4 0.6
1.5000000000000004 0.4 0.7
1.5000000000000004 0.4 0.7999999999999999
1.5000000000000004 0.4 0.8999999999999999
1.5000000000000004 0.4 0.9999999999999999
1.5000000000000004 0.5 0.0
1.5000000000000004 0.5 0.1
1.5000000000000004 0.5 0.2
1.5000000000000004 0.5 0.30000000000000004
1.5000000000000004 0.5 0.4
1.5000000000000004 0.5 0.5
1.5000000000000004 0.5 0.6
1.5000000000000004 0.5 0.7
1.5000000000000004 0.5 0.7999999999999999
1.5000000000000004 0.5 0.8999999999999999
1.5000000000000004 0.5 0.9999999999999999
1.5000000000000004 0.6 0.0
1.5000000000000004 0.6 0.1
1.5000000000000004 0.6 0.2
1.5000000000000004 0.6 0.30000000000000004
1.5000000000000004 0.6 0.4
1.5000000000000004 0.6 0.5
1.5000000000000004 0.6 0.6
1.5000000000000004 0.6 0.7
1.5000000000000004 0.6 0.7999999999999999
1.5000000000000004 0.6 0.8999999999999999
1.5000000000000004 0.6 0.9999999999999999
1.5000000000000004 0.7 0.0
1.5000000000000004 0.7 0.1
1.5000000000000004 0.7 0.2
1.5000000000000004 0.7 0.30000000000000004
1.5000000000000004 0.7 0.4
1.5000000000000004 0.7 0.5
1.5000000000000004 0.7 0.6
1.5000000000000004 0.7 0.7
1.5000000000000004 0.7 0.7999999999999999
1.5000000000000004 0.7 0.8999999999999999
1.5000000000000004 0.7 0.9999999999999999
1.5000000000000004 0.7999999999999999 0.0
1.5000000000000004 0.7999999999999999 0.1
1.5000000000000004 0.7999999999999999 0.2
1.5000000000000004 0.7999999999999999 0.30000000000000004
1.5000000000000004 0.7999999999999999 0.4
1.5000000000000004 0.7999999999999999 0.5
1.5000000000000004 0.7999999999999999 0.6
1.5000000000000004 0.7999999999999999 0.7
1.5000000000000004 0.7999999999999999 0.7999999999999999
1.5000000000000004 0.7999999999999999 0.8999999999999999
1.5000000000000004 0.7999999999999999 0.9999999999999999
1.5000000000000004 0.8999999999999999 0.0
1.5000000000000004 0.8999999999999999 0.1
1.5000000000000004 0.8999999999999999 0.2
1.5000000000000004 0.8999999999999999 0.30000000000000004
1.5000000000000004 0.8999999999999999 0.4
1.5000000000000004 0.8999999999999999 0.5
1.5000000000000004 0.8999999999999999 0.6
1.5000000000000004 0.8999999999999999 0.7
1.5000000000000004 0.8999999999999999 0.7999999999999999
1.5000000000000004 0.8999999999999999 0.8999999999999999
1.5000000000000004 0.8999999999999999 0.9999999999999999
1.5000000000000004 0.9999999999999999 0.0
1.5000000000000004 0.9999999999999999 0.1
1.5000000000000004 0.9999999999999999 0.2
1.5000000000000004 0.9999999999999999 0.30000000000000004
1.5000000000000004 0.9999999999999999 0.4
1.5000000000000004 0.9999999999999999 0.5
1.5000000000000004 0.9999999999999999 0.6
1.5000000000000004 0.9999999999999999 0.7
1.5000000000000004 0.9999999999999999 0.7999999999999999
1.5000000000000004 0.9999999999999999 0.8999999999999999
1.5000000000000004 0.9999999999999999 0.9999999999999999
1.6000000000000005 0.0 0.0
1.6000000000000005 0.0 0.1
1.6000000000000005 0.0 0.2
1.6000000000000005 0.0 0.30000000000000004
1.6000000000000005 0.0 0.4
1.6000000000000005 0.0 0.5
1.6000000000000005 0.0 0.6
1.6000000000000005 0.0 0.7
1.6000000000000005 0.0 0.7999999999999999
1.6000000000000005 0.0 0.8999999999999999
1.6000000000000005 0.0 0.9999999999999999
1.6000000000000005 0.1 0.0
1.6000000000000005 0.1 0.1
1.6000000000000005 0.1 0.2
1.6000000000000005 0.1 0.30000000000000004
1.6000000000000005 0.1 0.4
1.6000000000000005 0.1 0.5
1.6000000000000005 0.1 0.6
1.6000000000000005 0.1 0.7
1.6000000000000005 0.1 0.7999999999999999
1.6000000000000005 0.1 0.8999999999999999
1.6000000000000005 0.1 0.9999999999999999
1.6000000000000005 0.2 0.0
1.6000000000000005 0.2 0.1
1.6000000000000005 0.2 0.2
1.6000000000000005 0.2 0.30000000000000004
1.6000000000000005 0.2 0.4
1.6000000000000005 0.2 0.5
1.6000000000000005 0.2 0.6
1.6000000000000005 0.2 0.7
1.6000000000000005 0.2 0.7999999999999999
1.6000000000000005 0.2 0.8999999999999999
1.6000000000000005 0.2 0.9999999999999999
1.6000000000000005 0.30000000000000004 0.0
1.6000000000000005 0.30000000000000004 0.1
1.6000000000000005 0.30000000000000004 0.2
1.6000000000000005 0.30000000000000004 0.30000000000000004
1.6000000000000005 0.30000000000000004 0.4
1.6000000000000005 0.30000000000000004 0.5
1.6000000000000005 0.30000000000000004 0.6
1.6000000000000005 0.30000000000000004 0.7
1.6000000000000005 0.30000000000000004 0.7999999999999999
1.6000000000000005 0.30000000000000004 0.8999999999999999
1.6000000000000005 0.30000000000000004 0.9999999999999999
1.6000000000000005 0.4 0.0
1.6000000000000005 0.4 0.1
1.6000000000000005 0.4 0.2
1.6000000000000005 0.4 0.30000000000000004
1.6000000000000005 0.4 0.4
1.6000000000000005 0.4 0.5
1.6000000000000005 0.4 0.6
1.6000000000000005 0.4 0.7
1.6000000000000005 0.4 0.7999999999999999
1.6000000000000005 0.4 0.8999999999999999
1.6000000000000005 0.4 0.9999999999999999
1.6000000000000005 0.5 0.0
1.6000000000000005 0.5 0.1
1.6000000000000005 0.5 0.2
1.6000000000000005 0.5 0.30000000000000004
1.6000000000000005 0.5 0.4
1.6000000000000005 0.5 0.5
1.6000000000000005 0.5 0.6
1.6000000000000005 0.5 0.7
1.6000000000000005 0.5 0.7999999999999999
1.6000000000000005 0.5 0.8999999999999999
1.6000000000000005 0.5 0.9999999999999999
1.6000000000000005 0.6 0.0
1.6000000000000005 0.6 0.1
1.6000000000000005 0.6 0.2
1.6000000000000005 0.6 0.30000000000000004
1.6000000000000005 0.6 0.4
1.6000000000000005 0.6 0.5
1.6000000000000005 0.6 0.6
1.6000000000000005 0.6 0.7
1.6000000000000005 0.6 0.7999999999999999
1.6000000000000005 0.6 0.8999999999999999
1.6000000000000005 0.6 0.9999999999999999
1.6000000000000005 0.7 0.0
1.6000000000000005 0.7 0.1
1.6000000000000005 0.7 0.2
1.6000000000000005 0.7 0.30000000000000004
1.6000000000000005 0.7 0.4
1.6000000000000005 0.7 0.5
1.6000000000000005 0.7 0.6
1.6000000000000005 0.7 0.7
1.6000000000000005 0.7 0.7999999999999999
1.6000000000000005 0.7 0.8999999999999999
1.6000000000000005 0.7 0.9999999999999999
1.6000000000000005 0.7999999999999999 0.0
1.6000000000000005 0.7999999999999999 0.1
1.6000000000000005 0.7999999999999999 0.2
1.6000000000000005 0.7999999999999999 0.30000000000000004
1.6000000000000005 0.7999999999999999 0.4
1.6000000000000005 0.7999999999999999 0.5
1.6000000000000005 0.7999999999999999 0.6
1.6000000000000005 0.7999999999999999 0.7
1.6000000000000005 0.7999999999999999 0.7999999999999999
1.6000000000000005 0.7999999999999999 0.8999999999999999
1.6000000000000005 0.7999999999999999 0.9999999999999999
1.6000000000000005 0.8999999999999999 0.0
1.6000000000000005 0.8999999999999999 0.1
1.6000000000000005 0.8999999999999999 0.2
1.6000000000000005 0.8999999999999999 0.30000000000000004
1.6000000000000005 0.8999999999999999 0.4
1.6000000000000005 0.8999999999999999 0.5
1.6000000000000005 0.8999999999999999 0.6
1.6000000000000005 0.8999999999999999 0.7
1.6000000000000005 0.8999999999999999 0.7999999999999999
1.6000000000000005 0.8999999999999999 0.8999999999999999
1.6000000000000005 0.8999999999999999 0.9999999999999999
1.6000000000000005 0.9999999999999999 0.0
1.6000000000000005 0.9999999999999999 0.1
1.6000000000000005 0.9999999999999999 0.2
1.6000000000000005 0.9999999999999999 0.30000000000000004
1.6000000000000005 0.9999999999999999 0.4
1.6000000000000005 0.9999999999999999 0.5
1.6000000000000005 0.9999999999999999 0.6
1.6000000000000005 0.9999999999999999 0.7
1.6000000000000005 0.9999999999999999 0.7999999999999999
1.6000000000000005 0.9999999999999999 0.8999999999999999
1.6000000000000005 0.9999999999999999 0.9999999999999999
1.7000000000000006 0.0 0.0
1.7000000000000006 0.0 0.1
1.7000000000000006 0.0 0.2
1.7000000000000006 0.0 0.30000000000000004
1.7000000000000006 0.0 0.4
1.7000000000000006 0.0 0.5
1.7000000000000006 0.0 0.6
1.7000000000000006 0.0 0.7
1.7000000000000006 0.0 0.7999999999999999
1.7000000000000006 0.0 0.8999999999999999
1.7000000000000006 0.0 0.9999999999999999
1.7000000000000006 0.1 0.0
1.7000000000000006 0.1 0.1
1.7000000000000006 0.1 0.2
1.7000000000000006 0.1 0.30000000000000004
1.7000000000000006 0.1 0.4
1.7000000000000006 0.1 0.5
1.7000000000000006 0.1 0.6
1.7000000000000006 0.1 0.7
1.7000000000000006 0.1 0.7999999999999999
1.7000000000000006 0.1 0.8999999999999999
1.7000000000000006 0.1 0.9999999999999999
1.7000000000000006 0.2 0.0
1.7000000000000006 0.2 0.1
1.7000000000000006 0.2 0.2
1.7000000000000006 0.2 0.30000000000000004
1.7000000000000006 0.2 0.4
1.7000000000000006 0.2 0.5
1.7000000000000006 0.2 0.6
1.7000000000000006 0.2 0.7
1.7000000000000006 0.2 0.7999999999999999
1.7000000000000006 0.2 0.8999999999999999
1.7000000000000006 0.2 0.9999999999999999
1.7000000000000006 0.30000000000000004 0.0
1.7000000000000006 0.30000000000000004 0.1
1.7000000000000006 0.30000000000000004 0.2
1.7000000000000006 0.30000000000000004 0.30000000000000004
1.7000000000000006 0.30000000000000004 0.4
1.7000000000000006 0.30000000000000004 0.5
1.7000000000000006 0.30000000000000004 0.6
1.7000000000000006 0.30000000000000004 0.7
1.7000000000000006 0.30000000000000004 0.7999999999999999
1.7000000000000006 0.30000000000000004 0.8999999999999999
1.7000000000000006 0.30000000000000004 0.9999999999999999
1.7000000000000006 0.4 0.0
1.7000000000000006 0.4 0.1
1.7000000000000006 0.4 0.2
1.7000000000000006 0.4 0.30000000000000004
1.7000000000000006 0.4 0.4
1.7000000000000006 0.4 0.5
1.7000000000000006 0.4 0.6
1.7000000000000006 0.4 0.7
1.7000000000000006 0.4 0.7999999999999999
1.7000000000000006 0.4 0.8999999999999999
1.7000000000000006 0.4 0.9999999999999999
1.7000000000000006 0.5 0.0
1.7000000000000006 0.5 0.1
1.7000000000000006 0.5 0.2
1.7000000000000006 0.5 0.30000000000000004
1.7000000000000006 0.5 0.4
1.7000000000000006 0.5 0.5
1.7000000000000006 0.5 0.6
1.7000000000000006 0.5 0.7
1.7000000000000006 0.5 0.7999999999999999
1.7000000000000006 0.5 0.8999999999999999
1.7000000000000006 0.5 0.9999999999999999
1.7000000000000006 0.6 0.0
1.7000000000000006 0.6 0.1
1.7000000000000006 0.6 0.2
1.7000000000000006 0.6 0.30000000000000004
1.7000000000000006 0.6 0.4
1.7000000000000006 0.6 0.5
1.7000000000000006 0.6 0.6
1.7000000000000006 0.6 0.7
1.7000000000000006 0.6 0.7999999999999999
1.7000000000000006 0.6 0.8999999999999999
1.7000000000000006 0.6 0.9999999999999999
1.7000000000000006 0.7 0.0
1.7000000000000006 0.7 0.1
1.7000000000000006 0.7 0.2
1.7000000000000006 0.7 0.30000000000000004
1.7000000000000006 0.7 0.4
1.7000000000000006 0.7 0.5
1.7000000000000006 0.7 0.6
1.7000000000000006 0.7 0.7
1.7000000000000006 0.7 0.7999999999999999
1.7000000000000006 0.7 0.8999999999999999
1.7000000000000006 0.7 0.9999999999999999
1.7000000000000006 0.7999999999999999 0.0
1.7000000000000006 0.7999999999999999 0.1
1.7000000000000006 0.7999999999999999 0.2
1.7000000000000006 0.7999999999999999 0.30000000000000004
1.7000000000000006 0.7999999999999999 0.4
1.7000000000000006 0.7999999999999999 0.5
1.7000000000000006 0.7999999999999999 0.6
1.7000000000000006 0.7999999999999999 0.7
1.7000000000000006 0.7999999999999999 0.7999999999999999
1.7000000000000006 0.7999999999999999 0.8999999999999999
1.7000000000000006 0.7999999999999999 0.9999999999999999
1.7000000000000006 0.8999999999999999 0.0
1.7000000000000006 0.8999999999999999 0.1
1.7000000000000006 0.8999999999999999 0.2
1.7000000000000006 0.8999999999999999 0.30000000000000004
1.7000000000000006 0.8999999999999999 0.4
1.7000000000000006 0.8999999999999999 0.5
1.7000000000000006 0.8999999999999999 0.6
1.7000000000000006 0.8999999999999999 0.7
1.7000000000000006 0.8999999999999999 0.7999999999999999
1.7000000000000006 0.8999999999999999 0.8999999999999999
1.7000000000000006 0.8999999999999999 0.9999999999999999
1.7000000000000006 0.9999999999999999 0.0
1.7000000000000006 0.9999999999999999 0.1
1.7000000000000006 0.9999999999999999 0.2
1.7000000000000006 0.9999999999999999 0.30000000000000004
1.7000000000000006 0.9999999999999999 0.4
1.7000000000000006 0.9999999999999999 0.5
1.7000000000000006 0.9999999999999999 0.6
1.7000000000000006 0.9999999999999999 0.7
1.7000000000000006 0.9999999999999999 0.7999999999999999
1.7000000000000006 0.9999999999999999 0.8999999999999999
1.7000000000000006 0.9999999999999999 0.9999999999999999
1.8000000000000007 0.0 0.0
1.8000000000000007 0.0 0.1
1.8000000000000007 0.0 0.2
1.8000000000000007 0.0 0.30000000000000004
1.8000000000000007 0.0 0.4
1.8000000000000007 0.0 0.5
1.8000000000000007 0.0 0.6
1.8000000000000007 0.0 0.7
1.8000000000000007 0.0 0.7999999999999999
1.8000000000000007 0.0 0.8999999999999999
1.8000000000000007 0.0 0.9999999999999999
1.8000000000000007 0.1 0.0
1.8000000000000007 0.1 0.1
1.8000000000000007 0.1 0.2
1.8000000000000007 0.1 0.30000000000000004
1.8000000000000007 0.1 0.4
1.8000000000000007 0.1 0.5
1.8000000000000007 0.1 0.6
1.8000000000000007 0.1 0.7
1.8000000000000007 0.1 0.7999999999999999
1.8000000000000007 0.1 0.8999999999999999
1.8000000000000007 0.1 0.9999999999999999
1.8000000000000007 0.2 0.0
1.8000000000000007 0.2 0.1
1.8000000000000007 0.2 0.2
1.8000000000000007 0.2 0.30000000000000004
1.8000000000000007 0.2 0.4
1.8000000000000007 0.2 0.5
1.8000000000000007 0.2 0.6
1.8000000000000007 0.2 0.7
1.8000000000000007 0.2 0.7999999999999999
1.8000000000000007 0.2 0.8999999999999999
1.8000000000000007 0.2 0.9999999999999999
1.8000000000000007 0.30000000000000004 0.0
1.8000000000000007 0.30000000000000004 0.1
1.8000000000000007 0.30000000000000004 0.2
1.8000000000000007 0.30000000000000004 0.30000000000000004
1.8000000000000007 0.30000000000000004 0.4
1.8000000000000007 0.30000000000000004 0.5
1.8000000000000007 0.30000000000000004 0.6
1.8000000000000007 0.30000000000000004 0.7
1.8000000000000007 0.30000000000000004 0.7999999999999999
1.8000000000000007 0.30000000000000004 0.8999999999999999
1.8000000000000007 0.30000000000000004 0.9999999999999999
1.8000000000000007 0.4 0.0
1.8000000000000007 0.4 0.1
1.8000000000000007 0.4 0.2
1.8000000000000007 0.4 0.30000000000000004
1.8000000000000007 0.4 0.4
1.8000000000000007 0.4 0.5
1.8000000000000007 0.4 0.6
1.8000000000000007 0.4 0.7
1.8000000000000007 0.4 0.7999999999999999
1.8000000000000007 0.4 0.8999999999999999
1.8000000000000007 0.4 0.9999999999999999
1.8000000000000007 0.5 0.0
1.8000000000000007 0.5 0.1
1.8000000000000007 0.5 0.2
1.8000000000000007 0.5 0.30000000000000004
1.8000000000000007 0.5 0.4
1.8000000000000007 0.5 0.5
1.8000000000000007 0.5 0.6
1.8000000000000007 0.5 0.7
1.8000000000000007 0.5 0.7999999999999999
1.8000000000000007 0.5 0.8999999999999999
1.8000000000000007 0.5 0.9999999999999999
1.8000000000000007 0.6 0.0
1.8000000000000007 0.6 0.1
1.8000000000000007 0.6 0.2
1.8000000000000007 0.6 0.30000000000000004
1.8000000000000007 0.6 0.4
1.8000000000000007 0.6 0.5
1.8000000000000007 0.6 0.6
1.8000000000000007 0.6 0.7
1.8000000000000007 0.6 0.7999999999999999
1.8000000000000007 0.6 0.8999999999999999
1.8000000000000007 0.6 0.9999999999999999
1.8000000000000007 0.7 0.0
1.8000000000000007 0.7 0.1
1.8000000000000007 0.7 0.2
1.8000000000000007 0.7 0.30000000000000004
1.8000000000000007 0.7 0.4
1.8000000000000007 0.7 0.5
1.8000000000000007 0.7 0.6
1.8000000000000007 0.7 0.7
1.8000000000000007 0.7 0.7999999999999999
1.8000000000000007 0.7 0.8999999999999999
1.8000000000000007 0.7 0.9999999999999999
1.8000000000000007 0.7999999999999999 0.0
1.8000000000000007 0.7999999999999999 0.1
1.8000000000000007 0.7999999999999999 0.2
1.8000000000000007 0.7999999999999999 0.30000000000000004
1.8000000000000007 0.7999999999999999 0.4
1.8000000000000007 0.7999999999999999 0.5
1.8000000000000007 0.7999999999999999 0.6
1.8000000000000007 0.7999999999999999 0.7
1.8000000000000007 0.7999999999999999 0.7999999999999999
1.8000000000000007 0.7999999999999999 0.8999999999999999
1.8000000000000007 0.7999999999999999 0.9999999999999999
1.8000000000000007 0.8999999999999999 0.0
1.8000000000000007 0.8999999999999999 0.1
1.8000000000000007 0.8999999999999999 0.2
1.8000000000000007 0.8999999999999999 0.30000000000000004
1.8000000000000007 0.8999999999999999 0.4
1.8000000000000007 0.8999999999999999 0.5
1.8000000000000007 0.8999999999999999 0.6
1.8000000000000007 0.8999999999999999 0.7
1.8000000000000007 0.8999999999999999 0.7999999999999999
1.8000000000000007 0.8999999999999999 0.8999999999999999
1.8000000000000007 0.8999999999999999 0.9999999999999999
1.8000000000000007 0.9999999999999999 0.0
1.8000000000000007 0.9999999999999999 0.1
1.8000000000000007 0.9999999999999999 0.2
1.8000000000000007 0.9999999999999999 0.30000000000000004
1.8000000000000007 0.9999999999999999 0.4
1.8000000000000007 0.9999999999999999 0.5
1.8000000000000007 0.9999999999999999 0.6
1.8000000000000007 0.9999999999999999 0.7
1.8000000000000007 0.9999999999999999 0.7999999999999999
1.8000000000000007 0.9999999999999999 0.8999999999999999
1.8000000000000007 0.9999999999999999 0.9999999999999999
1.9000000000000008 0.0 0.0
1.9000000000000008 0.0 0.1
1.9000000000000008 0.0 0.2
1.9000000000000008 0.0 0.30000000000000004
1.9000000000000008 0.0 0.4
1.9000000000000008 0.0 0.5
1.9000000000000008 0.0 0.6
1.9000000000000008 0.0 0.7
1.9000000000000008 0.0 0.7999999999999999
1.9000000000000008 0.0 0.8999999999999999
1.9000000000000008 0.0 0.9999999999999999
1.9000000000000008 0.1 0.0
1.9000000000000008 0.1 0.1
1.9000000000000008 0.1 0.2
1.9000000000000008 0.1 0.30000000000000004
1.9000000000000008 0.1 0.4
1.9000000000000008 0.1 0.5
1.9000000000000008 0.1 0.6
1.9000000000000008 0.1 0.7
1.9000000000000008 0.1 0.7999999999999999
1.9000000000000008 0.1 0.8999999999999999
1.9000000000000008 0.1 0.9999999999999999
1.9000000000000008 0.2 0.0
1.9000000000000008 0.2 0.1
1.9000000000000008 0.2 0.2
1.9000000000000008 0.2 0.30000000000000004
1.9000000000000008 0.2 0.4
1.9000000000000008 0.2 0.5
1.9000000000000008 0.2 0.6
1.9000000000000008 0.2 0.7
1.9000000000000008 0.2 0.7999999999999999
1.9000000000000008 0.2 0.8999999999999999
1.9000000000000008 0.2 0.9999999999999999
1.9000000000000008 0.30000000000000004 0.0
1.9000000000000008 0.30000000000000004 0.1
1.9000000000000008 0.30000000000000004 0.2
1.9000000000000008 0.30000000000000004 0.30000000000000004
1.9000000000000008 0.30000000000000004 0.4
1.9000000000000008 0.30000000000000004 0.5
1.9000000000000008 0.30000000000000004 0.6
1.9000000000000008 0.30000000000000004 0.7
1.9000000000000008 0.30000000000000004 0.7999999999999999
1.9000000000000008 0.30000000000000004 0.8999999999999999
1.9000000000000008 0.30000000000000004 0.9999999999999999
1.9000000000000008 0.4 0.0
1.9000000000000008 0.4 0.1
1.9000000000000008 0.4 0.2
1.9000000000000008 0.4 0.30000000000000004
1.9000000000000008 0.4 0.4
1.9000000000000008 0.4 0.5
1.9000000000000008 0.4 0.6
1.9000000000000008 0.4 0.7
1.9000000000000008 0.4 0.7999999999999999
1.9000000000000008 0.4 0.8999999999999999
1.9000000000000008 0.4 0.9999999999999999
1.9000000000000008 0.5 0.0
1.9000000000000008 0.5 0.1
1.9000000000000008 0.5 0.2
1.9000000000000008 0.5 0.30000000000000004
1.9000000000000008 0.5 0.4
1.9000000000000008 0.5 0.5
1.9000000000000008 0.5 0.6
1.9000000000000008 0.5 0.7
1.9000000000000008 0.5 0.7999999999999999
1.9000000000000008 0.5 0.8999999999999999
1.9000000000000008 0.5 0.9999999999999999
1.9000000000000008 0.6 0.0
1.9000000000000008 0.6 0.1
1.9000000000000008 0.6 0.2
1.9000000000000008 0.6 0.30000000000000004
1.9000000000000008 0.6 0.4
1.9000000000000008 0.6 0.5
1.9000000000000008 0.6 0.6
1.9000000000000008 0.6 0.7
1.9000000000000008 0.6 0.7999999999999999
1.9000000000000008 0.6 0.8999999999999999
1.9000000000000008 0.6 0.9999999999999999
1.9000000000000008 0.7 0.0
1.9000000000000008 0.7 0.1
1.9000000000000008 0.7 0.2
1.9000000000000008 0.7 0.30000000000000004
1.9000000000000008 0.7 0.4
1.9000000000000008 0.7 0.5
1.9000000000000008 0.7 0.6
1.9000000000000008 0.7 0.7
1.9000000000000008 0.7 0.7999999999999999
1.9000000000000008 0.7 0.8999999999999999
1.9000000000000008 0.7 0.9999999999999999
1.9000000000000008 0.7999999999999999 0.0
1.9000000000000008 0.7999999999999999 0.1
1.9000000000000008 0.7999999999999999 0.2
1.9000000000000008 0.7999999999999999 0.30000000000000004
1.9000000000000008 0.7999999999999999 0.4
1.9000000000000008 0.7999999999999999 0.5
1.9000000000000008 0.7999999999999999 0.6
1.9000000000000008 0.7999999999999999 0.7
1.9000000000000008 0.7999999999999999 0.7999999999999999
1.9000000000000008 0.7999999999999999 0.8999999999999999
1.9000000000000008 0.7999999999999999 0.9999999999999999
1.9000000000000008 0.8999999999999999 0.0
1.9000000000000008 0.8999999999999999 0.1
1.9000000000000008 0.8999999999999999 0.2
1.9000000000000008 0.8999999999999999 0.30000000000000004
1.9000000000000008 0.8999999999999999 0.4
1.9000000000000008 0.8999999999999999 0.5
1.9000000000000008 0.8999999999999999 0.6
1.9000000000000008 0.8999999999999999 0.7
1.9000000000000008 0.8999999999999999 0.7999999999999999
1.9000000000000008 0.8999999999999999 0.8999999999999999
1.9000000000000008 0.8999999999999999 0.9999999999999999
1.9000000000000008 0.9999999999999999 0.0
1.9000000000000008 0.9999999999999999 0.1
1.9000000000000008 0.9999999999999999 0.2
1.9000000000000008 0.9999999999999999 0.30000000000000004
1.9000000000000008 0.9999999999999999 0.4
1.9000000000000008 0.9999999999999999 0.5
1.9000000000000008 0.9999999999999999 0.6
1.9000000000000008 0.9999999999999999 0.7
1.9000000000000008 0.9999999999999999 0.7999999999999999
1.9000000000000008 0.9999999999999999 0.8999999999999999
1.9000000000000008 0.9999999999999999 0.9999999999999999
2.0 1.0 1.0
