1280 2 
  0.00000000   0.00000000 
  0.00000000   0.06666667 
  0.00000000   0.13333333 
  0.00000000   0.20000000 
  0.00000000   0.26666667 
  0.00000000   0.33333333 
  0.00000000   0.40000000 
  0.00000000   0.46666667 
  0.00000000   0.53333333 
  0.00000000   0.60000000 
  0.00000000   0.66666667 
  0.00000000   0.73333333 
  0.00000000   0.80000000 
  0.00000000   0.86666667 
  0.00000000   0.93333333 
  0.00000000   1.00000000 
  0.06666667   0.00000000 
  0.06666667   0.06666667 
  0.06666667   0.13333333 
  0.06666667   0.20000000 
  0.06666667   0.26666667 
  0.06666667   0.33333333 
  0.06666667   0.40000000 
  0.06666667   0.46666667 
  0.06666667   0.53333333 
  0.06666667   0.60000000 
  0.06666667   0.66666667 
  0.06666667   0.73333333 
  0.06666667   0.80000000 
  0.06666667   0.86666667 
  0.06666667   0.93333333 
  0.06666667   1.00000000 
  0.13333333   0.00000000 
  0.13333333   0.06666667 
  0.13333333   0.13333333 
  0.13333333   0.20000000 
  0.13333333   0.26666667 
  0.13333333   0.33333333 
  0.13333333   0.40000000 
  0.13333333   0.46666667 
  0.13333333   0.53333333 
  0.13333333   0.60000000 
  0.13333333   0.66666667 
  0.13333333   0.73333333 
  0.13333333   0.80000000 
  0.13333333   0.86666667 
  0.13333333   0.93333333 
  0.13333333   1.00000000 
  0.20000000   0.00000000 
  0.20000000   0.06666667 
  0.20000000   0.13333333 
  0.20000000   0.20000000 
  0.20000000   0.26666667 
  0.20000000   0.33333333 
  0.20000000   0.40000000 
  0.20000000   0.46666667 
  0.20000000   0.53333333 
  0.20000000   0.60000000 
  0.20000000   0.66666667 
  0.20000000   0.73333333 
  0.20000000   0.80000000 
  0.20000000   0.86666667 
  0.20000000   0.93333333 
  0.20000000   1.00000000 
  0.26666667   0.00000000 
  0.26666667   0.06666667 
  0.26666667   0.13333333 
  0.26666667   0.20000000 
  0.26666667   0.26666667 
  0.26666667   0.33333333 
  0.26666667   0.40000000 
  0.26666667   0.46666667 
  0.26666667   0.53333333 
  0.26666667   0.60000000 
  0.26666667   0.66666667 
  0.26666667   0.73333333 
  0.26666667   0.80000000 
  0.26666667   0.86666667 
  0.26666667   0.93333333 
  0.26666667   1.00000000 
  0.33333333   0.00000000 
  0.33333333   0.06666667 
  0.33333333   0.13333333 
  0.33333333   0.20000000 
  0.33333333   0.26666667 
  0.33333333   0.33333333 
  0.33333333   0.40000000 
  0.33333333   0.46666667 
  0.33333333   0.53333333 
  0.33333333   0.60000000 
  0.33333333   0.66666667 
  0.33333333   0.73333333 
  0.33333333   0.80000000 
  0.33333333   0.86666667 
  0.33333333   0.93333333 
  0.33333333   1.00000000 
  0.40000000   0.00000000 
  0.40000000   0.06666667 
  0.40000000   0.13333333 
  0.40000000   0.20000000 
  0.40000000   0.26666667 
  0.40000000   0.33333333 
  0.40000000   0.40000000 
  0.40000000   0.46666667 
  0.40000000   0.53333333 
  0.40000000   0.60000000 
  0.40000000   0.66666667 
  0.40000000   0.73333333 
  0.40000000   0.80000000 
  0.40000000   0.86666667 
  0.40000000   0.93333333 
  0.40000000   1.00000000 
  0.46666667   0.00000000 
  0.46666667   0.06666667 
  0.46666667   0.13333333 
  0.46666667   0.20000000 
  0.46666667   0.26666667 
  0.46666667   0.33333333 
  0.46666667   0.40000000 
  0.46666667   0.46666667 
  0.46666667   0.53333333 
  0.46666667   0.60000000 
  0.46666667   0.66666667 
  0.46666667   0.73333333 
  0.46666667   0.80000000 
  0.46666667   0.86666667 
  0.46666667   0.93333333 
  0.46666667   1.00000000 
  0.53333333   0.00000000 
  0.53333333   0.06666667 
  0.53333333   0.13333333 
  0.53333333   0.20000000 
  0.53333333   0.26666667 
  0.53333333   0.33333333 
  0.53333333   0.40000000 
  0.53333333   0.46666667 
  0.53333333   0.53333333 
  0.53333333   0.60000000 
  0.53333333   0.66666667 
  0.53333333   0.73333333 
  0.53333333   0.80000000 
  0.53333333   0.86666667 
  0.53333333   0.93333333 
  0.53333333   1.00000000 
  0.60000000   0.00000000 
  0.60000000   0.06666667 
  0.60000000   0.13333333 
  0.60000000   0.20000000 
  0.60000000   0.26666667 
  0.60000000   0.33333333 
  0.60000000   0.40000000 
  0.60000000   0.46666667 
  0.60000000   0.53333333 
  0.60000000   0.60000000 
  0.60000000   0.66666667 
  0.60000000   0.73333333 
  0.60000000   0.80000000 
  0.60000000   0.86666667 
  0.60000000   0.93333333 
  0.60000000   1.00000000 
  0.66666667   0.00000000 
  0.66666667   0.06666667 
  0.66666667   0.13333333 
  0.66666667   0.20000000 
  0.66666667   0.26666667 
  0.66666667   0.33333333 
  0.66666667   0.40000000 
  0.66666667   0.46666667 
  0.66666667   0.53333333 
  0.66666667   0.60000000 
  0.66666667   0.66666667 
  0.66666667   0.73333333 
  0.66666667   0.80000000 
  0.66666667   0.86666667 
  0.66666667   0.93333333 
  0.66666667   1.00000000 
  0.73333333   0.00000000 
  0.73333333   0.06666667 
  0.73333333   0.13333333 
  0.73333333   0.20000000 
  0.73333333   0.26666667 
  0.73333333   0.33333333 
  0.73333333   0.40000000 
  0.73333333   0.46666667 
  0.73333333   0.53333333 
  0.73333333   0.60000000 
  0.73333333   0.66666667 
  0.73333333   0.73333333 
  0.73333333   0.80000000 
  0.73333333   0.86666667 
  0.73333333   0.93333333 
  0.73333333   1.00000000 
  0.80000000   0.00000000 
  0.80000000   0.06666667 
  0.80000000   0.13333333 
  0.80000000   0.20000000 
  0.80000000   0.26666667 
  0.80000000   0.33333333 
  0.80000000   0.40000000 
  0.80000000   0.46666667 
  0.80000000   0.53333333 
  0.80000000   0.60000000 
  0.80000000   0.66666667 
  0.80000000   0.73333333 
  0.80000000   0.80000000 
  0.80000000   0.86666667 
  0.80000000   0.93333333 
  0.80000000   1.00000000 
  0.86666667   0.00000000 
  0.86666667   0.06666667 
  0.86666667   0.13333333 
  0.86666667   0.20000000 
  0.86666667   0.26666667 
  0.86666667   0.33333333 
  0.86666667   0.40000000 
  0.86666667   0.46666667 
  0.86666667   0.53333333 
  0.86666667   0.60000000 
  0.86666667   0.66666667 
  0.86666667   0.73333333 
  0.86666667   0.80000000 
  0.86666667   0.86666667 
  0.86666667   0.93333333 
  0.86666667   1.00000000 
  0.93333333   0.00000000 
  0.93333333   0.06666667 
  0.93333333   0.13333333 
  0.93333333   0.20000000 
  0.93333333   0.26666667 
  0.93333333   0.33333333 
  0.93333333   0.40000000 
  0.93333333   0.46666667 
  0.93333333   0.53333333 
  0.93333333   0.60000000 
  0.93333333   0.66666667 
  0.93333333   0.73333333 
  0.93333333   0.80000000 
  0.93333333   0.86666667 
  0.93333333   0.93333333 
  0.93333333   1.00000000 
  1.00000000   0.00000000 
  1.00000000   0.06666667 
  1.00000000   0.13333333 
  1.00000000   0.20000000 
  1.00000000   0.26666667 
  1.00000000   0.33333333 
  1.00000000   0.40000000 
  1.00000000   0.46666667 
  1.00000000   0.53333333 
  1.00000000   0.60000000 
  1.00000000   0.66666667 
  1.00000000   0.73333333 
  1.00000000   0.80000000 
  1.00000000   0.86666667 
  1.00000000   0.93333333 
  1.00000000   1.00000000 
 -2.00000000   2.00000000 
 -2.00000000   2.06666667 
 -2.00000000   2.13333333 
 -2.00000000   2.20000000 
 -2.00000000   2.26666667 
 -2.00000000   2.33333333 
 -2.00000000   2.40000000 
 -2.00000000   2.46666667 
 -2.00000000   2.53333333 
 -2.00000000   2.60000000 
 -2.00000000   2.66666667 
 -2.00000000   2.73333333 
 -2.00000000   2.80000000 
 -2.00000000   2.86666667 
 -2.00000000   2.93333333 
 -2.00000000   3.00000000 
 -1.93333333   2.00000000 
 -1.93333333   2.06666667 
 -1.93333333   2.13333333 
 -1.93333333   2.20000000 
 -1.93333333   2.26666667 
 -1.93333333   2.33333333 
 -1.93333333   2.40000000 
 -1.93333333   2.46666667 
 -1.93333333   2.53333333 
 -1.93333333   2.60000000 
 -1.93333333   2.66666667 
 -1.93333333   2.73333333 
 -1.93333333   2.80000000 
 -1.93333333   2.86666667 
 -1.93333333   2.93333333 
 -1.93333333   3.00000000 
 -1.86666667   2.00000000 
 -1.86666667   2.06666667 
 -1.86666667   2.13333333 
 -1.86666667   2.20000000 
 -1.86666667   2.26666667 
 -1.86666667   2.33333333 
 -1.86666667   2.40000000 
 -1.86666667   2.46666667 
 -1.86666667   2.53333333 
 -1.86666667   2.60000000 
 -1.86666667   2.66666667 
 -1.86666667   2.73333333 
 -1.86666667   2.80000000 
 -1.86666667   2.86666667 
 -1.86666667   2.93333333 
 -1.86666667   3.00000000 
 -1.80000000   2.00000000 
 -1.80000000   2.06666667 
 -1.80000000   2.13333333 
 -1.80000000   2.20000000 
 -1.80000000   2.26666667 
 -1.80000000   2.33333333 
 -1.80000000   2.40000000 
 -1.80000000   2.46666667 
 -1.80000000   2.53333333 
 -1.80000000   2.60000000 
 -1.80000000   2.66666667 
 -1.80000000   2.73333333 
 -1.80000000   2.80000000 
 -1.80000000   2.86666667 
 -1.80000000   2.93333333 
 -1.80000000   3.00000000 
 -1.73333333   2.00000000 
 -1.73333333   2.06666667 
 -1.73333333   2.13333333 
 -1.73333333   2.20000000 
 -1.73333333   2.26666667 
 -1.73333333   2.33333333 
 -1.73333333   2.40000000 
 -1.73333333   2.46666667 
 -1.73333333   2.53333333 
 -1.73333333   2.60000000 
 -1.73333333   2.66666667 
 -1.73333333   2.73333333 
 -1.73333333   2.80000000 
 -1.73333333   2.86666667 
 -1.73333333   2.93333333 
 -1.73333333   3.00000000 
 -1.66666667   2.00000000 
 -1.66666667   2.06666667 
 -1.66666667   2.13333333 
 -1.66666667   2.20000000 
 -1.66666667   2.26666667 
 -1.66666667   2.33333333 
 -1.66666667   2.40000000 
 -1.66666667   2.46666667 
 -1.66666667   2.53333333 
 -1.66666667   2.60000000 
 -1.66666667   2.66666667 
 -1.66666667   2.73333333 
 -1.66666667   2.80000000 
 -1.66666667   2.86666667 
 -1.66666667   2.93333333 
 -1.66666667   3.00000000 
 -1.60000000   2.00000000 
 -1.60000000   2.06666667 
 -1.60000000   2.13333333 
 -1.60000000   2.20000000 
 -1.60000000   2.26666667 
 -1.60000000   2.33333333 
 -1.60000000   2.40000000 
 -1.60000000   2.46666667 
 -1.60000000   2.53333333 
 -1.60000000   2.60000000 
 -1.60000000   2.66666667 
 -1.60000000   2.73333333 
 -1.60000000   2.80000000 
 -1.60000000   2.86666667 
 -1.60000000   2.93333333 
 -1.60000000   3.00000000 
 -1.53333333   2.00000000 
 -1.53333333   2.06666667 
 -1.53333333   2.13333333 
 -1.53333333   2.20000000 
 -1.53333333   2.26666667 
 -1.53333333   2.33333333 
 -1.53333333   2.40000000 
 -1.53333333   2.46666667 
 -1.53333333   2.53333333 
 -1.53333333   2.60000000 
 -1.53333333   2.66666667 
 -1.53333333   2.73333333 
 -1.53333333   2.80000000 
 -1.53333333   2.86666667 
 -1.53333333   2.93333333 
 -1.53333333   3.00000000 
 -1.46666667   2.00000000 
 -1.46666667   2.06666667 
 -1.46666667   2.13333333 
 -1.46666667   2.20000000 
 -1.46666667   2.26666667 
 -1.46666667   2.33333333 
 -1.46666667   2.40000000 
 -1.46666667   2.46666667 
 -1.46666667   2.53333333 
 -1.46666667   2.60000000 
 -1.46666667   2.66666667 
 -1.46666667   2.73333333 
 -1.46666667   2.80000000 
 -1.46666667   2.86666667 
 -1.46666667   2.93333333 
 -1.46666667   3.00000000 
 -1.40000000   2.00000000 
 -1.40000000   2.06666667 
 -1.40000000   2.13333333 
 -1.40000000   2.20000000 
 -1.40000000   2.26666667 
 -1.40000000   2.33333333 
 -1.40000000   2.40000000 
 -1.40000000   2.46666667 
 -1.40000000   2.53333333 
 -1.40000000   2.60000000 
 -1.40000000   2.66666667 
 -1.40000000   2.73333333 
 -1.40000000   2.80000000 
 -1.40000000   2.86666667 
 -1.40000000   2.93333333 
 -1.40000000   3.00000000 
 -1.33333333   2.00000000 
 -1.33333333   2.06666667 
 -1.33333333   2.13333333 
 -1.33333333   2.20000000 
 -1.33333333   2.26666667 
 -1.33333333   2.33333333 
 -1.33333333   2.40000000 
 -1.33333333   2.46666667 
 -1.33333333   2.53333333 
 -1.33333333   2.60000000 
 -1.33333333   2.66666667 
 -1.33333333   2.73333333 
 -1.33333333   2.80000000 
 -1.33333333   2.86666667 
 -1.33333333   2.93333333 
 -1.33333333   3.00000000 
 -1.26666667   2.00000000 
 -1.26666667   2.06666667 
 -1.26666667   2.13333333 
 -1.26666667   2.20000000 
 -1.26666667   2.26666667 
 -1.26666667   2.33333333 
 -1.26666667   2.40000000 
 -1.26666667   2.46666667 
 -1.26666667   2.53333333 
 -1.26666667   2.60000000 
 -1.26666667   2.66666667 
 -1.26666667   2.73333333 
 -1.26666667   2.80000000 
 -1.26666667   2.86666667 
 -1.26666667   2.93333333 
 -1.26666667   3.00000000 
 -1.20000000   2.00000000 
 -1.20000000   2.06666667 
 -1.20000000   2.13333333 
 -1.20000000   2.20000000 
 -1.20000000   2.26666667 
 -1.20000000   2.33333333 
 -1.20000000   2.40000000 
 -1.20000000   2.46666667 
 -1.20000000   2.53333333 
 -1.20000000   2.60000000 
 -1.20000000   2.66666667 
 -1.20000000   2.73333333 
 -1.20000000   2.80000000 
 -1.20000000   2.86666667 
 -1.20000000   2.93333333 
 -1.20000000   3.00000000 
 -1.13333333   2.00000000 
 -1.13333333   2.06666667 
 -1.13333333   2.13333333 
 -1.13333333   2.20000000 
 -1.13333333   2.26666667 
 -1.13333333   2.33333333 
 -1.13333333   2.40000000 
 -1.13333333   2.46666667 
 -1.13333333   2.53333333 
 -1.13333333   2.60000000 
 -1.13333333   2.66666667 
 -1.13333333   2.73333333 
 -1.13333333   2.80000000 
 -1.13333333   2.86666667 
 -1.13333333   2.93333333 
 -1.13333333   3.00000000 
 -1.06666667   2.00000000 
 -1.06666667   2.06666667 
 -1.06666667   2.13333333 
 -1.06666667   2.20000000 
 -1.06666667   2.26666667 
 -1.06666667   2.33333333 
 -1.06666667   2.40000000 
 -1.06666667   2.46666667 
 -1.06666667   2.53333333 
 -1.06666667   2.60000000 
 -1.06666667   2.66666667 
 -1.06666667   2.73333333 
 -1.06666667   2.80000000 
 -1.06666667   2.86666667 
 -1.06666667   2.93333333 
 -1.06666667   3.00000000 
 -1.00000000   2.00000000 
 -1.00000000   2.06666667 
 -1.00000000   2.13333333 
 -1.00000000   2.20000000 
 -1.00000000   2.26666667 
 -1.00000000   2.33333333 
 -1.00000000   2.40000000 
 -1.00000000   2.46666667 
 -1.00000000   2.53333333 
 -1.00000000   2.60000000 
 -1.00000000   2.66666667 
 -1.00000000   2.73333333 
 -1.00000000   2.80000000 
 -1.00000000   2.86666667 
 -1.00000000   2.93333333 
 -1.00000000   3.00000000 
 -4.00000000   4.00000000 
 -4.00000000   4.06666667 
 -4.00000000   4.13333333 
 -4.00000000   4.20000000 
 -4.00000000   4.26666667 
 -4.00000000   4.33333333 
 -4.00000000   4.40000000 
 -4.00000000   4.46666667 
 -4.00000000   4.53333333 
 -4.00000000   4.60000000 
 -4.00000000   4.66666667 
 -4.00000000   4.73333333 
 -4.00000000   4.80000000 
 -4.00000000   4.86666667 
 -4.00000000   4.93333333 
 -4.00000000   5.00000000 
 -3.93333333   4.00000000 
 -3.93333333   4.06666667 
 -3.93333333   4.13333333 
 -3.93333333   4.20000000 
 -3.93333333   4.26666667 
 -3.93333333   4.33333333 
 -3.93333333   4.40000000 
 -3.93333333   4.46666667 
 -3.93333333   4.53333333 
 -3.93333333   4.60000000 
 -3.93333333   4.66666667 
 -3.93333333   4.73333333 
 -3.93333333   4.80000000 
 -3.93333333   4.86666667 
 -3.93333333   4.93333333 
 -3.93333333   5.00000000 
 -3.86666667   4.00000000 
 -3.86666667   4.06666667 
 -3.86666667   4.13333333 
 -3.86666667   4.20000000 
 -3.86666667   4.26666667 
 -3.86666667   4.33333333 
 -3.86666667   4.40000000 
 -3.86666667   4.46666667 
 -3.86666667   4.53333333 
 -3.86666667   4.60000000 
 -3.86666667   4.66666667 
 -3.86666667   4.73333333 
 -3.86666667   4.80000000 
 -3.86666667   4.86666667 
 -3.86666667   4.93333333 
 -3.86666667   5.00000000 
 -3.80000000   4.00000000 
 -3.80000000   4.06666667 
 -3.80000000   4.13333333 
 -3.80000000   4.20000000 
 -3.80000000   4.26666667 
 -3.80000000   4.33333333 
 -3.80000000   4.40000000 
 -3.80000000   4.46666667 
 -3.80000000   4.53333333 
 -3.80000000   4.60000000 
 -3.80000000   4.66666667 
 -3.80000000   4.73333333 
 -3.80000000   4.80000000 
 -3.80000000   4.86666667 
 -3.80000000   4.93333333 
 -3.80000000   5.00000000 
 -3.73333333   4.00000000 
 -3.73333333   4.06666667 
 -3.73333333   4.13333333 
 -3.73333333   4.20000000 
 -3.73333333   4.26666667 
 -3.73333333   4.33333333 
 -3.73333333   4.40000000 
 -3.73333333   4.46666667 
 -3.73333333   4.53333333 
 -3.73333333   4.60000000 
 -3.73333333   4.66666667 
 -3.73333333   4.73333333 
 -3.73333333   4.80000000 
 -3.73333333   4.86666667 
 -3.73333333   4.93333333 
 -3.73333333   5.00000000 
 -3.66666667   4.00000000 
 -3.66666667   4.06666667 
 -3.66666667   4.13333333 
 -3.66666667   4.20000000 
 -3.66666667   4.26666667 
 -3.66666667   4.33333333 
 -3.66666667   4.40000000 
 -3.66666667   4.46666667 
 -3.66666667   4.53333333 
 -3.66666667   4.60000000 
 -3.66666667   4.66666667 
 -3.66666667   4.73333333 
 -3.66666667   4.80000000 
 -3.66666667   4.86666667 
 -3.66666667   4.93333333 
 -3.66666667   5.00000000 
 -3.60000000   4.00000000 
 -3.60000000   4.06666667 
 -3.60000000   4.13333333 
 -3.60000000   4.20000000 
 -3.60000000   4.26666667 
 -3.60000000   4.33333333 
 -3.60000000   4.40000000 
 -3.60000000   4.46666667 
 -3.60000000   4.53333333 
 -3.60000000   4.60000000 
 -3.60000000   4.66666667 
 -3.60000000   4.73333333 
 -3.60000000   4.80000000 
 -3.60000000   4.86666667 
 -3.60000000   4.93333333 
 -3.60000000   5.00000000 
 -3.53333333   4.00000000 
 -3.53333333   4.06666667 
 -3.53333333   4.13333333 
 -3.53333333   4.20000000 
 -3.53333333   4.26666667 
 -3.53333333   4.33333333 
 -3.53333333   4.40000000 
 -3.53333333   4.46666667 
 -3.53333333   4.53333333 
 -3.53333333   4.60000000 
 -3.53333333   4.66666667 
 -3.53333333   4.73333333 
 -3.53333333   4.80000000 
 -3.53333333   4.86666667 
 -3.53333333   4.93333333 
 -3.53333333   5.00000000 
 -3.46666667   4.00000000 
 -3.46666667   4.06666667 
 -3.46666667   4.13333333 
 -3.46666667   4.20000000 
 -3.46666667   4.26666667 
 -3.46666667   4.33333333 
 -3.46666667   4.40000000 
 -3.46666667   4.46666667 
 -3.46666667   4.53333333 
 -3.46666667   4.60000000 
 -3.46666667   4.66666667 
 -3.46666667   4.73333333 
 -3.46666667   4.80000000 
 -3.46666667   4.86666667 
 -3.46666667   4.93333333 
 -3.46666667   5.00000000 
 -3.40000000   4.00000000 
 -3.40000000   4.06666667 
 -3.40000000   4.13333333 
 -3.40000000   4.20000000 
 -3.40000000   4.26666667 
 -3.40000000   4.33333333 
 -3.40000000   4.40000000 
 -3.40000000   4.46666667 
 -3.40000000   4.53333333 
 -3.40000000   4.60000000 
 -3.40000000   4.66666667 
 -3.40000000   4.73333333 
 -3.40000000   4.80000000 
 -3.40000000   4.86666667 
 -3.40000000   4.93333333 
 -3.40000000   5.00000000 
 -3.33333333   4.00000000 
 -3.33333333   4.06666667 
 -3.33333333   4.13333333 
 -3.33333333   4.20000000 
 -3.33333333   4.26666667 
 -3.33333333   4.33333333 
 -3.33333333   4.40000000 
 -3.33333333   4.46666667 
 -3.33333333   4.53333333 
 -3.33333333   4.60000000 
 -3.33333333   4.66666667 
 -3.33333333   4.73333333 
 -3.33333333   4.80000000 
 -3.33333333   4.86666667 
 -3.33333333   4.93333333 
 -3.33333333   5.00000000 
 -3.26666667   4.00000000 
 -3.26666667   4.06666667 
 -3.26666667   4.13333333 
 -3.26666667   4.20000000 
 -3.26666667   4.26666667 
 -3.26666667   4.33333333 
 -3.26666667   4.40000000 
 -3.26666667   4.46666667 
 -3.26666667   4.53333333 
 -3.26666667   4.60000000 
 -3.26666667   4.66666667 
 -3.26666667   4.73333333 
 -3.26666667   4.80000000 
 -3.26666667   4.86666667 
 -3.26666667   4.93333333 
 -3.26666667   5.00000000 
 -3.20000000   4.00000000 
 -3.20000000   4.06666667 
 -3.20000000   4.13333333 
 -3.20000000   4.20000000 
 -3.20000000   4.26666667 
 -3.20000000   4.33333333 
 -3.20000000   4.40000000 
 -3.20000000   4.46666667 
 -3.20000000   4.53333333 
 -3.20000000   4.60000000 
 -3.20000000   4.66666667 
 -3.20000000   4.73333333 
 -3.20000000   4.80000000 
 -3.20000000   4.86666667 
 -3.20000000   4.93333333 
 -3.20000000   5.00000000 
 -3.13333333   4.00000000 
 -3.13333333   4.06666667 
 -3.13333333   4.13333333 
 -3.13333333   4.20000000 
 -3.13333333   4.26666667 
 -3.13333333   4.33333333 
 -3.13333333   4.40000000 
 -3.13333333   4.46666667 
 -3.13333333   4.53333333 
 -3.13333333   4.60000000 
 -3.13333333   4.66666667 
 -3.13333333   4.73333333 
 -3.13333333   4.80000000 
 -3.13333333   4.86666667 
 -3.13333333   4.93333333 
 -3.13333333   5.00000000 
 -3.06666667   4.00000000 
 -3.06666667   4.06666667 
 -3.06666667   4.13333333 
 -3.06666667   4.20000000 
 -3.06666667   4.26666667 
 -3.06666667   4.33333333 
 -3.06666667   4.40000000 
 -3.06666667   4.46666667 
 -3.06666667   4.53333333 
 -3.06666667   4.60000000 
 -3.06666667   4.66666667 
 -3.06666667   4.73333333 
 -3.06666667   4.80000000 
 -3.06666667   4.86666667 
 -3.06666667   4.93333333 
 -3.06666667   5.00000000 
 -3.00000000   4.00000000 
 -3.00000000   4.06666667 
 -3.00000000   4.13333333 
 -3.00000000   4.20000000 
 -3.00000000   4.26666667 
 -3.00000000   4.33333333 
 -3.00000000   4.40000000 
 -3.00000000   4.46666667 
 -3.00000000   4.53333333 
 -3.00000000   4.60000000 
 -3.00000000   4.66666667 
 -3.00000000   4.73333333 
 -3.00000000   4.80000000 
 -3.00000000   4.86666667 
 -3.00000000   4.93333333 
 -3.00000000   5.00000000 
  0.00000000   4.00000000 
  0.00000000   4.06666667 
  0.00000000   4.13333333 
  0.00000000   4.20000000 
  0.00000000   4.26666667 
  0.00000000   4.33333333 
  0.00000000   4.40000000 
  0.00000000   4.46666667 
  0.00000000   4.53333333 
  0.00000000   4.60000000 
  0.00000000   4.66666667 
  0.00000000   4.73333333 
  0.00000000   4.80000000 
  0.00000000   4.86666667 
  0.00000000   4.93333333 
  0.00000000   5.00000000 
  0.06666667   4.00000000 
  0.06666667   4.06666667 
  0.06666667   4.13333333 
  0.06666667   4.20000000 
  0.06666667   4.26666667 
  0.06666667   4.33333333 
  0.06666667   4.40000000 
  0.06666667   4.46666667 
  0.06666667   4.53333333 
  0.06666667   4.60000000 
  0.06666667   4.66666667 
  0.06666667   4.73333333 
  0.06666667   4.80000000 
  0.06666667   4.86666667 
  0.06666667   4.93333333 
  0.06666667   5.00000000 
  0.13333333   4.00000000 
  0.13333333   4.06666667 
  0.13333333   4.13333333 
  0.13333333   4.20000000 
  0.13333333   4.26666667 
  0.13333333   4.33333333 
  0.13333333   4.40000000 
  0.13333333   4.46666667 
  0.13333333   4.53333333 
  0.13333333   4.60000000 
  0.13333333   4.66666667 
  0.13333333   4.73333333 
  0.13333333   4.80000000 
  0.13333333   4.86666667 
  0.13333333   4.93333333 
  0.13333333   5.00000000 
  0.20000000   4.00000000 
  0.20000000   4.06666667 
  0.20000000   4.13333333 
  0.20000000   4.20000000 
  0.20000000   4.26666667 
  0.20000000   4.33333333 
  0.20000000   4.40000000 
  0.20000000   4.46666667 
  0.20000000   4.53333333 
  0.20000000   4.60000000 
  0.20000000   4.66666667 
  0.20000000   4.73333333 
  0.20000000   4.80000000 
  0.20000000   4.86666667 
  0.20000000   4.93333333 
  0.20000000   5.00000000 
  0.26666667   4.00000000 
  0.26666667   4.06666667 
  0.26666667   4.13333333 
  0.26666667   4.20000000 
  0.26666667   4.26666667 
  0.26666667   4.33333333 
  0.26666667   4.40000000 
  0.26666667   4.46666667 
  0.26666667   4.53333333 
  0.26666667   4.60000000 
  0.26666667   4.66666667 
  0.26666667   4.73333333 
  0.26666667   4.80000000 
  0.26666667   4.86666667 
  0.26666667   4.93333333 
  0.26666667   5.00000000 
  0.33333333   4.00000000 
  0.33333333   4.06666667 
  0.33333333   4.13333333 
  0.33333333   4.20000000 
  0.33333333   4.26666667 
  0.33333333   4.33333333 
  0.33333333   4.40000000 
  0.33333333   4.46666667 
  0.33333333   4.53333333 
  0.33333333   4.60000000 
  0.33333333   4.66666667 
  0.33333333   4.73333333 
  0.33333333   4.80000000 
  0.33333333   4.86666667 
  0.33333333   4.93333333 
  0.33333333   5.00000000 
  0.40000000   4.00000000 
  0.40000000   4.06666667 
  0.40000000   4.13333333 
  0.40000000   4.20000000 
  0.40000000   4.26666667 
  0.40000000   4.33333333 
  0.40000000   4.40000000 
  0.40000000   4.46666667 
  0.40000000   4.53333333 
  0.40000000   4.60000000 
  0.40000000   4.66666667 
  0.40000000   4.73333333 
  0.40000000   4.80000000 
  0.40000000   4.86666667 
  0.40000000   4.93333333 
  0.40000000   5.00000000 
  0.46666667   4.00000000 
  0.46666667   4.06666667 
  0.46666667   4.13333333 
  0.46666667   4.20000000 
  0.46666667   4.26666667 
  0.46666667   4.33333333 
  0.46666667   4.40000000 
  0.46666667   4.46666667 
  0.46666667   4.53333333 
  0.46666667   4.60000000 
  0.46666667   4.66666667 
  0.46666667   4.73333333 
  0.46666667   4.80000000 
  0.46666667   4.86666667 
  0.46666667   4.93333333 
  0.46666667   5.00000000 
  0.53333333   4.00000000 
  0.53333333   4.06666667 
  0.53333333   4.13333333 
  0.53333333   4.20000000 
  0.53333333   4.26666667 
  0.53333333   4.33333333 
  0.53333333   4.40000000 
  0.53333333   4.46666667 
  0.53333333   4.53333333 
  0.53333333   4.60000000 
  0.53333333   4.66666667 
  0.53333333   4.73333333 
  0.53333333   4.80000000 
  0.53333333   4.86666667 
  0.53333333   4.93333333 
  0.53333333   5.00000000 
  0.60000000   4.00000000 
  0.60000000   4.06666667 
  0.60000000   4.13333333 
  0.60000000   4.20000000 
  0.60000000   4.26666667 
  0.60000000   4.33333333 
  0.60000000   4.40000000 
  0.60000000   4.46666667 
  0.60000000   4.53333333 
  0.60000000   4.60000000 
  0.60000000   4.66666667 
  0.60000000   4.73333333 
  0.60000000   4.80000000 
  0.60000000   4.86666667 
  0.60000000   4.93333333 
  0.60000000   5.00000000 
  0.66666667   4.00000000 
  0.66666667   4.06666667 
  0.66666667   4.13333333 
  0.66666667   4.20000000 
  0.66666667   4.26666667 
  0.66666667   4.33333333 
  0.66666667   4.40000000 
  0.66666667   4.46666667 
  0.66666667   4.53333333 
  0.66666667   4.60000000 
  0.66666667   4.66666667 
  0.66666667   4.73333333 
  0.66666667   4.80000000 
  0.66666667   4.86666667 
  0.66666667   4.93333333 
  0.66666667   5.00000000 
  0.73333333   4.00000000 
  0.73333333   4.06666667 
  0.73333333   4.13333333 
  0.73333333   4.20000000 
  0.73333333   4.26666667 
  0.73333333   4.33333333 
  0.73333333   4.40000000 
  0.73333333   4.46666667 
  0.73333333   4.53333333 
  0.73333333   4.60000000 
  0.73333333   4.66666667 
  0.73333333   4.73333333 
  0.73333333   4.80000000 
  0.73333333   4.86666667 
  0.73333333   4.93333333 
  0.73333333   5.00000000 
  0.80000000   4.00000000 
  0.80000000   4.06666667 
  0.80000000   4.13333333 
  0.80000000   4.20000000 
  0.80000000   4.26666667 
  0.80000000   4.33333333 
  0.80000000   4.40000000 
  0.80000000   4.46666667 
  0.80000000   4.53333333 
  0.80000000   4.60000000 
  0.80000000   4.66666667 
  0.80000000   4.73333333 
  0.80000000   4.80000000 
  0.80000000   4.86666667 
  0.80000000   4.93333333 
  0.80000000   5.00000000 
  0.86666667   4.00000000 
  0.86666667   4.06666667 
  0.86666667   4.13333333 
  0.86666667   4.20000000 
  0.86666667   4.26666667 
  0.86666667   4.33333333 
  0.86666667   4.40000000 
  0.86666667   4.46666667 
  0.86666667   4.53333333 
  0.86666667   4.60000000 
  0.86666667   4.66666667 
  0.86666667   4.73333333 
  0.86666667   4.80000000 
  0.86666667   4.86666667 
  0.86666667   4.93333333 
  0.86666667   5.00000000 
  0.93333333   4.00000000 
  0.93333333   4.06666667 
  0.93333333   4.13333333 
  0.93333333   4.20000000 
  0.93333333   4.26666667 
  0.93333333   4.33333333 
  0.93333333   4.40000000 
  0.93333333   4.46666667 
  0.93333333   4.53333333 
  0.93333333   4.60000000 
  0.93333333   4.66666667 
  0.93333333   4.73333333 
  0.93333333   4.80000000 
  0.93333333   4.86666667 
  0.93333333   4.93333333 
  0.93333333   5.00000000 
  1.00000000   4.00000000 
  1.00000000   4.06666667 
  1.00000000   4.13333333 
  1.00000000   4.20000000 
  1.00000000   4.26666667 
  1.00000000   4.33333333 
  1.00000000   4.40000000 
  1.00000000   4.46666667 
  1.00000000   4.53333333 
  1.00000000   4.60000000 
  1.00000000   4.66666667 
  1.00000000   4.73333333 
  1.00000000   4.80000000 
  1.00000000   4.86666667 
  1.00000000   4.93333333 
  1.00000000   5.00000000 
 -4.00000000   0.00000000 
 -4.00000000   0.06666667 
 -4.00000000   0.13333333 
 -4.00000000   0.20000000 
 -4.00000000   0.26666667 
 -4.00000000   0.33333333 
 -4.00000000   0.40000000 
 -4.00000000   0.46666667 
 -4.00000000   0.53333333 
 -4.00000000   0.60000000 
 -4.00000000   0.66666667 
 -4.00000000   0.73333333 
 -4.00000000   0.80000000 
 -4.00000000   0.86666667 
 -4.00000000   0.93333333 
 -4.00000000   1.00000000 
 -3.93333333   0.00000000 
 -3.93333333   0.06666667 
 -3.93333333   0.13333333 
 -3.93333333   0.20000000 
 -3.93333333   0.26666667 
 -3.93333333   0.33333333 
 -3.93333333   0.40000000 
 -3.93333333   0.46666667 
 -3.93333333   0.53333333 
 -3.93333333   0.60000000 
 -3.93333333   0.66666667 
 -3.93333333   0.73333333 
 -3.93333333   0.80000000 
 -3.93333333   0.86666667 
 -3.93333333   0.93333333 
 -3.93333333   1.00000000 
 -3.86666667   0.00000000 
 -3.86666667   0.06666667 
 -3.86666667   0.13333333 
 -3.86666667   0.20000000 
 -3.86666667   0.26666667 
 -3.86666667   0.33333333 
 -3.86666667   0.40000000 
 -3.86666667   0.46666667 
 -3.86666667   0.53333333 
 -3.86666667   0.60000000 
 -3.86666667   0.66666667 
 -3.86666667   0.73333333 
 -3.86666667   0.80000000 
 -3.86666667   0.86666667 
 -3.86666667   0.93333333 
 -3.86666667   1.00000000 
 -3.80000000   0.00000000 
 -3.80000000   0.06666667 
 -3.80000000   0.13333333 
 -3.80000000   0.20000000 
 -3.80000000   0.26666667 
 -3.80000000   0.33333333 
 -3.80000000   0.40000000 
 -3.80000000   0.46666667 
 -3.80000000   0.53333333 
 -3.80000000   0.60000000 
 -3.80000000   0.66666667 
 -3.80000000   0.73333333 
 -3.80000000   0.80000000 
 -3.80000000   0.86666667 
 -3.80000000   0.93333333 
 -3.80000000   1.00000000 
 -3.73333333   0.00000000 
 -3.73333333   0.06666667 
 -3.73333333   0.13333333 
 -3.73333333   0.20000000 
 -3.73333333   0.26666667 
 -3.73333333   0.33333333 
 -3.73333333   0.40000000 
 -3.73333333   0.46666667 
 -3.73333333   0.53333333 
 -3.73333333   0.60000000 
 -3.73333333   0.66666667 
 -3.73333333   0.73333333 
 -3.73333333   0.80000000 
 -3.73333333   0.86666667 
 -3.73333333   0.93333333 
 -3.73333333   1.00000000 
 -3.66666667   0.00000000 
 -3.66666667   0.06666667 
 -3.66666667   0.13333333 
 -3.66666667   0.20000000 
 -3.66666667   0.26666667 
 -3.66666667   0.33333333 
 -3.66666667   0.40000000 
 -3.66666667   0.46666667 
 -3.66666667   0.53333333 
 -3.66666667   0.60000000 
 -3.66666667   0.66666667 
 -3.66666667   0.73333333 
 -3.66666667   0.80000000 
 -3.66666667   0.86666667 
 -3.66666667   0.93333333 
 -3.66666667   1.00000000 
 -3.60000000   0.00000000 
 -3.60000000   0.06666667 
 -3.60000000   0.13333333 
 -3.60000000   0.20000000 
 -3.60000000   0.26666667 
 -3.60000000   0.33333333 
 -3.60000000   0.40000000 
 -3.60000000   0.46666667 
 -3.60000000   0.53333333 
 -3.60000000   0.60000000 
 -3.60000000   0.66666667 
 -3.60000000   0.73333333 
 -3.60000000   0.80000000 
 -3.60000000   0.86666667 
 -3.60000000   0.93333333 
 -3.60000000   1.00000000 
 -3.53333333   0.00000000 
 -3.53333333   0.06666667 
 -3.53333333   0.13333333 
 -3.53333333   0.20000000 
 -3.53333333   0.26666667 
 -3.53333333   0.33333333 
 -3.53333333   0.40000000 
 -3.53333333   0.46666667 
 -3.53333333   0.53333333 
 -3.53333333   0.60000000 
 -3.53333333   0.66666667 
 -3.53333333   0.73333333 
 -3.53333333   0.80000000 
 -3.53333333   0.86666667 
 -3.53333333   0.93333333 
 -3.53333333   1.00000000 
 -3.46666667   0.00000000 
 -3.46666667   0.06666667 
 -3.46666667   0.13333333 
 -3.46666667   0.20000000 
 -3.46666667   0.26666667 
 -3.46666667   0.33333333 
 -3.46666667   0.40000000 
 -3.46666667   0.46666667 
 -3.46666667   0.53333333 
 -3.46666667   0.60000000 
 -3.46666667   0.66666667 
 -3.46666667   0.73333333 
 -3.46666667   0.80000000 
 -3.46666667   0.86666667 
 -3.46666667   0.93333333 
 -3.46666667   1.00000000 
 -3.40000000   0.00000000 
 -3.40000000   0.06666667 
 -3.40000000   0.13333333 
 -3.40000000   0.20000000 
 -3.40000000   0.26666667 
 -3.40000000   0.33333333 
 -3.40000000   0.40000000 
 -3.40000000   0.46666667 
 -3.40000000   0.53333333 
 -3.40000000   0.60000000 
 -3.40000000   0.66666667 
 -3.40000000   0.73333333 
 -3.40000000   0.80000000 
 -3.40000000   0.86666667 
 -3.40000000   0.93333333 
 -3.40000000   1.00000000 
 -3.33333333   0.00000000 
 -3.33333333   0.06666667 
 -3.33333333   0.13333333 
 -3.33333333   0.20000000 
 -3.33333333   0.26666667 
 -3.33333333   0.33333333 
 -3.33333333   0.40000000 
 -3.33333333   0.46666667 
 -3.33333333   0.53333333 
 -3.33333333   0.60000000 
 -3.33333333   0.66666667 
 -3.33333333   0.73333333 
 -3.33333333   0.80000000 
 -3.33333333   0.86666667 
 -3.33333333   0.93333333 
 -3.33333333   1.00000000 
 -3.26666667   0.00000000 
 -3.26666667   0.06666667 
 -3.26666667   0.13333333 
 -3.26666667   0.20000000 
 -3.26666667   0.26666667 
 -3.26666667   0.33333333 
 -3.26666667   0.40000000 
 -3.26666667   0.46666667 
 -3.26666667   0.53333333 
 -3.26666667   0.60000000 
 -3.26666667   0.66666667 
 -3.26666667   0.73333333 
 -3.26666667   0.80000000 
 -3.26666667   0.86666667 
 -3.26666667   0.93333333 
 -3.26666667   1.00000000 
 -3.20000000   0.00000000 
 -3.20000000   0.06666667 
 -3.20000000   0.13333333 
 -3.20000000   0.20000000 
 -3.20000000   0.26666667 
 -3.20000000   0.33333333 
 -3.20000000   0.40000000 
 -3.20000000   0.46666667 
 -3.20000000   0.53333333 
 -3.20000000   0.60000000 
 -3.20000000   0.66666667 
 -3.20000000   0.73333333 
 -3.20000000   0.80000000 
 -3.20000000   0.86666667 
 -3.20000000   0.93333333 
 -3.20000000   1.00000000 
 -3.13333333   0.00000000 
 -3.13333333   0.06666667 
 -3.13333333   0.13333333 
 -3.13333333   0.20000000 
 -3.13333333   0.26666667 
 -3.13333333   0.33333333 
 -3.13333333   0.40000000 
 -3.13333333   0.46666667 
 -3.13333333   0.53333333 
 -3.13333333   0.60000000 
 -3.13333333   0.66666667 
 -3.13333333   0.73333333 
 -3.13333333   0.80000000 
 -3.13333333   0.86666667 
 -3.13333333   0.93333333 
 -3.13333333   1.00000000 
 -3.06666667   0.00000000 
 -3.06666667   0.06666667 
 -3.06666667   0.13333333 
 -3.06666667   0.20000000 
 -3.06666667   0.26666667 
 -3.06666667   0.33333333 
 -3.06666667   0.40000000 
 -3.06666667   0.46666667 
 -3.06666667   0.53333333 
 -3.06666667   0.60000000 
 -3.06666667   0.66666667 
 -3.06666667   0.73333333 
 -3.06666667   0.80000000 
 -3.06666667   0.86666667 
 -3.06666667   0.93333333 
 -3.06666667   1.00000000 
 -3.00000000   0.00000000 
 -3.00000000   0.06666667 
 -3.00000000   0.13333333 
 -3.00000000   0.20000000 
 -3.00000000   0.26666667 
 -3.00000000   0.33333333 
 -3.00000000   0.40000000 
 -3.00000000   0.46666667 
 -3.00000000   0.53333333 
 -3.00000000   0.60000000 
 -3.00000000   0.66666667 
 -3.00000000   0.73333333 
 -3.00000000   0.80000000 
 -3.00000000   0.86666667 
 -3.00000000   0.93333333 
 -3.00000000   1.00000000 
