         193
   2.6770277000000000        2.4942793999999999     
   2.2026576000000002        2.6854114999999998     
 -0.12558943000000000        2.6605794000000000     
 -0.58430892000000001        2.4945960000000000     
 -0.48128298000000003        2.6081466999999998     
 -0.87279333999999997        2.4004192000000000     
 -0.88898120000000003        1.8732447000000001     
 -0.90271294000000002        2.3539069000000001     
  -1.1694152000000000        1.6767151000000000     
  -1.3213018999999999        1.2305056000000001     
  -1.2837753000000001        1.0077760000000000     
  -1.1217123000000000        1.0239069000000001     
 -0.88942476999999998       0.13654741000000001     
 -0.88178095999999995       2.12303260000000008E-002
 -0.54229291000000002      -0.36615203000000002     
 -0.19442409999999999      -0.78931675000000001     
 -0.38988921999999998      -0.88431751999999997     
  0.42613899999999999       -1.1224084999999999     
  0.27997413999999998       -1.2145386000000000     
  0.62885981000000002       -1.2974044000000000     
  0.31731256000000002       -1.0247967000000000     
   1.0353669000000001       -1.1361847000000000     
  0.90359893999999996       -1.2888161000000000     
   1.7467850000000000       -1.2127806000000001     
   2.1963227000000001      -0.78421600000000002     
   2.0396624999999999      -0.95995257000000001     
   2.6300235999999999      -0.59107463000000005     
   2.7319667000000001      -0.20266216000000001     
   2.6781226999999999      -0.18546028000000001     
  -4.6841173999999999        1.6017698000000000     
  -4.7593771000000000       0.27466460999999998     
  -4.1484575000000001        1.9306468999999999     
  -3.9429693000000001        2.0329929999999998     
  -4.6246377000000001        1.4269071000000000     
  -4.8426090999999998        1.1213658000000000     
  -3.4098275999999998       -1.7000961000000001     
  -4.3160995000000000      -0.15343450000000000     
  -4.0818573000000002      -0.55423043000000005     
  -3.7011254999999998       -1.6431897000000000     
  -4.0030808999999996      -8.67320780000000041E-002
  -2.6368806999999999       -3.0705515999999999     
  -4.2164824999999997       -1.8290409999999999     
  -1.8260787000000001       -3.3176358000000001     
  -2.2459758000000001       -3.1108430999999999     
  -2.2874793000000002       -3.9795807999999999     
  -3.9332408000000001       -2.1819033000000001     
 -0.64102475999999997       -3.8678442999999998     
 -6.37477830000000023E-002  -4.3249548000000004     
 -0.59209297999999999       -4.5094837999999999     
  -2.1173017999999999       -3.3431950000000001     
  -1.6393814000000000       -3.4287703000000000     
   1.3838836000000001       -4.4088459000000002     
   1.6094421000000001       -4.4563198000000002     
  0.35936449999999998       -4.4230612000000002     
  0.52325856000000004       -4.4297998999999999     
  -1.1459347000000000       -4.4976324999999999     
 -0.41764881999999998       -4.1041923000000002     
   1.3059875999999999       -4.3913973999999998     
   1.0500399000000000       -4.3756525999999996     
  -8.0236104000000008        2.4908185999999999     
  -8.6426961000000002        1.7877358999999999     
  -9.2368141999999995        2.7531636000000002     
  -8.8276910999999991       -1.2242253000000001     
  -8.2788924999999995       -1.1282449000000001     
  -7.9275197999999998       -2.0114059000000002     
  -8.1088342000000004        1.2956259999999999     
  -9.7941201000000007        1.3297924000000001     
  -8.8849880999999993       0.50975095999999998     
  -8.0112983999999994       -3.8020999999999998     
  -8.7599438000000003       -2.5332132000000001     
  -8.2320975000000001       0.74204033000000003     
  -7.8791707999999998      -0.62562200000000001     
  -7.2917753000000003       -5.3929489000000004     
  -6.5146278999999998       -4.0093807999999997     
  -8.0806062999999995       -3.4629048000000000     
  -6.4406730999999997       -4.8082659000000003     
  -6.5173258000000001       -4.7656178000000002     
  -8.6341526999999996       -2.3114072999999999     
  -7.1680815999999998       -4.9131780999999997     
  -8.4763567999999996       -2.7384119999999998     
  -8.3473243999999998       -2.9451830000000001     
  -6.3296444000000003       -5.7603828999999998     
  -5.9973713999999996       -6.4688600999999997     
  -8.7997201999999994       -2.9831881999999998     
  -4.4699498999999996       -6.8389318000000001     
  -3.3026971000000001       -7.5293109999999999     
  -7.8453797999999999       -4.1227258999999998     
  -6.9596936999999999       -3.4664459000000001     
  -4.7479943999999996       -6.4489945999999998     
  -3.5712036999999999       -7.6965598999999996     
  -4.6169418999999996       -7.3319704999999997     
  -5.5316128000000004       -5.3845828999999998     
  -5.2447941000000000       -6.4005812000000004     
  -5.1951127000000001       -7.3380181999999996     
  0.13050988999999999       -9.1114326000000005     
  0.22379304999999999       -8.8747164000000005     
  0.32121371999999998       -9.4684629999999999     
 -1.98380169999999995E-002  -8.1468653999999994     
  -4.9854329000000002       -7.7906260999999999     
  0.28362765000000001       -8.1919409000000005     
 -0.35106535000000000       -9.2102389000000002     
  0.10378680000000000       -9.3183931999999992     
  -2.8581359000000002       -8.8625044000000006     
  -2.6982062999999998       -8.0267870000000006     
  -3.0746251000000000       -7.0966027000000000     
  -1.2593330000000000       -9.2858058000000003     
   2.1435540999999998       -8.6041454999999996     
   2.1847276999999998       -8.2508154000000005     
 -0.11860518000000000       -8.2781702999999993     
  -15.086005999999999        2.4659608000000000     
  -14.521335000000001        1.4745493000000001     
  -15.160698999999999        2.6613878999999998     
  -14.878648000000000       0.94259729000000003     
  -15.271767000000001        1.7471504000000000     
  -13.856787000000001        1.1715785999999999     
  -13.794648000000000       -1.4883392000000000     
  -14.882533000000000        1.3653834000000000     
  -13.515623000000000      -0.74740870000000004     
  -12.634475999999999       -2.9354939000000000     
  -13.922484000000001        1.7185132000000001     
  -13.386889000000000       -3.7412144000000001     
  -13.857143000000001       -5.0350370000000000     
  -13.261517000000000       -6.3412065000000002     
  -13.764905000000001       -4.7300044000000003     
  -12.264255000000000       -5.9309345999999996     
  -13.972094999999999        1.0750987000000001     
  -12.418410000000000       -7.7359235000000002     
  -12.947872000000000       -2.7343758999999999     
  -12.602695000000001       -3.2904949000000001     
  -14.741635000000000       -3.7185831999999999     
  -13.093864999999999       -3.2050201000000000     
  -13.083899000000001       -6.7602241000000003     
  -12.285914000000000       -9.0044312000000009     
  -12.158217000000000       -6.8383219999999998     
  -11.407538000000001       -5.8294570999999999     
  -10.293557000000000       -9.2865316999999994     
  -13.363721000000000       -6.9034700000000004     
  -11.908242000000000       -8.7942371000000001     
  -12.294286000000000       -3.3892020999999999     
  -13.797720999999999       -3.2125594000000000     
  -11.872002999999999       -5.9676435000000003     
  -13.426622000000000       -7.0457348000000000     
  -11.023793000000000       -7.4650093000000002     
  -13.633556000000000       -6.3119864999999997     
  -11.065770000000001       -8.6064089999999993     
  -10.920750000000000       -7.9583830999999998     
  -8.7630389999999991       -12.279463000000000     
  -11.114757000000001       -10.164377000000000     
  -12.961715000000000       -7.2906918999999997     
  -9.5587988999999993       -8.4692029000000009     
  -9.1267133999999999       -10.127789999999999     
  -11.207382000000001       -10.417261999999999     
  -7.5270646000000001       -10.983347000000000     
  -11.170558000000000       -8.5439042999999995     
  -8.1435083000000006       -11.344419000000000     
  -5.1181168000000001       -14.173962000000000     
  -6.9529927000000002       -13.344647999999999     
  -6.2118257000000003       -12.814921000000000     
  -9.2647770999999999       -8.9393585000000009     
  -5.9102591000000002       -12.491477000000000     
  -3.0552831000000000       -13.183967000000001     
  -10.181423000000001       -9.1274052999999995     
  -5.1610174999999998       -13.374730000000000     
  -8.9121538000000005       -9.6676860999999992     
  -8.2800445000000007       -12.779477000000000     
  -8.7842749999999992       -9.7982320999999999     
  -3.9594026000000002       -13.893219999999999     
  -2.1982734000000002       -12.905276000000001     
  -8.3318305000000006       -11.049163000000000     
  -6.0927408999999999       -12.271620000000000     
  -1.6642604000000001       -15.374316000000000     
  -1.0981254000000000       -15.324989000000000     
  -3.3771751999999999       -14.634308000000001     
  -7.4459245999999997       -13.461494000000000     
  -1.1009625000000001       -14.333686999999999     
  -2.7744871000000000       -13.306627000000001     
 -0.28032343999999998       -13.123225000000000     
  -5.3917136000000001       -14.040017000000001     
  -5.2378809000000004       -12.067772000000000     
  -4.8719051000000002       -14.213367999999999     
  0.61984824000000005       -15.473015999999999     
  -4.5191485000000000       -14.759702000000001     
 -0.30482327999999997       -13.074859000000000     
  0.21863658000000000       -14.135660000000000     
  0.23921976000000000       -14.159713999999999     
  -2.1923400000000002       -15.385059000000000     
   1.2396016000000001       -15.094435000000001     
  -2.9133168000000000       -13.761969000000001     
   1.9082836000000001       -14.548303000000001     
  0.94299116999999999       -14.072053000000000     
   1.3451694999999999       -15.517251000000000     
  0.66798972000000001       -14.440996000000000     
 -0.27395361000000001       -15.008260999999999     
