         961
           1
           2
           3
           4
           5
           6
           7
           8
           9
          10
          11
          12
          13
          14
          15
          16
          17
          18
          19
          20
          21
          22
          23
          24
          25
          26
          27
          28
          29
          30
          31
          61
          62
          63
          64
          65
          66
          67
          68
          69
          70
          71
          72
          73
          74
          75
          76
          77
          78
          79
          80
          81
          82
          83
          84
          85
          86
          87
          88
          89
          90
          91
         121
         122
         123
         124
         125
         126
         127
         128
         129
         130
         131
         132
         133
         134
         135
         136
         137
         138
         139
         140
         141
         142
         143
         144
         145
         146
         147
         148
         149
         150
         151
         181
         182
         183
         184
         185
         186
         187
         188
         189
         190
         191
         192
         193
         194
         195
         196
         197
         198
         199
         200
         201
         202
         203
         204
         205
         206
         207
         208
         209
         210
         211
         241
         242
         243
         244
         245
         246
         247
         248
         249
         250
         251
         252
         253
         254
         255
         256
         257
         258
         259
         260
         261
         262
         263
         264
         265
         266
         267
         268
         269
         270
         271
         301
         302
         303
         304
         305
         306
         307
         308
         309
         310
         311
         312
         313
         314
         315
         316
         317
         318
         319
         320
         321
         322
         323
         324
         325
         326
         327
         328
         329
         330
         331
         361
         362
         363
         364
         365
         366
         367
         368
         369
         370
         371
         372
         373
         374
         375
         376
         377
         378
         379
         380
         381
         382
         383
         384
         385
         386
         387
         388
         389
         390
         391
         421
         422
         423
         424
         425
         426
         427
         428
         429
         430
         431
         432
         433
         434
         435
         436
         437
         438
         439
         440
         441
         442
         443
         444
         445
         446
         447
         448
         449
         450
         451
         481
         482
         483
         484
         485
         486
         487
         488
         489
         490
         491
         492
         493
         494
         495
         496
         497
         498
         499
         500
         501
         502
         503
         504
         505
         506
         507
         508
         509
         510
         511
         541
         542
         543
         544
         545
         546
         547
         548
         549
         550
         551
         552
         553
         554
         555
         556
         557
         558
         559
         560
         561
         562
         563
         564
         565
         566
         567
         568
         569
         570
         571
         601
         602
         603
         604
         605
         606
         607
         608
         609
         610
         611
         612
         613
         614
         615
         616
         617
         618
         619
         620
         621
         622
         623
         624
         625
         626
         627
         628
         629
         630
         631
         661
         662
         663
         664
         665
         666
         667
         668
         669
         670
         671
         672
         673
         674
         675
         676
         677
         678
         679
         680
         681
         682
         683
         684
         685
         686
         687
         688
         689
         690
         691
         721
         722
         723
         724
         725
         726
         727
         728
         729
         730
         731
         732
         733
         734
         735
         736
         737
         738
         739
         740
         741
         742
         743
         744
         745
         746
         747
         748
         749
         750
         751
         781
         782
         783
         784
         785
         786
         787
         788
         789
         790
         791
         792
         793
         794
         795
         796
         797
         798
         799
         800
         801
         802
         803
         804
         805
         806
         807
         808
         809
         810
         811
         841
         842
         843
         844
         845
         846
         847
         848
         849
         850
         851
         852
         853
         854
         855
         856
         857
         858
         859
         860
         861
         862
         863
         864
         865
         866
         867
         868
         869
         870
         871
         901
         902
         903
         904
         905
         906
         907
         908
         909
         910
         911
         912
         913
         914
         915
         916
         917
         918
         919
         920
         921
         922
         923
         924
         925
         926
         927
         928
         929
         930
         931
         961
         962
         963
         964
         965
         966
         967
         968
         969
         970
         971
         972
         973
         974
         975
         976
         977
         978
         979
         980
         981
         982
         983
         984
         985
         986
         987
         988
         989
         990
         991
        1021
        1022
        1023
        1024
        1025
        1026
        1027
        1028
        1029
        1030
        1031
        1032
        1033
        1034
        1035
        1036
        1037
        1038
        1039
        1040
        1041
        1042
        1043
        1044
        1045
        1046
        1047
        1048
        1049
        1050
        1051
        1081
        1082
        1083
        1084
        1085
        1086
        1087
        1088
        1089
        1090
        1091
        1092
        1093
        1094
        1095
        1096
        1097
        1098
        1099
        1100
        1101
        1102
        1103
        1104
        1105
        1106
        1107
        1108
        1109
        1110
        1111
        1141
        1142
        1143
        1144
        1145
        1146
        1147
        1148
        1149
        1150
        1151
        1152
        1153
        1154
        1155
        1156
        1157
        1158
        1159
        1160
        1161
        1162
        1163
        1164
        1165
        1166
        1167
        1168
        1169
        1170
        1171
        1201
        1202
        1203
        1204
        1205
        1206
        1207
        1208
        1209
        1210
        1211
        1212
        1213
        1214
        1215
        1216
        1217
        1218
        1219
        1220
        1221
        1222
        1223
        1224
        1225
        1226
        1227
        1228
        1229
        1230
        1231
        1261
        1262
        1263
        1264
        1265
        1266
        1267
        1268
        1269
        1270
        1271
        1272
        1273
        1274
        1275
        1276
        1277
        1278
        1279
        1280
        1281
        1282
        1283
        1284
        1285
        1286
        1287
        1288
        1289
        1290
        1291
        1321
        1322
        1323
        1324
        1325
        1326
        1327
        1328
        1329
        1330
        1331
        1332
        1333
        1334
        1335
        1336
        1337
        1338
        1339
        1340
        1341
        1342
        1343
        1344
        1345
        1346
        1347
        1348
        1349
        1350
        1351
        1381
        1382
        1383
        1384
        1385
        1386
        1387
        1388
        1389
        1390
        1391
        1392
        1393
        1394
        1395
        1396
        1397
        1398
        1399
        1400
        1401
        1402
        1403
        1404
        1405
        1406
        1407
        1408
        1409
        1410
        1411
        1441
        1442
        1443
        1444
        1445
        1446
        1447
        1448
        1449
        1450
        1451
        1452
        1453
        1454
        1455
        1456
        1457
        1458
        1459
        1460
        1461
        1462
        1463
        1464
        1465
        1466
        1467
        1468
        1469
        1470
        1471
        1501
        1502
        1503
        1504
        1505
        1506
        1507
        1508
        1509
        1510
        1511
        1512
        1513
        1514
        1515
        1516
        1517
        1518
        1519
        1520
        1521
        1522
        1523
        1524
        1525
        1526
        1527
        1528
        1529
        1530
        1531
        1561
        1562
        1563
        1564
        1565
        1566
        1567
        1568
        1569
        1570
        1571
        1572
        1573
        1574
        1575
        1576
        1577
        1578
        1579
        1580
        1581
        1582
        1583
        1584
        1585
        1586
        1587
        1588
        1589
        1590
        1591
        1621
        1622
        1623
        1624
        1625
        1626
        1627
        1628
        1629
        1630
        1631
        1632
        1633
        1634
        1635
        1636
        1637
        1638
        1639
        1640
        1641
        1642
        1643
        1644
        1645
        1646
        1647
        1648
        1649
        1650
        1651
        1681
        1682
        1683
        1684
        1685
        1686
        1687
        1688
        1689
        1690
        1691
        1692
        1693
        1694
        1695
        1696
        1697
        1698
        1699
        1700
        1701
        1702
        1703
        1704
        1705
        1706
        1707
        1708
        1709
        1710
        1711
        1741
        1742
        1743
        1744
        1745
        1746
        1747
        1748
        1749
        1750
        1751
        1752
        1753
        1754
        1755
        1756
        1757
        1758
        1759
        1760
        1761
        1762
        1763
        1764
        1765
        1766
        1767
        1768
        1769
        1770
        1771
        1801
        1802
        1803
        1804
        1805
        1806
        1807
        1808
        1809
        1810
        1811
        1812
        1813
        1814
        1815
        1816
        1817
        1818
        1819
        1820
        1821
        1822
        1823
        1824
        1825
        1826
        1827
        1828
        1829
        1830
        1831
